uid,variant_number,total_active_mins,active_mins_pre,active_mins_diff
0,0,43,70,-27
2,0,17,37,-20
3,0,77,108,-31
4,0,39,66,-27
6,0,26,12,14
7,0,21,34,-13
9,0,42,52,-10
10,0,127,74,53
11,0,142,96,46
13,0,17,29,-12
14,0,3,15,-12
16,0,56,9,47
18,0,2,33,-31
20,0,77,127,-50
21,0,11,25,-14
22,0,19,10,9
23,0,58,61,-3
26,0,10,17,-7
27,0,13,73,-60
28,0,270,265,5
30,0,771,726,45
31,0,42,74,-32
32,0,36,68,-32
34,0,72,79,-7
36,0,317,264,53
37,0,23,29,-6
40,0,8,5,3
41,0,97,112,-15
42,0,1,8,-7
43,0,28,22,6
44,0,67,81,-14
45,0,3,31,-28
46,0,42,35,7
47,0,10,9,1
49,0,13,4,9
53,0,35,17,18
54,0,20,27,-7
55,0,2,16,-14
56,0,68,52,16
57,0,22,31,-9
59,0,14,50,-36
61,0,3,28,-25
63,0,37,30,7
64,0,20,10,10
66,0,13,7,6
68,0,2,6,-4
70,0,29,22,7
71,0,111,76,35
72,0,38,23,15
74,0,31,54,-23
76,0,30,14,16
77,0,34,14,20
79,0,2,11,-9
82,0,26,18,8
83,0,21,24,-3
85,0,16,4,12
87,0,47,15,32
90,0,20,12,8
91,0,45,23,22
93,0,54,12,42
95,0,3,25,-22
97,0,18,49,-31
102,0,20,24,-4
103,0,512,556,-44
105,0,34,19,15
106,0,216,241,-25
107,0,46,94,-48
108,0,6,35,-29
109,0,186,157,29
110,0,33,27,6
112,0,447,452,-5
113,0,1,3,-2
114,0,13,9,4
117,0,48,12,36
118,0,20,8,12
121,0,87,102,-15
124,0,59,78,-19
125,0,6,35,-29
127,0,38,42,-4
129,0,14,33,-19
131,0,2,15,-13
133,0,11,1,10
137,0,3,2,1
138,0,3,10,-7
140,0,31,40,-9
141,0,82,124,-42
143,0,42,9,33
145,0,29,5,24
147,0,9,7,2
148,0,22,0,22
154,0,80,50,30
157,0,44,28,16
158,0,12,57,-45
159,0,13,9,4
160,0,5,8,-3
161,0,4,13,-9
162,0,88,96,-8
165,0,6,13,-7
166,0,8,7,1
167,0,17,19,-2
171,0,4,25,-21
172,0,15,23,-8
173,0,24,31,-7
175,0,102,79,23
176,0,61,50,11
177,0,30,35,-5
178,0,64,72,-8
179,0,48,74,-26
181,0,4,17,-13
183,0,21,2,19
184,0,6,36,-30
187,0,58,35,23
188,0,11,15,-4
189,0,5,1,4
192,0,54,104,-50
193,0,46,65,-19
194,0,38,49,-11
195,0,35,50,-15
198,0,30,39,-9
199,0,2,16,-14
201,0,66,79,-13
202,0,12,27,-15
203,0,5,18,-13
204,0,130,157,-27
205,0,47,4,43
206,0,64,56,8
208,0,4,0,4
210,0,442,495,-53
211,0,45,20,25
213,0,6,0,6
215,0,81,59,22
217,0,5,3,2
218,0,40,66,-26
220,0,41,35,6
222,0,8,14,-6
223,0,30,24,6
224,0,13,18,-5
226,0,99,61,38
227,0,147,149,-2
228,0,36,63,-27
231,0,211,215,-4
233,0,15,32,-17
237,0,75,76,-1
238,0,18,36,-18
239,0,15,14,1
240,0,1,2,-1
242,0,11,41,-30
245,0,3,12,-9
247,0,29,25,4
250,0,175,202,-27
252,0,20,19,1
254,0,405,400,5
256,0,54,81,-27
257,0,4,33,-29
258,0,51,96,-45
259,0,1,25,-24
262,0,75,63,12
264,0,63,65,-2
265,0,22,8,14
266,0,10,4,6
267,0,9,15,-6
269,0,61,35,26
272,0,3,3,0
275,0,2,9,-7
276,0,5,4,1
283,0,208,222,-14
286,0,20,10,10
287,0,4,10,-6
290,0,108,108,0
292,0,40,18,22
293,0,2,60,-58
295,0,19,10,9
297,0,127,92,35
299,0,71,104,-33
301,0,37,47,-10
302,0,45,75,-30
303,0,127,174,-47
305,0,17,11,6
306,0,90,86,4
308,0,45,42,3
309,0,37,59,-22
310,0,109,142,-33
313,0,5,19,-14
314,0,13,1,12
316,0,105,112,-7
319,0,164,188,-24
325,0,4,8,-4
326,0,242,291,-49
327,0,9,18,-9
328,0,28,66,-38
330,0,20,54,-34
331,0,17,21,-4
332,0,9,1,8
333,0,25,28,-3
334,0,25,41,-16
335,0,53,52,1
336,0,44,63,-19
337,0,38,32,6
341,0,2,1,1
345,0,88,67,21
346,0,118,68,50
347,0,42,63,-21
349,0,8,4,4
350,0,17,22,-5
351,0,18,40,-22
352,0,9,1,8
354,0,22,32,-10
356,0,80,70,10
357,0,48,28,20
358,0,515,561,-46
360,0,19,39,-20
362,0,16,4,12
363,0,104,164,-60
364,0,2,4,-2
368,0,51,70,-19
371,0,51,48,3
373,0,34,53,-19
374,0,9,2,7
375,0,130,122,8
376,0,15,2,13
380,0,16,30,-14
382,0,3,0,3
383,0,68,75,-7
384,0,12,18,-6
385,0,88,57,31
386,0,46,34,12
391,0,23,77,-54
392,0,83,47,36
393,0,159,131,28
395,0,14,15,-1
398,0,76,67,9
399,0,10,64,-54
402,0,194,201,-7
404,0,30,52,-22
406,0,64,22,42
409,0,2,18,-16
412,0,55,14,41
413,0,68,30,38
414,0,87,122,-35
415,0,18,21,-3
416,0,53,38,15
418,0,29,24,5
419,0,1,14,-13
421,0,146,198,-52
426,0,1,41,-40
427,0,255,235,20
431,0,2,27,-25
432,0,2,8,-6
433,0,23,17,6
435,0,21,4,17
436,0,104,70,34
438,0,149,120,29
441,0,39,51,-12
442,0,32,36,-4
443,0,85,63,22
444,0,1,39,-38
446,0,10,16,-6
449,0,4,6,-2
452,0,21,13,8
453,0,23,9,14
455,0,13,18,-5
456,0,18,40,-22
460,0,7,57,-50
461,0,46,77,-31
462,0,39,33,6
463,0,15,1,14
465,0,13,30,-17
466,0,5,16,-11
470,0,51,71,-20
471,0,4,4,0
472,0,36,7,29
473,0,107,118,-11
474,0,54,12,42
475,0,24,20,4
476,0,9,19,-10
478,0,57,74,-17
480,0,202,245,-43
481,0,25,17,8
482,0,5,27,-22
483,0,25,13,12
484,0,37,1,36
485,0,23,9,14
487,0,11,20,-9
490,0,26,44,-18
491,0,67,80,-13
492,0,111,137,-26
493,0,434,463,-29
495,0,34,49,-15
498,0,15,30,-15
499,0,50,70,-20
501,0,5,21,-16
502,0,11,20,-9
504,0,12,19,-7
506,0,31,35,-4
507,0,149,202,-53
508,0,74,26,48
509,0,1,50,-49
511,0,42,58,-16
516,0,62,25,37
517,0,20,10,10
518,0,16,8,8
519,0,1,11,-10
521,0,4,11,-7
522,0,38,72,-34
525,0,5,32,-27
526,0,9,20,-11
527,0,63,52,11
528,0,15,12,3
529,0,41,41,0
531,0,193,177,16
532,0,26,70,-44
533,0,25,20,5
535,0,110,111,-1
536,0,46,75,-29
539,0,4,27,-23
540,0,3,22,-19
542,0,277,261,16
546,0,34,22,12
547,0,91,122,-31
549,0,130,164,-34
551,0,31,73,-42
552,0,3,11,-8
554,0,27,4,23
559,0,21,25,-4
560,0,51,111,-60
562,0,1,4,-3
567,0,6,16,-10
569,0,85,86,-1
571,0,133,131,2
572,0,26,15,11
574,0,5,2,3
576,0,1,1,0
577,0,49,1,48
580,0,19,13,6
581,0,8,27,-19
582,0,4,13,-9
583,0,16,17,-1
587,0,28,33,-5
590,0,33,13,20
593,0,14,18,-4
595,0,52,52,0
596,0,112,100,12
597,0,57,91,-34
598,0,18,54,-36
599,0,61,57,4
601,0,16,29,-13
602,0,9,11,-2
603,0,76,54,22
605,0,207,247,-40
609,0,3,17,-14
611,0,81,78,3
612,0,107,84,23
613,0,14,6,8
616,0,5,2,3
617,0,132,191,-59
618,0,83,80,3
620,0,180,158,22
624,0,84,100,-16
625,0,4,7,-3
626,0,11,19,-8
628,0,32,29,3
629,0,6,22,-16
630,0,5,17,-12
632,0,43,64,-21
635,0,40,16,24
636,0,32,60,-28
637,0,200,222,-22
640,0,14,2,12
642,0,12,30,-18
643,0,8,13,-5
644,0,21,40,-19
646,0,7,2,5
647,0,35,30,5
648,0,13,18,-5
651,0,4,6,-2
652,0,23,18,5
655,0,26,4,22
656,0,3,2,1
657,0,30,35,-5
658,0,20,7,13
659,0,49,10,39
662,0,144,196,-52
663,0,70,47,23
664,0,12,32,-20
665,0,471,453,18
669,0,32,24,8
670,0,5,22,-17
671,0,3,40,-37
672,0,61,117,-56
675,0,38,25,13
677,0,128,118,10
678,0,151,161,-10
679,0,73,39,34
680,0,25,66,-41
681,0,54,64,-10
682,0,126,91,35
684,0,11,36,-25
685,0,36,79,-43
686,0,162,187,-25
687,0,111,79,32
689,0,43,82,-39
694,0,10,24,-14
695,0,2,59,-57
697,0,142,179,-37
700,0,7,68,-61
701,0,23,10,13
702,0,26,61,-35
703,0,13,73,-60
704,0,9,64,-55
705,0,90,85,5
706,0,4,3,1
708,0,63,57,6
711,0,35,43,-8
712,0,6,16,-10
715,0,27,70,-43
716,0,25,54,-29
717,0,1,15,-14
718,0,21,10,11
719,0,7,9,-2
723,0,23,36,-13
725,0,30,21,9
726,0,76,45,31
727,0,14,10,4
729,0,53,90,-37
731,0,33,28,5
734,0,27,14,13
736,0,107,72,35
737,0,18,48,-30
740,0,256,230,26
741,0,92,129,-37
742,0,54,42,12
746,0,3,45,-42
747,0,302,362,-60
748,0,42,14,28
750,0,16,3,13
751,0,9,15,-6
752,0,40,70,-30
753,0,42,14,28
754,0,16,21,-5
758,0,87,83,4
761,0,38,33,5
762,0,10,12,-2
764,0,2,5,-3
770,0,35,65,-30
775,0,37,14,23
778,0,28,80,-52
779,0,2,4,-2
781,0,50,82,-32
782,0,64,83,-19
783,0,52,27,25
785,0,34,24,10
786,0,31,27,4
787,0,55,60,-5
790,0,20,14,6
791,0,1,20,-19
793,0,99,116,-17
794,0,12,31,-19
796,0,17,18,-1
797,0,55,33,22
798,0,2,51,-49
800,0,12,10,2
801,0,32,26,6
802,0,29,26,3
804,0,2,0,2
807,0,21,5,16
808,0,16,9,7
809,0,49,72,-23
810,0,22,4,18
811,0,25,26,-1
813,0,36,67,-31
814,0,87,49,38
817,0,4,8,-4
818,0,13,46,-33
819,0,2,16,-14
821,0,4,57,-53
822,0,27,33,-6
823,0,1,38,-37
824,0,51,48,3
825,0,36,26,10
826,0,47,2,45
828,0,2,37,-35
829,0,5,5,0
832,0,200,148,52
833,0,37,22,15
834,0,200,173,27
836,0,132,136,-4
841,0,78,25,53
842,0,27,43,-16
844,0,2,2,0
846,0,32,90,-58
847,0,80,68,12
851,0,12,40,-28
852,0,23,29,-6
855,0,39,13,26
858,0,4,40,-36
859,0,10,1,9
861,0,5,6,-1
862,0,18,23,-5
863,0,61,75,-14
864,0,37,69,-32
867,0,39,94,-55
868,0,1,7,-6
872,0,8,22,-14
873,0,3,13,-10
874,0,22,33,-11
875,0,8,4,4
876,0,27,70,-43
878,0,74,118,-44
879,0,71,122,-51
880,0,112,71,41
881,0,18,26,-8
883,0,27,52,-25
885,0,11,47,-36
890,0,34,21,13
892,0,4,10,-6
893,0,124,93,31
896,0,2,4,-2
898,0,67,36,31
899,0,15,44,-29
900,0,210,215,-5
901,0,3,19,-16
902,0,21,55,-34
903,0,55,19,36
904,0,42,17,25
905,0,32,63,-31
906,0,74,131,-57
907,0,1758,1746,12
908,0,3,27,-24
910,0,12,49,-37
911,0,168,140,28
912,0,59,34,25
914,0,42,54,-12
918,0,7,42,-35
919,0,20,23,-3
920,0,57,64,-7
921,0,2,3,-1
922,0,1,16,-15
923,0,79,30,49
924,0,823,880,-57
926,0,40,73,-33
927,0,24,45,-21
928,0,72,70,2
931,0,18,26,-8
933,0,37,29,8
934,0,59,53,6
935,0,5,25,-20
936,0,6,6,0
938,0,3,9,-6
941,0,31,46,-15
946,0,50,108,-58
948,0,4,10,-6
950,0,15,26,-11
954,0,16,4,12
955,0,15,6,9
956,0,29,54,-25
957,0,178,144,34
958,0,45,60,-15
959,0,10,41,-31
961,0,156,134,22
962,0,18,27,-9
963,0,80,28,52
964,0,57,22,35
965,0,48,19,29
970,0,10,21,-11
971,0,369,363,6
972,0,18,20,-2
973,0,28,59,-31
974,0,36,67,-31
978,0,103,133,-30
979,0,16,41,-25
980,0,9,6,3
983,0,488,526,-38
984,0,88,49,39
985,0,8,15,-7
987,0,6,16,-10
988,0,38,74,-36
991,0,8,19,-11
992,0,38,26,12
993,0,11,22,-11
994,0,11,27,-16
995,0,1,62,-61
998,0,49,39,10
999,0,68,30,38
1001,0,5,13,-8
1002,0,1,3,-2
1006,0,4,58,-54
1008,0,24,3,21
1009,0,15,75,-60
1012,0,9,1,8
1013,0,81,67,14
1014,0,213,223,-10
1016,0,11,28,-17
1017,0,16,41,-25
1018,0,11,9,2
1019,0,11,12,-1
1020,0,15,37,-22
1024,0,33,52,-19
1026,0,53,110,-57
1030,0,1188,1222,-34
1032,0,5,2,3
1033,0,65,94,-29
1034,0,88,138,-50
1038,0,18,14,4
1039,0,2105,2158,-53
1040,0,27,38,-11
1043,0,90,39,51
1046,0,11,19,-8
1051,0,20,27,-7
1052,0,20,26,-6
1054,0,29,21,8
1055,0,8,62,-54
1056,0,4,4,0
1057,0,170,182,-12
1058,0,12,25,-13
1060,0,76,32,44
1061,0,91,69,22
1066,0,2,5,-3
1068,0,3,6,-3
1074,0,2,35,-33
1075,0,90,76,14
1076,0,12,29,-17
1078,0,5,51,-46
1079,0,6,4,2
1082,0,25,4,21
1083,0,13,33,-20
1084,0,59,40,19
1085,0,9,3,6
1086,0,173,189,-16
1089,0,8,12,-4
1091,0,4,4,0
1092,0,4,1,3
1094,0,20,1,19
1095,0,31,68,-37
1097,0,11,5,6
1098,0,66,57,9
1099,0,20,10,10
1100,0,8,30,-22
1101,0,6,12,-6
1102,0,111,64,47
1103,0,15,37,-22
1104,0,3,3,0
1105,0,22,20,2
1108,0,13,19,-6
1110,0,111,130,-19
1111,0,22,20,2
1112,0,8,17,-9
1113,0,2,17,-15
1116,0,3,58,-55
1119,0,34,87,-53
1121,0,15,13,2
1122,0,27,42,-15
1126,0,10,21,-11
1127,0,11,10,1
1129,0,25,11,14
1131,0,10,6,4
1132,0,41,34,7
1133,0,15,17,-2
1135,0,18,5,13
1137,0,36,44,-8
1139,0,33,17,16
1141,0,9,15,-6
1143,0,8,18,-10
1144,0,32,55,-23
1145,0,6,23,-17
1146,0,1,7,-6
1148,0,91,105,-14
1150,0,53,89,-36
1151,0,1,5,-4
1152,0,47,20,27
1154,0,36,39,-3
1155,0,64,15,49
1156,0,15,4,11
1160,0,18,9,9
1162,0,2,11,-9
1163,0,115,138,-23
1164,0,37,18,19
1165,0,21,26,-5
1168,0,1,4,-3
1170,0,16,2,14
1173,0,20,56,-36
1174,0,5,36,-31
1175,0,176,221,-45
1176,0,19,20,-1
1178,0,883,913,-30
1181,0,61,42,19
1184,0,3,28,-25
1189,0,54,27,27
1190,0,5,43,-38
1191,0,30,23,7
1193,0,3,50,-47
1195,0,17,67,-50
1198,0,8,17,-9
1199,0,19,39,-20
1200,0,21,29,-8
1203,0,58,56,2
1208,0,24,5,19
1209,0,14,14,0
1211,0,5,10,-5
1212,0,1,5,-4
1213,0,7,43,-36
1214,0,20,32,-12
1215,0,25,33,-8
1216,0,253,208,45
1217,0,3,12,-9
1218,0,23,27,-4
1220,0,4,24,-20
1222,0,16,19,-3
1223,0,71,69,2
1227,0,42,12,30
1230,0,11,13,-2
1231,0,61,112,-51
1235,0,9,3,6
1236,0,11,13,-2
1237,0,3,8,-5
1239,0,16,77,-61
1240,0,198,230,-32
1243,0,22,20,2
1244,0,106,105,1
1245,0,1,1,0
1246,0,9,59,-50
1250,0,26,37,-11
1251,0,15,25,-10
1254,0,158,105,53
1257,0,4,11,-7
1258,0,18,7,11
1259,0,49,34,15
1264,0,65,71,-6
1267,0,2,14,-12
1268,0,8,14,-6
1269,0,41,2,39
1270,0,58,82,-24
1278,0,5,33,-28
1279,0,4,2,2
1280,0,69,43,26
1281,0,24,3,21
1286,0,66,28,38
1287,0,19,45,-26
1288,0,131,187,-56
1290,0,36,15,21
1293,0,626,584,42
1294,0,62,93,-31
1296,0,4,7,-3
1297,0,5,6,-1
1298,0,65,33,32
1301,0,152,112,40
1303,0,7,5,2
1304,0,26,43,-17
1306,0,2,10,-8
1307,0,32,78,-46
1309,0,11,16,-5
1310,0,22,27,-5
1312,0,30,55,-25
1314,0,129,149,-20
1315,0,40,86,-46
1316,0,18,40,-22
1319,0,54,73,-19
1320,0,3,5,-2
1322,0,14,14,0
1323,0,48,47,1
1324,0,24,5,19
1326,0,60,34,26
1327,0,72,89,-17
1331,0,8,58,-50
1332,0,23,4,19
1341,0,47,68,-21
1342,0,30,72,-42
1344,0,8,53,-45
1345,0,33,27,6
1346,0,31,9,22
1347,0,4,20,-16
1350,0,10,30,-20
1351,0,41,59,-18
1352,0,15,15,0
1354,0,9,15,-6
1356,0,4,19,-15
1360,0,5,18,-13
1361,0,22,48,-26
1363,0,33,44,-11
1365,0,116,157,-41
1366,0,15,18,-3
1368,0,40,21,19
1369,0,21,10,11
1370,0,22,11,11
1371,0,17,62,-45
1374,0,50,19,31
1376,0,3,9,-6
1377,0,14,20,-6
1379,0,12,35,-23
1381,0,4,0,4
1385,0,14,63,-49
1386,0,66,102,-36
1387,0,63,12,51
1388,0,32,62,-30
1391,0,33,54,-21
1392,0,3,12,-9
1395,0,24,14,10
1397,0,20,30,-10
1399,0,12,11,1
1400,0,5,6,-1
1401,0,32,2,30
1402,0,17,6,11
1404,0,2,9,-7
1405,0,28,34,-6
1406,0,1,12,-11
1407,0,8,10,-2
1408,0,30,63,-33
1409,0,21,21,0
1411,0,5,8,-3
1413,0,2,3,-1
1415,0,29,32,-3
1416,0,34,85,-51
1419,0,67,96,-29
1420,0,24,0,24
1421,0,173,167,6
1423,0,19,41,-22
1427,0,44,73,-29
1428,0,1,26,-25
1430,0,46,35,11
1431,0,33,17,16
1435,0,34,25,9
1436,0,20,8,12
1439,0,36,56,-20
1440,0,4,7,-3
1441,0,44,53,-9
1442,0,11,32,-21
1443,0,2,14,-12
1445,0,63,22,41
1446,0,25,25,0
1449,0,47,62,-15
1453,0,30,43,-13
1457,0,11,21,-10
1458,0,77,47,30
1460,0,1,22,-21
1461,0,42,62,-20
1463,0,95,108,-13
1467,0,12,48,-36
1468,0,11,9,2
1469,0,38,32,6
1473,0,14,34,-20
1474,0,4,4,0
1476,0,18,35,-17
1477,0,10,30,-20
1478,0,27,6,21
1480,0,3,16,-13
1482,0,20,22,-2
1485,0,36,1,35
1486,0,8,10,-2
1487,0,70,56,14
1488,0,77,51,26
1490,0,119,108,11
1491,0,8,15,-7
1492,0,50,66,-16
1494,0,12,37,-25
1496,0,7,26,-19
1497,0,51,28,23
1498,0,46,51,-5
1499,0,13,68,-55
1502,0,34,24,10
1503,0,26,24,2
1505,0,13,16,-3
1506,0,11,59,-48
1508,0,32,7,25
1509,0,49,94,-45
1510,0,129,126,3
1515,0,77,90,-13
1516,0,57,49,8
1517,0,8,2,6
1518,0,10,18,-8
1519,0,9,16,-7
1520,0,17,33,-16
1521,0,14,16,-2
1522,0,50,47,3
1523,0,8,8,0
1525,0,10,56,-46
1526,0,33,57,-24
1527,0,13,23,-10
1529,0,25,18,7
1531,0,96,72,24
1533,0,26,41,-15
1534,0,59,48,11
1536,0,7,26,-19
1537,0,50,58,-8
1538,0,2,1,1
1539,0,4,9,-5
1540,0,5,4,1
1541,0,103,52,51
1544,0,69,75,-6
1545,0,31,15,16
1547,0,8,61,-53
1549,0,1,13,-12
1552,0,54,23,31
1555,0,24,82,-58
1557,0,25,11,14
1559,0,41,37,4
1560,0,1,4,-3
1561,0,41,11,30
1563,0,60,107,-47
1564,0,30,19,11
1566,0,21,27,-6
1568,0,24,54,-30
1570,0,59,52,7
1571,0,10,8,2
1573,0,72,24,48
1574,0,8,20,-12
1576,0,21,10,11
1577,0,39,54,-15
1580,0,108,80,28
1581,0,24,26,-2
1582,0,12,8,4
1584,0,17,16,1
1585,0,273,264,9
1586,0,28,24,4
1587,0,103,97,6
1588,0,88,103,-15
1591,0,10,9,1
1594,0,11,42,-31
1595,0,660,704,-44
1596,0,20,26,-6
1598,0,42,9,33
1601,0,24,9,15
1603,0,36,12,24
1605,0,556,520,36
1610,0,94,126,-32
1614,0,43,22,21
1615,0,21,38,-17
1616,0,160,129,31
1617,0,37,51,-14
1618,0,295,287,8
1619,0,47,62,-15
1621,0,57,53,4
1622,0,60,50,10
1623,0,115,80,35
1624,0,3,18,-15
1625,0,69,93,-24
1628,0,4,27,-23
1629,0,28,36,-8
1631,0,5,2,3
1634,0,5,4,1
1636,0,31,21,10
1637,0,59,92,-33
1638,0,1,1,0
1639,0,15,30,-15
1642,0,22,35,-13
1643,0,85,129,-44
1644,0,127,117,10
1646,0,89,63,26
1647,0,121,165,-44
1648,0,16,7,9
1649,0,2,25,-23
1650,0,16,28,-12
1651,0,20,25,-5
1655,0,205,173,32
1656,0,6,2,4
1658,0,30,21,9
1663,0,5,33,-28
1664,0,45,14,31
1665,0,19,17,2
1666,0,679,706,-27
1668,0,7,4,3
1670,0,255,205,50
1672,0,17,31,-14
1674,0,10,27,-17
1676,0,62,33,29
1678,0,7,11,-4
1681,0,94,44,50
1682,0,93,114,-21
1684,0,1,0,1
1685,0,70,33,37
1686,0,21,16,5
1689,0,30,13,17
1690,0,58,55,3
1691,0,59,18,41
1693,0,1,6,-5
1694,0,103,73,30
1695,0,35,69,-34
1696,0,50,28,22
1698,0,29,12,17
1699,0,96,49,47
1700,0,7,19,-12
1701,0,69,55,14
1704,0,33,73,-40
1706,0,86,116,-30
1707,0,16,60,-44
1710,0,58,119,-61
1711,0,70,45,25
1714,0,155,160,-5
1716,0,2,3,-1
1717,0,97,64,33
1718,0,31,14,17
1719,0,3,16,-13
1720,0,18,29,-11
1722,0,143,173,-30
1723,0,522,581,-59
1725,0,372,353,19
1726,0,78,72,6
1727,0,3,2,1
1728,0,6,21,-15
1729,0,42,25,17
1730,0,29,53,-24
1734,0,138,167,-29
1735,0,35,47,-12
1736,0,4,17,-13
1739,0,4,8,-4
1740,0,6,6,0
1741,0,4,15,-11
1743,0,4,11,-7
1746,0,68,19,49
1747,0,26,64,-38
1749,0,1,1,0
1750,0,4,6,-2
1751,0,45,74,-29
1753,0,23,40,-17
1757,0,12,7,5
1763,0,2,2,0
1765,0,7,20,-13
1766,0,1,17,-16
1767,0,62,56,6
1771,0,83,44,39
1772,0,10,56,-46
1774,0,61,21,40
1775,0,23,6,17
1776,0,1,2,-1
1777,0,8,35,-27
1780,0,27,67,-40
1782,0,152,113,39
1784,0,88,98,-10
1787,0,193,183,10
1788,0,63,36,27
1789,0,11,30,-19
1790,0,11,26,-15
1792,0,1167,1149,18
1793,0,6,23,-17
1795,0,10,32,-22
1796,0,3,2,1
1801,0,27,28,-1
1802,0,62,71,-9
1804,0,14,14,0
1805,0,212,229,-17
1806,0,15,57,-42
1807,0,82,75,7
1808,0,26,10,16
1809,0,108,89,19
1812,0,53,50,3
1813,0,1,9,-8
1815,0,83,41,42
1822,0,36,16,20
1823,0,14,35,-21
1826,0,7,40,-33
1829,0,5,5,0
1830,0,16,13,3
1832,0,20,16,4
1836,0,41,64,-23
1837,0,33,29,4
1838,0,68,49,19
1839,0,1,24,-23
1840,0,49,9,40
1841,0,33,19,14
1842,0,106,121,-15
1844,0,3,3,0
1845,0,29,29,0
1847,0,7,33,-26
1848,0,7,0,7
1849,0,40,30,10
1851,0,15,44,-29
1852,0,8,5,3
1854,0,23,22,1
1856,0,66,34,32
1857,0,25,22,3
1858,0,1,11,-10
1859,0,47,67,-20
1860,0,5,2,3
1861,0,29,69,-40
1864,0,5,0,5
1865,0,34,13,21
1866,0,35,86,-51
1867,0,53,18,35
1868,0,25,23,2
1869,0,23,72,-49
1871,0,8,28,-20
1872,0,18,12,6
1874,0,31,47,-16
1876,0,21,70,-49
1877,0,86,55,31
1878,0,3,12,-9
1879,0,23,28,-5
1880,0,4,12,-8
1886,0,5,7,-2
1888,0,26,14,12
1889,0,109,123,-14
1890,0,11,30,-19
1891,0,133,159,-26
1897,0,48,75,-27
1898,0,22,23,-1
1899,0,48,20,28
1902,0,1,3,-2
1904,0,1,4,-3
1907,0,13,61,-48
1910,0,76,48,28
1911,0,4,1,3
1912,0,78,134,-56
1915,0,3,2,1
1917,0,6,10,-4
1921,0,38,62,-24
1923,0,80,92,-12
1924,0,149,159,-10
1925,0,15,37,-22
1926,0,24,25,-1
1928,0,1015,967,48
1929,0,137,92,45
1930,0,60,38,22
1932,0,105,109,-4
1933,0,10,16,-6
1937,0,16,25,-9
1939,0,3,14,-11
1941,0,54,94,-40
1943,0,8,12,-4
1945,0,123,144,-21
1946,0,35,4,31
1948,0,230,234,-4
1949,0,8,17,-9
1950,0,15,9,6
1952,0,71,66,5
1954,0,29,18,11
1955,0,15,54,-39
1956,0,300,277,23
1958,0,16,3,13
1964,0,239,219,20
1966,0,2,3,-1
1968,0,26,65,-39
1970,0,3,4,-1
1971,0,7,38,-31
1973,0,14,12,2
1974,0,20,45,-25
1975,0,6,14,-8
1976,0,64,54,10
1978,0,2,19,-17
1979,0,2,15,-13
1981,0,582,575,7
1982,0,7,16,-9
1983,0,15,4,11
1984,0,33,60,-27
1986,0,17,6,11
1989,0,193,167,26
1990,0,68,83,-15
1994,0,36,14,22
1995,0,22,75,-53
1998,0,104,146,-42
2000,0,8,8,0
2002,0,24,70,-46
2004,0,35,17,18
2005,0,141,134,7
2008,0,13,20,-7
2011,0,21,66,-45
2013,0,45,15,30
2014,0,81,105,-24
2018,0,8,15,-7
2019,0,151,167,-16
2020,0,31,9,22
2021,0,10,16,-6
2022,0,18,26,-8
2026,0,49,77,-28
2027,0,38,13,25
2028,0,26,12,14
2030,0,23,13,10
2032,0,362,400,-38
2033,0,10,12,-2
2035,0,97,72,25
2036,0,39,20,19
2037,0,17,34,-17
2041,0,65,113,-48
2042,0,20,10,10
2043,0,21,32,-11
2044,0,72,67,5
2045,0,44,64,-20
2048,0,19,23,-4
2049,0,19,50,-31
2050,0,1,1,0
2057,0,73,116,-43
2058,0,8,32,-24
2059,0,9,33,-24
2060,0,2,8,-6
2062,0,4,15,-11
2064,0,2,2,0
2065,0,44,15,29
2066,0,17,11,6
2067,0,4,17,-13
2071,0,6,42,-36
2072,0,34,38,-4
2073,0,4,9,-5
2076,0,20,69,-49
2077,0,35,5,30
2078,0,66,28,38
2080,0,66,33,33
2081,0,1,8,-7
2082,0,15,10,5
2084,0,973,992,-19
2088,0,201,168,33
2089,0,2,4,-2
2090,0,5,14,-9
2091,0,41,23,18
2096,0,44,80,-36
2097,0,37,87,-50
2100,0,1,36,-35
2101,0,46,28,18
2102,0,73,114,-41
2104,0,8,10,-2
2105,0,108,102,6
2106,0,514,519,-5
2107,0,8,28,-20
2110,0,32,39,-7
2114,0,112,153,-41
2116,0,10,16,-6
2118,0,279,268,11
2120,0,6,6,0
2121,0,1,32,-31
2124,0,1,41,-40
2125,0,100,129,-29
2126,0,63,29,34
2129,0,5,9,-4
2131,0,11,32,-21
2133,0,11,15,-4
2135,0,71,109,-38
2136,0,135,105,30
2138,0,1202,1175,27
2139,0,3,38,-35
2140,0,2,1,1
2141,0,34,26,8
2142,0,2,2,0
2143,0,4,4,0
2144,0,23,23,0
2145,0,79,84,-5
2148,0,5,3,2
2149,0,3,0,3
2152,0,40,25,15
2153,0,284,302,-18
2155,0,156,129,27
2156,0,130,180,-50
2158,0,8,65,-57
2161,0,11,1,10
2163,0,4,21,-17
2164,0,112,77,35
2165,0,21,15,6
2167,0,87,48,39
2168,0,29,12,17
2170,0,9,8,1
2172,0,4,10,-6
2173,0,5,6,-1
2174,0,50,106,-56
2177,0,9,16,-7
2178,0,24,39,-15
2181,0,227,202,25
2182,0,40,14,26
2184,0,69,33,36
2186,0,11,24,-13
2187,0,29,63,-34
2189,0,46,35,11
2190,0,255,273,-18
2192,0,40,36,4
2194,0,73,55,18
2195,0,51,66,-15
2198,0,9,16,-7
2199,0,59,65,-6
2200,0,5,6,-1
2201,0,162,120,42
2202,0,85,94,-9
2203,0,74,42,32
2204,0,29,53,-24
2208,0,20,1,19
2209,0,82,104,-22
2211,0,3,44,-41
2213,0,19,29,-10
2214,0,3,11,-8
2215,0,44,24,20
2217,0,122,115,7
2220,0,102,55,47
2221,0,11,3,8
2222,0,10,25,-15
2224,0,44,65,-21
2225,0,10,14,-4
2226,0,9,32,-23
2229,0,4,2,2
2231,0,15,40,-25
2233,0,7,15,-8
2235,0,4,6,-2
2238,0,5,6,-1
2239,0,3,3,0
2240,0,13,9,4
2246,0,22,30,-8
2249,0,91,118,-27
2250,0,5,24,-19
2252,0,703,679,24
2254,0,5,1,4
2262,0,15,4,11
2263,0,81,29,52
2264,0,14,12,2
2265,0,11,35,-24
2268,0,469,523,-54
2270,0,25,39,-14
2272,0,9,67,-58
2275,0,9,23,-14
2276,0,34,51,-17
2277,0,5,10,-5
2278,0,25,52,-27
2280,0,45,74,-29
2281,0,102,162,-60
2283,0,36,30,6
2285,0,33,60,-27
2287,0,48,47,1
2288,0,6,12,-6
2289,0,50,51,-1
2290,0,2,59,-57
2291,0,31,53,-22
2292,0,22,15,7
2293,0,2,11,-9
2294,0,2,38,-36
2295,0,45,24,21
2297,0,67,44,23
2298,0,21,12,9
2299,0,51,52,-1
2300,0,609,574,35
2303,0,7,30,-23
2305,0,1,9,-8
2308,0,7,3,4
2311,0,83,138,-55
2312,0,1,19,-18
2313,0,167,224,-57
2316,0,10,9,1
2317,0,61,22,39
2318,0,13,11,2
2319,0,27,63,-36
2320,0,231,244,-13
2321,0,28,26,2
2326,0,22,23,-1
2327,0,97,73,24
2329,0,16,16,0
2330,0,10,5,5
2331,0,22,57,-35
2332,0,51,69,-18
2333,0,10,42,-32
2334,0,26,23,3
2335,0,3,11,-8
2337,0,56,111,-55
2338,0,69,84,-15
2339,0,65,17,48
2340,0,20,26,-6
2341,0,25,40,-15
2343,0,253,296,-43
2344,0,20,8,12
2346,0,23,34,-11
2348,0,2,1,1
2349,0,276,284,-8
2350,0,18,7,11
2351,0,70,82,-12
2353,0,155,157,-2
2357,0,82,33,49
2358,0,18,21,-3
2359,0,280,291,-11
2360,0,25,1,24
2361,0,4,1,3
2362,0,94,93,1
2364,0,33,55,-22
2365,0,9,1,8
2368,0,12,23,-11
2369,0,2,43,-41
2370,0,1,16,-15
2371,0,33,40,-7
2373,0,11,10,1
2374,0,71,40,31
2375,0,119,109,10
2376,0,27,15,12
2379,0,2,19,-17
2380,0,11,8,3
2381,0,11,59,-48
2382,0,11,1,10
2383,0,32,61,-29
2384,0,18,17,1
2385,0,286,328,-42
2386,0,169,158,11
2387,0,43,26,17
2389,0,61,53,8
2390,0,21,82,-61
2391,0,49,106,-57
2392,0,44,32,12
2397,0,604,608,-4
2399,0,73,42,31
2400,0,15,6,9
2401,0,19,78,-59
2402,0,72,84,-12
2403,0,29,34,-5
2408,0,71,48,23
2409,0,25,46,-21
2410,0,18,65,-47
2411,0,11,18,-7
2414,0,49,40,9
2416,0,8,45,-37
2418,0,29,23,6
2421,0,60,102,-42
2424,0,5,25,-20
2426,0,7,32,-25
2428,0,12,5,7
2431,0,20,29,-9
2434,0,27,34,-7
2435,0,3,2,1
2436,0,42,83,-41
2437,0,596,577,19
2438,0,11,29,-18
2440,0,47,22,25
2444,0,29,24,5
2445,0,14,8,6
2446,0,34,44,-10
2447,0,22,27,-5
2448,0,25,24,1
2449,0,84,53,31
2451,0,57,59,-2
2452,0,4,5,-1
2453,0,59,48,11
2455,0,41,21,20
2456,0,14,75,-61
2457,0,32,26,6
2459,0,48,26,22
2461,0,51,68,-17
2462,0,95,95,0
2463,0,100,142,-42
2464,0,40,47,-7
2465,0,6,33,-27
2468,0,4,9,-5
2472,0,4,4,0
2473,0,12,18,-6
2474,0,14,3,11
2475,0,5,3,2
2476,0,2,39,-37
2477,0,3,5,-2
2478,0,18,48,-30
2480,0,43,22,21
2481,0,21,17,4
2482,0,29,24,5
2483,0,89,95,-6
2484,0,47,58,-11
2485,0,201,201,0
2487,0,3,17,-14
2492,0,13,10,3
2495,0,277,257,20
2496,0,22,25,-3
2497,0,1,29,-28
2498,0,3,21,-18
2499,0,34,40,-6
2500,0,2,19,-17
2501,0,231,197,34
2503,0,29,29,0
2505,0,4474,4473,1
2506,0,12,62,-50
2508,0,15,70,-55
2509,0,87,122,-35
2510,0,25,46,-21
2511,0,100,114,-14
2514,0,7,49,-42
2515,0,7,6,1
2516,0,64,32,32
2518,0,20,37,-17
2521,0,1,19,-18
2522,0,15,22,-7
2528,0,20,69,-49
2529,0,11,20,-9
2530,0,55,41,14
2532,0,46,16,30
2533,0,60,24,36
2534,0,1,15,-14
2535,0,294,287,7
2536,0,11,21,-10
2538,0,44,9,35
2539,0,50,32,18
2540,0,4,19,-15
2541,0,51,36,15
2543,0,4,31,-27
2545,0,22,29,-7
2546,0,21,12,9
2547,0,3,7,-4
2548,0,51,44,7
2549,0,101,130,-29
2550,0,51,68,-17
2551,0,368,359,9
2553,0,5,26,-21
2556,0,69,69,0
2557,0,92,44,48
2558,0,153,138,15
2559,0,74,71,3
2562,0,2,29,-27
2563,0,22,76,-54
2564,0,9,33,-24
2568,0,86,47,39
2573,0,134,87,47
2574,0,15,1,14
2575,0,29,56,-27
2576,0,68,18,50
2577,0,21,25,-4
2580,0,22,25,-3
2581,0,15,20,-5
2585,0,15,3,12
2587,0,103,164,-61
2589,0,19,27,-8
2590,0,28,57,-29
2591,0,46,53,-7
2592,0,3,3,0
2593,0,9,32,-23
2594,0,144,178,-34
2595,0,27,19,8
2596,0,3,9,-6
2597,0,29,68,-39
2601,0,99,101,-2
2602,0,34,6,28
2606,0,89,131,-42
2610,0,98,124,-26
2614,0,25,20,5
2615,0,27,40,-13
2616,0,60,21,39
2618,0,27,32,-5
2620,0,18,37,-19
2623,0,5,22,-17
2624,0,29,2,27
2627,0,55,26,29
2631,0,304,300,4
2632,0,173,157,16
2633,0,67,17,50
2636,0,7,14,-7
2642,0,15,17,-2
2644,0,36,22,14
2645,0,9,26,-17
2646,0,2,4,-2
2647,0,83,138,-55
2648,0,37,19,18
2653,0,54,47,7
2654,0,35,27,8
2655,0,10,7,3
2656,0,16,4,12
2657,0,23,33,-10
2658,0,22,7,15
2659,0,11,3,8
2660,0,1,1,0
2662,0,70,23,47
2663,0,14,38,-24
2667,0,15,3,12
2670,0,68,24,44
2671,0,6,18,-12
2672,0,132,102,30
2677,0,41,96,-55
2678,0,246,208,38
2680,0,5,10,-5
2681,0,18,19,-1
2683,0,5,31,-26
2685,0,21,77,-56
2686,0,5,28,-23
2688,0,99,52,47
2689,0,164,192,-28
2691,0,54,22,32
2692,0,23,8,15
2695,0,95,127,-32
2696,0,19,25,-6
2697,0,27,36,-9
2703,0,21,26,-5
2704,0,129,167,-38
2706,0,21,39,-18
2711,0,1,4,-3
2712,0,17,22,-5
2713,0,57,46,11
2715,0,74,20,54
2716,0,15,45,-30
2718,0,7,66,-59
2719,0,1,30,-29
2720,0,4,3,1
2722,0,6,1,5
2726,0,3,10,-7
2727,0,51,56,-5
2728,0,205,264,-59
2730,0,135,173,-38
2733,0,6,31,-25
2734,0,103,115,-12
2736,0,98,60,38
2737,0,27,27,0
2738,0,75,61,14
2739,0,11,23,-12
2740,0,18,31,-13
2744,0,77,84,-7
2746,0,26,12,14
2749,0,16,12,4
2752,0,114,106,8
2755,0,31,33,-2
2757,0,26,25,1
2758,0,56,24,32
2759,0,79,97,-18
2760,0,8,24,-16
2761,0,6,65,-59
2764,0,4,24,-20
2765,0,81,28,53
2766,0,42,23,19
2767,0,9,4,5
2770,0,43,30,13
2771,0,4,6,-2
2776,0,12,14,-2
2777,0,10,31,-21
2779,0,104,68,36
2780,0,9,6,3
2781,0,129,188,-59
2785,0,42,29,13
2790,0,18,27,-9
2791,0,134,113,21
2795,0,11,35,-24
2797,0,1,6,-5
2798,0,32,54,-22
2800,0,31,47,-16
2804,0,8,19,-11
2806,0,24,21,3
2809,0,99,48,51
2811,0,23,30,-7
2814,0,19,41,-22
2816,0,45,8,37
2818,0,22,4,18
2819,0,1,3,-2
2824,0,1,0,1
2825,0,125,79,46
2826,0,25,18,7
2827,0,17,2,15
2828,0,51,89,-38
2832,0,5,9,-4
2833,0,9,2,7
2834,0,50,63,-13
2835,0,9,49,-40
2836,0,160,187,-27
2837,0,1,1,0
2838,0,56,14,42
2841,0,95,48,47
2843,0,40,38,2
2844,0,2,3,-1
2847,0,24,16,8
2848,0,63,28,35
2849,0,240,239,1
2850,0,287,260,27
2852,0,23,37,-14
2853,0,169,184,-15
2854,0,1,12,-11
2857,0,10,13,-3
2858,0,9,23,-14
2859,0,3,45,-42
2860,0,26,44,-18
2862,0,20,18,2
2863,0,2,4,-2
2864,0,61,16,45
2865,0,43,21,22
2866,0,9,13,-4
2867,0,85,82,3
2869,0,12,12,0
2871,0,93,115,-22
2881,0,35,38,-3
2882,0,5,3,2
2883,0,27,59,-32
2885,0,11,10,1
2886,0,4,7,-3
2887,0,78,88,-10
2888,0,6,9,-3
2889,0,8,34,-26
2893,0,41,64,-23
2895,0,14,55,-41
2897,0,86,128,-42
2900,0,178,236,-58
2902,0,15,12,3
2906,0,13,20,-7
2907,0,11,40,-29
2908,0,72,28,44
2909,0,3,2,1
2910,0,24,40,-16
2912,0,106,112,-6
2913,0,5,10,-5
2915,0,23,29,-6
2916,0,12,33,-21
2917,0,26,11,15
2918,0,14,24,-10
2921,0,23,50,-27
2922,0,30,30,0
2924,0,58,113,-55
2925,0,15,71,-56
2927,0,1,7,-6
2928,0,59,34,25
2929,0,18,3,15
2932,0,43,8,35
2933,0,72,98,-26
2934,0,9,17,-8
2935,0,8,4,4
2936,0,33,53,-20
2939,0,42,18,24
2941,0,13,31,-18
2942,0,12,12,0
2943,0,36,3,33
2945,0,46,19,27
2949,0,36,15,21
2950,0,10,16,-6
2951,0,4,14,-10
2952,0,37,26,11
2954,0,6,9,-3
2956,0,7,21,-14
2959,0,44,62,-18
2961,0,16,26,-10
2962,0,14,10,4
2966,0,4,19,-15
2968,0,3,7,-4
2969,0,26,16,10
2970,0,11,20,-9
2971,0,7,5,2
2973,0,28,47,-19
2975,0,91,136,-45
2976,0,34,10,24
2977,0,18,8,10
2978,0,11,4,7
2980,0,14,3,11
2981,0,12,6,6
2982,0,33,68,-35
2983,0,20,81,-61
2984,0,34,54,-20
2985,0,23,53,-30
2987,0,37,55,-18
2988,0,130,86,44
2989,0,3,8,-5
2992,0,18,2,16
2993,0,28,24,4
2995,0,4,22,-18
2996,0,24,33,-9
2997,0,41,34,7
2999,0,62,89,-27
3000,0,21,19,2
3004,0,6,4,2
3005,0,4,9,-5
3006,0,25,30,-5
3008,0,36,92,-56
3010,0,65,124,-59
3012,0,52,53,-1
3013,0,5,15,-10
3015,0,34,10,24
3016,0,14,37,-23
3018,0,24,11,13
3019,0,21,24,-3
3020,0,39,38,1
3022,0,56,41,15
3024,0,6,12,-6
3027,0,8,18,-10
3028,0,45,14,31
3032,0,18,24,-6
3033,0,17,7,10
3034,0,22,16,6
3036,0,4,10,-6
3037,0,73,28,45
3039,0,22,13,9
3040,0,23,9,14
3041,0,18,25,-7
3043,0,62,38,24
3045,0,10,7,3
3049,0,34,57,-23
3052,0,9,8,1
3053,0,18,17,1
3054,0,9,23,-14
3056,0,32,67,-35
3058,0,42,27,15
3059,0,48,33,15
3060,0,49,90,-41
3061,0,32,68,-36
3062,0,117,119,-2
3063,0,123,97,26
3068,0,13,20,-7
3069,0,12,26,-14
3071,0,147,136,11
3072,0,16,23,-7
3073,0,3,63,-60
3075,0,62,69,-7
3076,0,11,13,-2
3078,0,4,28,-24
3079,0,100,120,-20
3081,0,14,1,13
3082,0,4,3,1
3083,0,56,111,-55
3084,0,40,39,1
3085,0,16,38,-22
3086,0,164,122,42
3087,0,31,24,7
3088,0,7,57,-50
3089,0,34,25,9
3090,0,30,11,19
3092,0,17,33,-16
3093,0,197,155,42
3096,0,10,18,-8
3097,0,27,75,-48
3098,0,337,385,-48
3100,0,10,14,-4
3101,0,16,6,10
3103,0,46,47,-1
3105,0,2,8,-6
3106,0,7,1,6
3108,0,19,37,-18
3109,0,104,57,47
3111,0,23,41,-18
3112,0,72,92,-20
3113,0,4,19,-15
3114,0,7,44,-37
3118,0,44,50,-6
3120,0,3,2,1
3121,0,11,58,-47
3122,0,269,305,-36
3123,0,222,198,24
3126,0,5,5,0
3127,0,30,67,-37
3128,0,108,126,-18
3130,0,53,30,23
3132,0,54,79,-25
3133,0,12,42,-30
3134,0,5,2,3
3135,0,116,118,-2
3136,0,18,72,-54
3137,0,5,4,1
3138,0,27,81,-54
3142,0,2338,2359,-21
3144,0,22,33,-11
3145,0,12,18,-6
3146,0,5,22,-17
3147,0,76,101,-25
3148,0,27,53,-26
3149,0,3,12,-9
3150,0,5,18,-13
3151,0,10,51,-41
3152,0,6,17,-11
3153,0,134,139,-5
3154,0,31,29,2
3156,0,40,2,38
3157,0,34,47,-13
3159,0,99,70,29
3163,0,5,11,-6
3164,0,33,23,10
3168,0,169,169,0
3169,0,38,88,-50
3171,0,18,31,-13
3173,0,87,63,24
3174,0,98,86,12
3176,0,70,43,27
3177,0,32,56,-24
3179,0,19,51,-32
3182,0,22,18,4
3184,0,2,13,-11
3187,0,10,25,-15
3189,0,51,24,27
3190,0,39,13,26
3192,0,94,102,-8
3193,0,26,8,18
3194,0,2,3,-1
3196,0,53,19,34
3197,0,23,33,-10
3198,0,54,96,-42
3200,0,67,36,31
3201,0,21,7,14
3203,0,26,77,-51
3205,0,14,28,-14
3206,0,3,48,-45
3207,0,64,27,37
3208,0,91,104,-13
3210,0,6,28,-22
3211,0,2,17,-15
3213,0,62,18,44
3214,0,97,63,34
3215,0,86,96,-10
3216,0,50,108,-58
3217,0,4,10,-6
3218,0,58,13,45
3219,0,65,104,-39
3221,0,25,46,-21
3222,0,3,4,-1
3224,0,68,109,-41
3227,0,1,7,-6
3228,0,3,6,-3
3229,0,7,6,1
3230,0,37,55,-18
3231,0,2,2,0
3233,0,12,52,-40
3234,0,48,93,-45
3235,0,118,76,42
3236,0,7,5,2
3237,0,105,77,28
3239,0,27,29,-2
3240,0,44,61,-17
3241,0,33,28,5
3242,0,34,58,-24
3243,0,15,15,0
3246,0,9,10,-1
3248,0,2,3,-1
3249,0,38,72,-34
3250,0,3,19,-16
3252,0,9,31,-22
3253,0,8,40,-32
3254,0,1,5,-4
3256,0,17,27,-10
3259,0,28,34,-6
3261,0,33,13,20
3262,0,571,594,-23
3263,0,136,120,16
3265,0,10,58,-48
3266,0,13,7,6
3267,0,17,16,1
3268,0,55,107,-52
3269,0,17,46,-29
3271,0,3,4,-1
3272,0,643,634,9
3273,0,4030,4024,6
3274,0,110,120,-10
3275,0,95,114,-19
3277,0,150,96,54
3278,0,51,86,-35
3282,0,52,53,-1
3285,0,18,65,-47
3286,0,60,65,-5
3288,0,46,82,-36
3289,0,12,0,12
3292,0,13,2,11
3294,0,3,16,-13
3295,0,15,11,4
3299,0,14,29,-15
3300,0,85,96,-11
3303,0,83,75,8
3305,0,22,62,-40
3306,0,351,307,44
3307,0,44,55,-11
3310,0,10,6,4
3311,0,6,8,-2
3314,0,3,61,-58
3315,0,10,1,9
3317,0,30,10,20
3319,0,5,42,-37
3320,0,20,3,17
3322,0,36,28,8
3323,0,24,5,19
3324,0,19,33,-14
3325,0,20,5,15
3327,0,77,117,-40
3328,0,296,325,-29
3332,0,11,36,-25
3333,0,61,57,4
3334,0,12,10,2
3335,0,7,12,-5
3336,0,13,48,-35
3339,0,90,103,-13
3340,0,192,222,-30
3341,0,14,11,3
3342,0,108,58,50
3343,0,12,54,-42
3344,0,27,45,-18
3345,0,51,4,47
3347,0,28,57,-29
3349,0,36,8,28
3350,0,17,14,3
3353,0,29,87,-58
3356,0,36,49,-13
3358,0,23,14,9
3359,0,25,32,-7
3361,0,14,16,-2
3362,0,71,29,42
3363,0,34,4,30
3364,0,68,58,10
3371,0,113,100,13
3372,0,30,22,8
3373,0,11,32,-21
3374,0,6,39,-33
3375,0,15,19,-4
3379,0,58,35,23
3381,0,31,44,-13
3382,0,71,94,-23
3383,0,5,11,-6
3384,0,35,5,30
3390,0,57,79,-22
3391,0,165,184,-19
3392,0,8,23,-15
3393,0,59,29,30
3394,0,173,153,20
3395,0,30,35,-5
3396,0,72,67,5
3398,0,1,15,-14
3402,0,51,34,17
3404,0,43,2,41
3405,0,15,17,-2
3408,0,12,7,5
3409,0,2,16,-14
3410,0,56,87,-31
3411,0,37,60,-23
3412,0,32,28,4
3413,0,59,30,29
3414,0,22,24,-2
3418,0,7,10,-3
3419,0,47,35,12
3421,0,38,29,9
3422,0,8,23,-15
3425,0,20,4,16
3427,0,25,23,2
3429,0,8,7,1
3430,0,4,30,-26
3433,0,62,73,-11
3434,0,63,59,4
3435,0,18,17,1
3437,0,268,215,53
3438,0,25,16,9
3439,0,10,40,-30
3440,0,23,24,-1
3442,0,23,19,4
3445,0,56,17,39
3446,0,78,24,54
3447,0,196,253,-57
3448,0,125,108,17
3449,0,11,27,-16
3450,0,19,1,18
3451,0,55,49,6
3452,0,23,17,6
3453,0,7,11,-4
3455,0,39,41,-2
3458,0,37,21,16
3459,0,12,3,9
3462,0,3,6,-3
3463,0,19,43,-24
3464,0,39,42,-3
3466,0,62,28,34
3467,0,1,4,-3
3468,0,45,47,-2
3469,0,13,2,11
3470,0,68,88,-20
3472,0,14,15,-1
3473,0,220,174,46
3474,0,35,50,-15
3479,0,6,18,-12
3481,0,752,781,-29
3482,0,7,43,-36
3483,0,33,38,-5
3484,0,16,13,3
3486,0,6,6,0
3487,0,4,31,-27
3488,0,21,35,-14
3492,0,16,56,-40
3498,0,87,82,5
3501,0,21,10,11
3502,0,314,342,-28
3503,0,19,6,13
3504,0,35,77,-42
3505,0,92,95,-3
3507,0,31,39,-8
3508,0,4,29,-25
3509,0,2,6,-4
3510,0,12,42,-30
3511,0,75,105,-30
3512,0,4,12,-8
3513,0,60,57,3
3514,0,4,7,-3
3515,0,2,8,-6
3516,0,59,80,-21
3517,0,56,23,33
3523,0,13,8,5
3525,0,2,2,0
3526,0,24,45,-21
3527,0,36,11,25
3528,0,69,95,-26
3529,0,24,33,-9
3531,0,4,19,-15
3532,0,65,59,6
3533,0,49,100,-51
3535,0,7,34,-27
3536,0,113,116,-3
3537,0,5,9,-4
3538,0,56,29,27
3540,0,1,17,-16
3542,0,4,20,-16
3544,0,150,142,8
3545,0,172,141,31
3547,0,3,7,-4
3548,0,64,93,-29
3549,0,55,107,-52
3550,0,1,30,-29
3552,0,75,64,11
3553,0,13,28,-15
3555,0,176,157,19
3556,0,2,11,-9
3557,0,19,34,-15
3558,0,209,231,-22
3559,0,18,62,-44
3560,0,30,53,-23
3562,0,135,113,22
3563,0,55,50,5
3565,0,142,172,-30
3566,0,38,32,6
3567,0,16,19,-3
3568,0,5,51,-46
3572,0,26,5,21
3575,0,11,14,-3
3578,0,19,26,-7
3579,0,224,199,25
3580,0,62,51,11
3585,0,39,13,26
3586,0,5,34,-29
3590,0,8,1,7
3592,0,167,134,33
3593,0,2,10,-8
3595,0,11,3,8
3597,0,472,470,2
3598,0,26,52,-26
3599,0,18,28,-10
3600,0,8,41,-33
3601,0,95,98,-3
3604,0,31,37,-6
3606,0,47,43,4
3607,0,17,22,-5
3611,0,3,13,-10
3612,0,21,39,-18
3613,0,18,67,-49
3614,0,9,16,-7
3615,0,338,293,45
3616,0,27,52,-25
3618,0,48,41,7
3619,0,66,55,11
3622,0,51,19,32
3624,0,31,4,27
3625,0,23,9,14
3628,0,45,104,-59
3630,0,17,4,13
3632,0,1,15,-14
3633,0,35,17,18
3634,0,7,46,-39
3636,0,9,47,-38
3639,0,74,60,14
3641,0,43,19,24
3643,0,15,9,6
3645,0,64,102,-38
3647,0,15,34,-19
3651,0,6,23,-17
3652,0,53,41,12
3653,0,3,6,-3
3654,0,7,14,-7
3655,0,426,436,-10
3658,0,21,2,19
3659,0,31,86,-55
3660,0,38,24,14
3661,0,15,74,-59
3662,0,9,11,-2
3664,0,74,31,43
3665,0,53,9,44
3666,0,14,17,-3
3668,0,16,39,-23
3669,0,86,80,6
3674,0,1,2,-1
3675,0,7,30,-23
3681,0,21,9,12
3682,0,26,8,18
3683,0,74,80,-6
3684,0,77,58,19
3687,0,55,79,-24
3688,0,15,50,-35
3689,0,17,22,-5
3693,0,19,20,-1
3694,0,6,14,-8
3695,0,69,126,-57
3698,0,31,8,23
3699,0,62,26,36
3700,0,30,18,12
3701,0,11,42,-31
3702,0,9,44,-35
3703,0,27,42,-15
3704,0,11,5,6
3705,0,38,1,37
3706,0,192,151,41
3708,0,2,7,-5
3709,0,183,205,-22
3710,0,99,155,-56
3711,0,84,54,30
3714,0,116,100,16
3715,0,2,17,-15
3716,0,3,36,-33
3717,0,19,25,-6
3720,0,228,179,49
3721,0,12,16,-4
3722,0,58,34,24
3723,0,28,52,-24
3724,0,62,23,39
3728,0,60,29,31
3729,0,62,80,-18
3730,0,43,43,0
3735,0,11,8,3
3741,0,15,21,-6
3742,0,12,10,2
3743,0,69,113,-44
3747,0,36,30,6
3749,0,6,23,-17
3750,0,16,22,-6
3751,0,90,55,35
3753,0,1,1,0
3754,0,27,7,20
3755,0,10,15,-5
3756,0,44,59,-15
3757,0,42,66,-24
3760,0,47,6,41
3761,0,117,103,14
3764,0,83,64,19
3765,0,8,6,2
3767,0,25,25,0
3773,0,58,39,19
3776,0,21,19,2
3777,0,3,10,-7
3781,0,12,5,7
3782,0,44,94,-50
3783,0,79,125,-46
3785,0,18,40,-22
3787,0,71,46,25
3789,0,12,59,-47
3790,0,8,13,-5
3792,0,59,76,-17
3795,0,22,79,-57
3797,0,31,15,16
3800,0,5,7,-2
3801,0,14,5,9
3802,0,139,145,-6
3804,0,63,48,15
3807,0,37,37,0
3808,0,43,88,-45
3810,0,48,30,18
3812,0,38,42,-4
3813,0,21,19,2
3816,0,154,185,-31
3817,0,34,30,4
3819,0,5,5,0
3820,0,255,203,52
3821,0,9,35,-26
3822,0,27,58,-31
3824,0,7,9,-2
3826,0,12,28,-16
3828,0,97,49,48
3830,0,9,37,-28
3832,0,45,59,-14
3833,0,22,2,20
3834,0,8,22,-14
3836,0,53,62,-9
3838,0,3,10,-7
3839,0,16,26,-10
3840,0,402,364,38
3843,0,161,181,-20
3844,0,26,34,-8
3853,0,2,3,-1
3857,0,3,9,-6
3860,0,29,15,14
3861,0,15,18,-3
3862,0,8,19,-11
3864,0,37,43,-6
3866,0,178,143,35
3871,0,7,12,-5
3873,0,16,21,-5
3876,0,69,83,-14
3877,0,12,22,-10
3879,0,56,11,45
3881,0,10,26,-16
3882,0,24,26,-2
3886,0,16,7,9
3888,0,29,31,-2
3892,0,112,140,-28
3894,0,18,65,-47
3896,0,35,16,19
3897,0,174,172,2
3898,0,21,12,9
3900,0,56,92,-36
3901,0,148,138,10
3902,0,8,9,-1
3905,0,7,14,-7
3907,0,6,6,0
3908,0,25,23,2
3910,0,15,23,-8
3912,0,25,11,14
3913,0,7,9,-2
3914,0,151,115,36
3916,0,94,47,47
3917,0,57,86,-29
3918,0,20,37,-17
3922,0,5,35,-30
3923,0,44,59,-15
3926,0,27,65,-38
3928,0,343,296,47
3930,0,97,89,8
3931,0,26,52,-26
3933,0,119,99,20
3936,0,5,16,-11
3939,0,47,93,-46
3942,0,27,64,-37
3943,0,21,33,-12
3945,0,16,11,5
3946,0,68,82,-14
3947,0,5,1,4
3948,0,5,36,-31
3951,0,39,25,14
3955,0,4,3,1
3956,0,35,43,-8
3958,0,14,1,13
3960,0,4,3,1
3961,0,3,18,-15
3963,0,43,7,36
3965,0,49,24,25
3966,0,15,8,7
3968,0,14,17,-3
3970,0,3,10,-7
3971,0,18,75,-57
3973,0,83,57,26
3980,0,6,39,-33
3982,0,6,40,-34
3984,0,45,7,38
3986,0,21,21,0
3989,0,46,28,18
3992,0,25,34,-9
3993,0,36,18,18
3995,0,117,70,47
3996,0,8,23,-15
3999,0,1,13,-12
4000,0,7,2,5
4002,0,6,4,2
4003,0,39,21,18
4004,0,41,36,5
4005,0,136,116,20
4006,0,188,145,43
4008,0,50,69,-19
4009,0,1,10,-9
4010,0,4,1,3
4011,0,29,28,1
4012,0,40,31,9
4015,0,1,7,-6
4020,0,266,311,-45
4021,0,47,5,42
4023,0,44,31,13
4024,0,80,99,-19
4025,0,17,12,5
4027,0,2,38,-36
4028,0,30,21,9
4029,0,40,20,20
4030,0,29,41,-12
4034,0,32,34,-2
4035,0,9,0,9
4036,0,49,48,1
4039,0,25,8,17
4040,0,22,80,-58
4041,0,91,89,2
4042,0,12,1,11
4043,0,12,3,9
4045,0,146,134,12
4046,0,29,31,-2
4049,0,44,64,-20
4051,0,43,59,-16
4054,0,41,34,7
4055,0,36,78,-42
4057,0,63,83,-20
4059,0,5,15,-10
4061,0,2,10,-8
4064,0,7,4,3
4065,0,62,34,28
4067,0,82,57,25
4068,0,67,89,-22
4069,0,65,19,46
4070,0,633,673,-40
4073,0,39,40,-1
4074,0,143,138,5
4075,0,11,18,-7
4076,0,30,4,26
4077,0,11,29,-18
4078,0,6,9,-3
4079,0,1,1,0
4081,0,11,4,7
4082,0,9,46,-37
4083,0,32,4,28
4085,0,43,9,34
4086,0,207,226,-19
4089,0,6,32,-26
4091,0,29,40,-11
4093,0,1492,1496,-4
4094,0,65,60,5
4096,0,27,37,-10
4097,0,8,9,-1
4100,0,7,14,-7
4102,0,41,23,18
4103,0,44,20,24
4104,0,17,3,14
4105,0,25,42,-17
4108,0,31,72,-41
4109,0,20,7,13
4110,0,2,5,-3
4112,0,63,56,7
4113,0,49,22,27
4116,0,2,46,-44
4117,0,3,41,-38
4118,0,141,113,28
4119,0,101,95,6
4120,0,30,32,-2
4121,0,6,4,2
4122,0,24,22,2
4123,0,49,26,23
4124,0,77,137,-60
4125,0,11,15,-4
4126,0,14,40,-26
4127,0,7,6,1
4128,0,15,24,-9
4129,0,20,32,-12
4130,0,2,13,-11
4135,0,10,48,-38
4137,0,171,162,9
4138,0,118,119,-1
4142,0,332,331,1
4143,0,21,64,-43
4145,0,17,9,8
4146,0,35,40,-5
4148,0,2,26,-24
4149,0,15,75,-60
4150,0,5,20,-15
4152,0,36,40,-4
4153,0,32,50,-18
4155,0,128,111,17
4156,0,8,7,1
4158,0,11,18,-7
4161,0,93,84,9
4164,0,34,42,-8
4166,0,18,56,-38
4170,0,16,0,16
4171,0,50,44,6
4173,0,10,35,-25
4178,0,36,56,-20
4179,0,46,4,42
4180,0,33,57,-24
4181,0,1,15,-14
4186,0,6,21,-15
4187,0,3,20,-17
4188,0,54,61,-7
4189,0,10,5,5
4192,0,14,7,7
4193,0,4,2,2
4194,0,5,46,-41
4195,0,77,52,25
4199,0,102,54,48
4200,0,1,19,-18
4201,0,15,9,6
4202,0,12,22,-10
4204,0,12,28,-16
4205,0,2,13,-11
4206,0,125,111,14
4209,0,52,4,48
4212,0,4,18,-14
4214,0,49,89,-40
4217,0,24,65,-41
4218,0,26,32,-6
4220,0,59,81,-22
4221,0,71,48,23
4222,0,59,25,34
4224,0,18,16,2
4225,0,6,7,-1
4226,0,55,88,-33
4232,0,11,16,-5
4236,0,18,34,-16
4237,0,31,47,-16
4238,0,57,57,0
4239,0,15,28,-13
4241,0,76,42,34
4243,0,3,19,-16
4244,0,22,63,-41
4245,0,6,10,-4
4246,0,53,8,45
4247,0,22,32,-10
4249,0,19,2,17
4251,0,235,200,35
4253,0,1,38,-37
4255,0,59,67,-8
4256,0,3,12,-9
4258,0,12,20,-8
4262,0,58,98,-40
4264,0,60,28,32
4265,0,85,121,-36
4271,0,12,13,-1
4272,0,13,48,-35
4274,0,27,5,22
4276,0,388,340,48
4277,0,108,75,33
4280,0,23,21,2
4281,0,38,52,-14
4282,0,66,18,48
4283,0,12,19,-7
4284,0,12,6,6
4285,0,43,36,7
4286,0,13,27,-14
4287,0,22,72,-50
4289,0,1,13,-12
4291,0,22,16,6
4292,0,1,6,-5
4294,0,99,65,34
4296,0,30,28,2
4298,0,33,44,-11
4299,0,11,19,-8
4300,0,48,31,17
4301,0,64,50,14
4302,0,6,36,-30
4307,0,125,85,40
4308,0,164,159,5
4317,0,45,17,28
4318,0,11,6,5
4322,0,9,53,-44
4323,0,272,288,-16
4325,0,71,54,17
4326,0,32,11,21
4330,0,60,44,16
4333,0,7,6,1
4336,0,6,11,-5
4339,0,31,33,-2
4344,0,48,56,-8
4346,0,3,13,-10
4347,0,35,96,-61
4348,0,20,65,-45
4351,0,25,26,-1
4352,0,15,31,-16
4353,0,23,19,4
4354,0,68,29,39
4356,0,15,46,-31
4359,0,17,20,-3
4361,0,27,26,1
4362,0,14,2,12
4364,0,28,77,-49
4365,0,6,10,-4
4366,0,14,16,-2
4369,0,40,86,-46
4371,0,3,5,-2
4372,0,43,38,5
4377,0,43,40,3
4378,0,12,62,-50
4379,0,32,16,16
4380,0,116,85,31
4384,0,14,20,-6
4385,0,3,10,-7
4387,0,49,99,-50
4388,0,31,87,-56
4389,0,32,8,24
4392,0,7,11,-4
4393,0,24,41,-17
4395,0,12,2,10
4399,0,1942,1948,-6
4410,0,12,71,-59
4411,0,10,28,-18
4413,0,55,36,19
4414,0,1,2,-1
4415,0,4,19,-15
4417,0,23,12,11
4419,0,2,37,-35
4420,0,37,1,36
4421,0,27,75,-48
4423,0,33,48,-15
4424,0,102,155,-53
4427,0,14,13,1
4430,0,1,7,-6
4431,0,9,2,7
4432,0,24,44,-20
4434,0,31,13,18
4435,0,7,19,-12
4436,0,12,37,-25
4438,0,209,230,-21
4444,0,77,118,-41
4445,0,81,96,-15
4447,0,61,37,24
4449,0,21,28,-7
4450,0,5,3,2
4452,0,5,57,-52
4453,0,62,63,-1
4454,0,53,40,13
4455,0,13,40,-27
4456,0,29,50,-21
4457,0,90,91,-1
4463,0,112,134,-22
4465,0,21,33,-12
4467,0,10,32,-22
4470,0,5,36,-31
4472,0,83,79,4
4473,0,13,4,9
4474,0,55,29,26
4475,0,75,50,25
4478,0,42,26,16
4480,0,2,7,-5
4482,0,3,14,-11
4485,0,1,1,0
4487,0,145,91,54
4488,0,2,14,-12
4489,0,63,14,49
4490,0,45,28,17
4492,0,16,31,-15
4493,0,28,26,2
4494,0,8,1,7
4495,0,24,14,10
4498,0,223,255,-32
4500,0,68,83,-15
4501,0,28,20,8
4502,0,8,7,1
4503,0,23,32,-9
4504,0,10,29,-19
4506,0,32,22,10
4507,0,100,146,-46
4509,0,17,29,-12
4510,0,82,135,-53
4512,0,31,24,7
4513,0,58,97,-39
4515,0,28,9,19
4518,0,73,83,-10
4522,0,57,65,-8
4524,0,49,35,14
4526,0,28,39,-11
4528,0,4,9,-5
4530,0,88,37,51
4531,0,39,39,0
4532,0,6,15,-9
4533,0,12,19,-7
4534,0,40,25,15
4535,0,120,74,46
4536,0,21,3,18
4537,0,15,15,0
4538,0,44,24,20
4539,0,1,14,-13
4540,0,64,20,44
4542,0,77,68,9
4544,0,12,30,-18
4546,0,14,17,-3
4548,0,13,50,-37
4549,0,11,61,-50
4552,0,280,263,17
4553,0,2,4,-2
4554,0,26,19,7
4555,0,4,24,-20
4557,0,17,15,2
4561,0,454,400,54
4563,0,6,3,3
4564,0,25,52,-27
4565,0,32,36,-4
4566,0,2,4,-2
4567,0,14,9,5
4568,0,3,18,-15
4570,0,3,16,-13
4571,0,26,14,12
4573,0,25,1,24
4576,0,38,18,20
4578,0,9,49,-40
4579,0,36,55,-19
4580,0,1,9,-8
4582,0,49,39,10
4583,0,74,109,-35
4584,0,17,13,4
4586,0,8,16,-8
4588,0,120,133,-13
4589,0,13,26,-13
4590,0,6,17,-11
4591,0,7,2,5
4592,0,12,31,-19
4594,0,50,34,16
4597,0,44,23,21
4598,0,5,8,-3
4599,0,88,40,48
4600,0,15,16,-1
4601,0,31,81,-50
4604,0,5,10,-5
4606,0,17,73,-56
4608,0,5,27,-22
4612,0,12,13,-1
4613,0,14,13,1
4615,0,96,57,39
4617,0,17,4,13
4618,0,36,19,17
4619,0,9,22,-13
4621,0,47,28,19
4622,0,38,52,-14
4624,0,3,6,-3
4625,0,29,5,24
4626,0,66,46,20
4630,0,23,12,11
4631,0,12,43,-31
4632,0,1357,1413,-56
4634,0,9,9,0
4635,0,61,92,-31
4636,0,155,103,52
4638,0,4,5,-1
4639,0,2,2,0
4640,0,1,1,0
4641,0,26,13,13
4646,0,25,14,11
4648,0,328,351,-23
4649,0,1,3,-2
4650,0,395,381,14
4651,0,2609,2644,-35
4652,0,29,64,-35
4653,0,20,7,13
4655,0,6,31,-25
4656,0,4,10,-6
4658,0,22,20,2
4659,0,48,43,5
4660,0,18,34,-16
4661,0,13,8,5
4662,0,17,38,-21
4666,0,7,31,-24
4667,0,8,41,-33
4668,0,6,29,-23
4669,0,103,115,-12
4671,0,186,141,45
4672,0,133,186,-53
4674,0,113,115,-2
4676,0,25,39,-14
4677,0,5,11,-6
4678,0,156,180,-24
4680,0,70,60,10
4681,0,25,46,-21
4683,0,242,247,-5
4687,0,68,68,0
4688,0,87,86,1
4689,0,21,13,8
4690,0,13,1,12
4692,0,3,5,-2
4694,0,52,27,25
4699,0,128,77,51
4700,0,28,60,-32
4701,0,42,54,-12
4702,0,19,30,-11
4706,0,48,14,34
4711,0,43,65,-22
4713,0,5,4,1
4714,0,9,40,-31
4718,0,48,57,-9
4719,0,13,17,-4
4721,0,28,5,23
4724,0,31,69,-38
4725,0,13,20,-7
4726,0,15,35,-20
4728,0,8,14,-6
4729,0,232,252,-20
4730,0,14,64,-50
4731,0,6,42,-36
4734,0,82,33,49
4735,0,16,15,1
4737,0,21,8,13
4738,0,48,40,8
4741,0,1,7,-6
4742,0,16,28,-12
4743,0,292,250,42
4747,0,10,5,5
4748,0,57,70,-13
4751,0,16,50,-34
4752,0,20,74,-54
4754,0,42,55,-13
4755,0,53,27,26
4756,0,74,123,-49
4757,0,11,5,6
4759,0,7,12,-5
4760,0,801,835,-34
4761,0,56,102,-46
4762,0,13,30,-17
4763,0,32,3,29
4767,0,38,62,-24
4768,0,20,16,4
4769,0,7589,7614,-25
4771,0,31,37,-6
4773,0,23,53,-30
4777,0,46,68,-22
4779,0,33,26,7
4780,0,1,6,-5
4783,0,6,28,-22
4785,0,1,4,-3
4786,0,32,30,2
4788,0,30,0,30
4789,0,40,35,5
4790,0,29,15,14
4791,0,130,179,-49
4794,0,67,58,9
4795,0,168,126,42
4797,0,9,22,-13
4798,0,11,9,2
4800,0,4,25,-21
4801,0,79,109,-30
4802,0,15,10,5
4806,0,15,71,-56
4807,0,13,30,-17
4811,0,17,24,-7
4815,0,33,12,21
4819,0,33,11,22
4822,0,12,46,-34
4823,0,11,48,-37
4824,0,4,11,-7
4828,0,290,250,40
4831,0,32,53,-21
4832,0,7,20,-13
4833,0,190,211,-21
4835,0,3,41,-38
4836,0,10,13,-3
4837,0,32,36,-4
4839,0,2,17,-15
4840,0,7,39,-32
4841,0,1,14,-13
4842,0,61,8,53
4844,0,6,18,-12
4847,0,10,6,4
4848,0,24,32,-8
4849,0,10,30,-20
4851,0,1,7,-6
4853,0,14,31,-17
4857,0,15,10,5
4859,0,72,43,29
4860,0,57,22,35
4862,0,54,17,37
4863,0,59,78,-19
4865,0,43,19,24
4866,0,11,13,-2
4867,0,71,123,-52
4870,0,6,2,4
4872,0,22,14,8
4873,0,8,32,-24
4874,0,42,60,-18
4875,0,48,16,32
4876,0,48,78,-30
4878,0,14,25,-11
4880,0,27,23,4
4885,0,10,26,-16
4886,0,3,19,-16
4887,0,35,75,-40
4888,0,9,34,-25
4893,0,8,44,-36
4896,0,28,44,-16
4897,0,10,71,-61
4899,0,147,104,43
4900,0,46,34,12
4901,0,74,55,19
4902,0,32,7,25
4905,0,28,46,-18
4907,0,1,49,-48
4908,0,7,68,-61
4909,0,30,44,-14
4912,0,20,43,-23
4913,0,24,43,-19
4914,0,44,38,6
4915,0,2,4,-2
4920,0,37,20,17
4924,0,42,18,24
4925,0,52,3,49
4927,0,75,59,16
4928,0,4,14,-10
4929,0,42,21,21
4930,0,8,13,-5
4932,0,51,70,-19
4933,0,10,23,-13
4935,0,74,27,47
4936,0,98,115,-17
4937,0,41,8,33
4938,0,29,17,12
4939,0,3,25,-22
4940,0,25,19,6
4941,0,22,21,1
4946,0,93,93,0
4947,0,8,7,1
4948,0,11,25,-14
4949,0,71,68,3
4950,0,58,69,-11
4951,0,11,13,-2
4954,0,14,7,7
4958,0,72,46,26
4959,0,16,4,12
4960,0,184,232,-48
4961,0,303,318,-15
4962,0,47,41,6
4963,0,5,8,-3
4964,0,70,65,5
4965,0,180,167,13
4970,0,42,17,25
4974,0,53,30,23
4975,0,3,23,-20
4976,0,325,315,10
4977,0,33,36,-3
4978,0,43,40,3
4979,0,1,11,-10
4982,0,6,21,-15
4983,0,2,3,-1
4988,0,15,14,1
4990,0,3,7,-4
4992,0,18,7,11
4993,0,3,9,-6
4995,0,24,41,-17
4996,0,8,41,-33
4998,0,50,11,39
4999,0,2,14,-12
5001,0,16,73,-57
5002,0,47,50,-3
5004,0,3,14,-11
5005,0,111,141,-30
5006,0,41,7,34
5008,0,15,6,9
5009,0,21,61,-40
5013,0,42,31,11
5014,0,9,6,3
5015,0,6,12,-6
5017,0,6,14,-8
5019,0,9,25,-16
5020,0,16,25,-9
5021,0,43,25,18
5023,0,5,5,0
5024,0,44,66,-22
5026,0,44,36,8
5028,0,4,1,3
5030,0,14,28,-14
5033,0,30,30,0
5034,0,43,5,38
5035,0,34,43,-9
5036,0,12,6,6
5037,0,2,5,-3
5039,0,39,57,-18
5040,0,18,24,-6
5041,0,6,10,-4
5046,0,50,68,-18
5047,0,10,14,-4
5048,0,8,15,-7
5049,0,16,8,8
5050,0,22,53,-31
5052,0,2,3,-1
5053,0,36,26,10
5054,0,31,15,16
5057,0,239,266,-27
5058,0,27,76,-49
5061,0,25,11,14
5062,0,15,9,6
5064,0,105,76,29
5067,0,30,16,14
5070,0,19,51,-32
5071,0,36,15,21
5073,0,54,18,36
5074,0,11,4,7
5075,0,166,131,35
5078,0,53,13,40
5080,0,87,81,6
5081,0,35,30,5
5082,0,39,15,24
5083,0,27,14,13
5084,0,1266,1245,21
5086,0,33,4,29
5088,0,65,27,38
5089,0,6,5,1
5090,0,19,20,-1
5091,0,37,58,-21
5092,0,34,44,-10
5093,0,21,65,-44
5094,0,9,2,7
5095,0,333,286,47
5098,0,7,9,-2
5099,0,155,105,50
5100,0,74,40,34
5101,0,27,9,18
5102,0,22,16,6
5103,0,14,9,5
5104,0,68,19,49
5108,0,24,52,-28
5109,0,12,64,-52
5110,0,20,33,-13
5111,0,158,172,-14
5113,0,2,1,1
5116,0,13,3,10
5117,0,351,351,0
5122,0,1336,1296,40
5123,0,97,142,-45
5126,0,31,22,9
5128,0,10,5,5
5129,0,17,14,3
5133,0,24,36,-12
5134,0,12,7,5
5135,0,61,14,47
5136,0,51,32,19
5137,0,183,131,52
5141,0,112,61,51
5143,0,92,75,17
5145,0,72,66,6
5146,0,47,83,-36
5152,0,80,31,49
5153,0,4,4,0
5154,0,6,9,-3
5156,0,46,21,25
5158,0,77,102,-25
5160,0,78,96,-18
5161,0,59,26,33
5162,0,1,20,-19
5164,0,3,42,-39
5165,0,80,139,-59
5166,0,89,99,-10
5167,0,2,41,-39
5168,0,39,74,-35
5169,0,30,80,-50
5170,0,6,4,2
5171,0,84,46,38
5174,0,103,119,-16
5175,0,21,5,16
5179,0,21,31,-10
5181,0,13,59,-46
5185,0,12,15,-3
5186,0,71,116,-45
5188,0,24,16,8
5190,0,135,110,25
5192,0,18,43,-25
5193,0,94,134,-40
5195,0,61,88,-27
5196,0,1,17,-16
5198,0,18,19,-1
5199,0,3,22,-19
5200,0,1,22,-21
5202,0,74,29,45
5204,0,15,32,-17
5206,0,22,28,-6
5209,0,16,15,1
5210,0,11,41,-30
5216,0,18,55,-37
5217,0,14,53,-39
5222,0,2,39,-37
5226,0,50,94,-44
5227,0,43,49,-6
5229,0,5,16,-11
5230,0,20,9,11
5234,0,5,21,-16
5237,0,105,107,-2
5238,0,27,45,-18
5239,0,12,28,-16
5240,0,14,63,-49
5241,0,23,8,15
5243,0,3,4,-1
5245,0,4,11,-7
5246,0,9,53,-44
5250,0,3,3,0
5251,0,17,43,-26
5252,0,22,8,14
5253,0,6,6,0
5254,0,82,142,-60
5255,0,328,299,29
5256,0,32,42,-10
5258,0,5,17,-12
5259,0,187,178,9
5262,0,31,58,-27
5263,0,22,81,-59
5266,0,33,59,-26
5267,0,12,39,-27
5268,0,9,29,-20
5273,0,15,18,-3
5278,0,32,11,21
5281,0,20,34,-14
5282,0,42,83,-41
5284,0,11,17,-6
5286,0,76,124,-48
5288,0,17,34,-17
5289,0,1,52,-51
5291,0,5,12,-7
5292,0,28,16,12
5293,0,25,13,12
5295,0,75,50,25
5296,0,6,19,-13
5297,0,9,9,0
5298,0,13,1,12
5300,0,6,6,0
5301,0,11,6,5
5302,0,63,65,-2
5304,0,69,21,48
5306,0,1,4,-3
5309,0,13,20,-7
5311,0,156,122,34
5313,0,41,29,12
5315,0,26,23,3
5318,0,2,4,-2
5319,0,25,58,-33
5320,0,24,59,-35
5321,0,70,42,28
5322,0,95,111,-16
5324,0,17,5,12
5325,0,26,46,-20
5327,0,26,17,9
5329,0,564,546,18
5331,0,10,5,5
5332,0,53,64,-11
5335,0,36,22,14
5337,0,64,95,-31
5338,0,14,20,-6
5339,0,20,24,-4
5340,0,27,10,17
5341,0,31,8,23
5342,0,50,39,11
5343,0,3,9,-6
5347,0,19,47,-28
5348,0,1,6,-5
5349,0,3,8,-5
5350,0,29,60,-31
5354,0,12,6,6
5355,0,9,6,3
5358,0,108,84,24
5359,0,12,34,-22
5360,0,11,31,-20
5362,0,8,13,-5
5365,0,5,15,-10
5366,0,43,62,-19
5367,0,5,1,4
5369,0,75,79,-4
5370,0,23,34,-11
5371,0,23,15,8
5374,0,6,41,-35
5378,0,37,4,33
5379,0,247,292,-45
5380,0,4,6,-2
5381,0,20,34,-14
5382,0,7,9,-2
5383,0,26,50,-24
5384,0,4,5,-1
5385,0,49,38,11
5388,0,4,22,-18
5389,0,150,118,32
5390,0,34,57,-23
5392,0,25,8,17
5393,0,23,45,-22
5395,0,1,22,-21
5396,0,455,459,-4
5397,0,29,0,29
5398,0,52,84,-32
5400,0,14,4,10
5402,0,3,23,-20
5406,0,2,11,-9
5407,0,149,190,-41
5409,0,74,25,49
5411,0,1,11,-10
5412,0,63,83,-20
5413,0,31,64,-33
5414,0,15,29,-14
5415,0,71,79,-8
5418,0,34,11,23
5420,0,70,58,12
5421,0,4,22,-18
5422,0,55,65,-10
5425,0,89,43,46
5426,0,4,43,-39
5427,0,4,15,-11
5428,0,39,8,31
5430,0,128,89,39
5431,0,9,9,0
5434,0,25,80,-55
5435,0,58,9,49
5436,0,9,18,-9
5438,0,81,58,23
5439,0,55,14,41
5440,0,2,8,-6
5444,0,129,98,31
5445,0,12,45,-33
5446,0,6,51,-45
5448,0,3,47,-44
5450,0,171,152,19
5451,0,3,2,1
5452,0,15,12,3
5453,0,549,600,-51
5454,0,1,4,-3
5455,0,114,71,43
5456,0,3,7,-4
5459,0,9,2,7
5461,0,1,24,-23
5462,0,55,27,28
5463,0,15,36,-21
5465,0,45,26,19
5466,0,8,46,-38
5468,0,30,78,-48
5469,0,51,23,28
5470,0,17,25,-8
5474,0,25,27,-2
5475,0,11,20,-9
5477,0,59,16,43
5478,0,25,36,-11
5481,0,68,84,-16
5482,0,6,4,2
5484,0,2,19,-17
5487,0,37,14,23
5488,0,8,37,-29
5491,0,37,17,20
5493,0,2,13,-11
5494,0,20,13,7
5500,0,2,2,0
5503,0,41,42,-1
5504,0,55,98,-43
5507,0,28,7,21
5508,0,68,116,-48
5510,0,130,108,22
5511,0,2,8,-6
5513,0,32,31,1
5515,0,3,8,-5
5517,0,8323,8336,-13
5523,0,14,27,-13
5526,0,3,6,-3
5527,0,139,99,40
5529,0,30,9,21
5536,0,53,36,17
5537,0,9,10,-1
5539,0,5,17,-12
5541,0,5,3,2
5543,0,4,16,-12
5546,0,6,6,0
5547,0,9,15,-6
5550,0,4,3,1
5551,0,154,173,-19
5552,0,3,16,-13
5553,0,30,24,6
5554,0,38,26,12
5555,0,75,29,46
5557,0,382,377,5
5558,0,266,298,-32
5559,0,32,14,18
5561,0,14,22,-8
5562,0,3,26,-23
5563,0,37,9,28
5567,0,1,4,-3
5568,0,38,14,24
5569,0,4,5,-1
5575,0,54,16,38
5576,0,27,15,12
5578,0,44,41,3
5582,0,37,32,5
5583,0,102,85,17
5584,0,6,26,-20
5586,0,145,144,1
5588,0,62,48,14
5589,0,61,94,-33
5590,0,43,32,11
5591,0,9,70,-61
5593,0,16,17,-1
5594,0,61,75,-14
5595,0,27,6,21
5596,0,4,33,-29
5599,0,66,51,15
5602,0,7,6,1
5603,0,97,45,52
5604,0,24,19,5
5605,0,20,15,5
5606,0,40,25,15
5607,0,47,56,-9
5608,0,22,30,-8
5609,0,55,72,-17
5610,0,5,26,-21
5611,0,148,111,37
5612,0,752,804,-52
5614,0,188,218,-30
5615,0,8,3,5
5617,0,149,95,54
5618,0,4,23,-19
5620,0,1,22,-21
5622,0,38,21,17
5623,0,36,77,-41
5625,0,2,37,-35
5628,0,71,58,13
5629,0,9,8,1
5631,0,11,57,-46
5634,0,109,67,42
5636,0,31,15,16
5637,0,36,55,-19
5639,0,8,1,7
5640,0,180,138,42
5643,0,1,17,-16
5646,0,274,293,-19
5648,0,475,423,52
5649,0,879,930,-51
5650,0,59,50,9
5651,0,166,133,33
5652,0,2,11,-9
5656,0,18,75,-57
5657,0,43,58,-15
5658,0,45,37,8
5660,0,55,18,37
5661,0,27,25,2
5663,0,39,52,-13
5664,0,5,34,-29
5665,0,33,2,31
5667,0,68,34,34
5668,0,99,126,-27
5669,0,26,38,-12
5670,0,14,2,12
5671,0,111,63,48
5672,0,52,11,41
5674,0,6,28,-22
5676,0,17,3,14
5677,0,50,29,21
5678,0,23,15,8
5682,0,4,5,-1
5683,0,12,7,5
5685,0,44,85,-41
5686,0,30,32,-2
5688,0,169,116,53
5689,0,30,48,-18
5690,0,69,50,19
5694,0,10,3,7
5695,0,95,105,-10
5696,0,96,129,-33
5698,0,126,99,27
5702,0,119,70,49
5703,0,230,256,-26
5705,0,11,8,3
5706,0,41,90,-49
5708,0,15,54,-39
5710,0,262,226,36
5711,0,53,73,-20
5712,0,5,19,-14
5713,0,1,1,0
5714,0,82,67,15
5715,0,4,7,-3
5716,0,33,15,18
5717,0,23,28,-5
5718,0,7,22,-15
5719,0,3,28,-25
5720,0,24,47,-23
5721,0,202,212,-10
5722,0,169,144,25
5723,0,52,16,36
5724,0,10,39,-29
5727,0,14,5,9
5729,0,8,59,-51
5730,0,74,74,0
5731,0,80,94,-14
5732,0,4,2,2
5734,0,294,281,13
5738,0,16,25,-9
5739,0,8,13,-5
5743,0,30,41,-11
5748,0,69,80,-11
5750,0,2,3,-1
5751,0,33,41,-8
5755,0,147,128,19
5756,0,19,7,12
5757,0,20,15,5
5758,0,34,44,-10
5761,0,99,97,2
5762,0,158,145,13
5763,0,119,109,10
5764,0,84,34,50
5765,0,38,24,14
5767,0,358,400,-42
5768,0,73,57,16
5770,0,46,43,3
5773,0,401,377,24
5774,0,13,8,5
5776,0,235,200,35
5777,0,12,2,10
5779,0,53,36,17
5780,0,27,45,-18
5783,0,18,18,0
5786,0,25,60,-35
5787,0,10,2,8
5788,0,4,5,-1
5789,0,37,1,36
5791,0,8,23,-15
5792,0,16,13,3
5793,0,239,197,42
5795,0,40,40,0
5796,0,62,19,43
5798,0,8,8,0
5799,0,205,159,46
5800,0,31,11,20
5801,0,66,28,38
5803,0,30,88,-58
5805,0,68,55,13
5806,0,20,76,-56
5807,0,103,91,12
5808,0,12,10,2
5809,0,22,35,-13
5816,0,326,371,-45
5819,0,12,22,-10
5820,0,21,49,-28
5821,0,126,114,12
5823,0,17,70,-53
5824,0,59,16,43
5826,0,25,17,8
5828,0,3,24,-21
5829,0,20,25,-5
5830,0,3,3,0
5832,0,39,32,7
5837,0,20,29,-9
5838,0,60,50,10
5839,0,12,13,-1
5840,0,5,12,-7
5843,0,4,9,-5
5845,0,23,34,-11
5848,0,8,19,-11
5849,0,94,104,-10
5851,0,21,6,15
5853,0,2,34,-32
5854,0,35,1,34
5856,0,4,10,-6
5861,0,8,2,6
5862,0,76,80,-4
5863,0,23,22,1
5865,0,1,1,0
5867,0,26,29,-3
5872,0,29,32,-3
5873,0,146,151,-5
5875,0,64,114,-50
5876,0,12,21,-9
5877,0,7,8,-1
5878,0,6,21,-15
5879,0,8,9,-1
5880,0,2,2,0
5881,0,18,32,-14
5884,0,5,4,1
5885,0,2,24,-22
5887,0,61,47,14
5888,0,45,88,-43
5889,0,160,111,49
5891,0,4,5,-1
5892,0,66,21,45
5894,0,30,77,-47
5895,0,38,14,24
5896,0,86,58,28
5897,0,10,43,-33
5898,0,2,1,1
5899,0,109,94,15
5900,0,24,41,-17
5901,0,26,11,15
5904,0,185,229,-44
5906,0,16,60,-44
5907,0,6,61,-55
5908,0,2,58,-56
5909,0,82,100,-18
5914,0,66,62,4
5916,0,2,14,-12
5917,0,12,59,-47
5919,0,4,13,-9
5920,0,28,13,15
5923,0,4,11,-7
5925,0,2,4,-2
5926,0,24,19,5
5927,0,88,149,-61
5928,0,278,319,-41
5933,0,1,11,-10
5934,0,123,126,-3
5935,0,48,16,32
5936,0,21,12,9
5938,0,28,19,9
5939,0,22,20,2
5940,0,36,55,-19
5941,0,19,7,12
5943,0,59,52,7
5944,0,7,5,2
5945,0,4,2,2
5946,0,18,34,-16
5947,0,29,22,7
5950,0,30,29,1
5951,0,66,37,29
5952,0,88,62,26
5953,0,52,47,5
5955,0,9,6,3
5956,0,36,1,35
5960,0,106,129,-23
5963,0,22,34,-12
5964,0,89,42,47
5965,0,82,41,41
5966,0,10,5,5
5968,0,28,36,-8
5970,0,11,15,-4
5971,0,33,44,-11
5973,0,12,14,-2
5975,0,7,37,-30
5976,0,134,113,21
5977,0,3,17,-14
5978,0,2,46,-44
5979,0,7,5,2
5980,0,22,38,-16
5982,0,18,68,-50
5983,0,10,8,2
5984,0,1,2,-1
5985,0,29,15,14
5986,0,14,32,-18
5987,0,5,25,-20
5991,0,9,18,-9
5995,0,32,6,26
5996,0,2019,2015,4
5997,0,40,31,9
5998,0,68,66,2
5999,0,26,39,-13
6001,0,9,31,-22
6003,0,11,9,2
6006,0,55,72,-17
6008,0,317,270,47
6009,0,12,52,-40
6012,0,119,97,22
6013,0,45,19,26
6014,0,12,27,-15
6017,0,21,7,14
6018,0,436,482,-46
6020,0,9,9,0
6023,0,17,3,14
6024,0,60,42,18
6025,0,5,5,0
6027,0,17,7,10
6028,0,1,36,-35
6029,0,118,107,11
6031,0,19,74,-55
6033,0,126,109,17
6035,0,10,9,1
6036,0,32,49,-17
6037,0,31,52,-21
6039,0,3,25,-22
6041,0,30,14,16
6042,0,31,50,-19
6043,0,14,42,-28
6045,0,71,38,33
6052,0,31,36,-5
6054,0,31,53,-22
6055,0,19,23,-4
6057,0,34,17,17
6058,0,50,43,7
6059,0,8,5,3
6060,0,84,130,-46
6061,0,11,21,-10
6062,0,8,12,-4
6063,0,18,34,-16
6065,0,3,9,-6
6066,0,13,60,-47
6067,0,53,83,-30
6071,0,1,4,-3
6072,0,287,292,-5
6073,0,1450,1450,0
6074,0,1,6,-5
6075,0,26,11,15
6077,0,43,85,-42
6079,0,12,2,10
6080,0,13,69,-56
6081,0,105,144,-39
6082,0,19,3,16
6083,0,59,37,22
6084,0,4,22,-18
6086,0,57,42,15
6089,0,34,27,7
6091,0,46,43,3
6092,0,27,46,-19
6094,0,79,92,-13
6095,0,11,4,7
6098,0,9,34,-25
6101,0,24,44,-20
6102,0,25,9,16
6104,0,6,52,-46
6105,0,14,14,0
6108,0,25,10,15
6109,0,95,114,-19
6110,0,33,23,10
6111,0,4,17,-13
6112,0,5,6,-1
6116,0,33,33,0
6119,0,104,66,38
6120,0,7,51,-44
6121,0,49,49,0
6122,0,8,18,-10
6124,0,208,236,-28
6126,0,10,20,-10
6127,0,100,123,-23
6128,0,79,106,-27
6129,0,13,13,0
6130,0,1,2,-1
6134,0,106,149,-43
6136,0,11,3,8
6137,0,35,45,-10
6138,0,11,7,4
6139,0,115,73,42
6141,0,32,30,2
6143,0,6,24,-18
6144,0,1,35,-34
6146,0,12,9,3
6149,0,64,40,24
6150,0,8,1,7
6152,0,44,53,-9
6153,0,20,36,-16
6156,0,83,71,12
6160,0,11,12,-1
6161,0,3,2,1
6162,0,25,68,-43
6167,0,57,44,13
6168,0,3,11,-8
6169,0,24,46,-22
6172,0,195,237,-42
6174,0,3,10,-7
6176,0,11,48,-37
6177,0,352,375,-23
6182,0,41,23,18
6183,0,20,8,12
6185,0,11,41,-30
6186,0,15,68,-53
6187,0,105,81,24
6188,0,1,6,-5
6193,0,4,17,-13
6194,0,18,79,-61
6195,0,31,51,-20
6196,0,18,5,13
6197,0,1,7,-6
6202,0,57,52,5
6203,0,48,3,45
6205,0,52,101,-49
6206,0,37,40,-3
6207,0,68,23,45
6211,0,322,326,-4
6213,0,29,16,13
6215,0,2,5,-3
6216,0,37,15,22
6217,0,3,18,-15
6218,0,24,63,-39
6221,0,7,32,-25
6222,0,57,99,-42
6223,0,48,88,-40
6224,0,58,37,21
6225,0,15,18,-3
6230,0,30,27,3
6233,0,130,105,25
6235,0,232,219,13
6236,0,6,9,-3
6237,0,228,194,34
6241,0,23,79,-56
6243,0,29,22,7
6244,0,38,83,-45
6245,0,56,84,-28
6247,0,17,6,11
6248,0,12,15,-3
6249,0,5,14,-9
6250,0,3,43,-40
6251,0,100,142,-42
6252,0,147,153,-6
6253,0,51,59,-8
6255,0,9,31,-22
6256,0,4,5,-1
6257,0,13,72,-59
6259,0,33,45,-12
6263,0,12,12,0
6266,0,58,54,4
6267,0,19,69,-50
6268,0,168,171,-3
6269,0,10,16,-6
6270,0,22,18,4
6273,0,377,438,-61
6274,0,73,70,3
6275,0,19,10,9
6278,0,5,4,1
6279,0,29,18,11
6281,0,5,19,-14
6283,0,19,22,-3
6284,0,1,29,-28
6285,0,88,63,25
6286,0,11,36,-25
6288,0,94,74,20
6289,0,176,145,31
6290,0,27,45,-18
6291,0,7,7,0
6292,0,14,25,-11
6293,0,3,7,-4
6294,0,18,4,14
6297,0,42,61,-19
6300,0,16,19,-3
6303,0,345,355,-10
6304,0,1,1,0
6306,0,21,48,-27
6311,0,150,100,50
6312,0,6,15,-9
6313,0,19,6,13
6314,0,30,47,-17
6315,0,59,69,-10
6316,0,35,29,6
6317,0,33,7,26
6319,0,71,35,36
6320,0,2,0,2
6322,0,75,37,38
6323,0,32,40,-8
6324,0,35,33,2
6325,0,2,16,-14
6326,0,45,36,9
6327,0,55,79,-24
6328,0,1,3,-2
6331,0,61,67,-6
6332,0,173,192,-19
6333,0,2,1,1
6335,0,13,30,-17
6337,0,21,9,12
6338,0,1,25,-24
6339,0,18,13,5
6340,0,8,22,-14
6341,0,30,27,3
6343,0,12,4,8
6345,0,48,44,4
6350,0,28,19,9
6351,0,5,2,3
6352,0,70,48,22
6353,0,5,4,1
6354,0,9,13,-4
6359,0,5,2,3
6360,0,59,100,-41
6363,0,260,215,45
6365,0,89,121,-32
6366,0,194,209,-15
6367,0,10,12,-2
6370,0,24,9,15
6371,0,46,20,26
6372,0,4,9,-5
6374,0,53,49,4
6375,0,7,12,-5
6387,0,317,332,-15
6388,0,88,37,51
6392,0,214,198,16
6396,0,16,20,-4
6397,0,23,32,-9
6398,0,43,22,21
6399,0,75,44,31
6400,0,1,56,-55
6405,0,2,34,-32
6406,0,3,1,2
6410,0,4,16,-12
6413,0,223,197,26
6414,0,199,178,21
6416,0,14,13,1
6419,0,152,152,0
6420,0,39,53,-14
6422,0,74,85,-11
6423,0,41,20,21
6424,0,55,48,7
6425,0,32,45,-13
6426,0,31,64,-33
6427,0,39,28,11
6428,0,6,26,-20
6429,0,39,19,20
6432,0,25,34,-9
6433,0,158,196,-38
6434,0,35,50,-15
6435,0,8,8,0
6437,0,8,22,-14
6438,0,63,78,-15
6440,0,3,6,-3
6445,0,16,20,-4
6446,0,71,64,7
6447,0,3,14,-11
6448,0,35,14,21
6449,0,20,51,-31
6453,0,72,40,32
6455,0,23,5,18
6456,0,12,1,11
6457,0,1,9,-8
6459,0,118,74,44
6460,0,8,15,-7
6462,0,89,122,-33
6464,0,25,25,0
6465,0,182,132,50
6466,0,16,11,5
6467,0,25,73,-48
6468,0,7,6,1
6469,0,30,18,12
6472,0,13,1,12
6475,0,40,15,25
6477,0,9,17,-8
6479,0,8,28,-20
6482,0,73,69,4
6484,0,4,5,-1
6485,0,9,63,-54
6487,0,9,12,-3
6488,0,19,45,-26
6491,0,59,13,46
6493,0,4,18,-14
6495,0,28,35,-7
6498,0,5,23,-18
6500,0,63,25,38
6501,0,27,56,-29
6502,0,34,42,-8
6503,0,15,5,10
6510,0,22,39,-17
6512,0,105,151,-46
6513,0,4,0,4
6514,0,147,204,-57
6515,0,168,119,49
6516,0,19,14,5
6519,0,38,61,-23
6520,0,30,34,-4
6521,0,21,38,-17
6522,0,21,36,-15
6526,0,1,28,-27
6527,0,92,48,44
6529,0,9,28,-19
6532,0,94,45,49
6533,0,38,56,-18
6534,0,16,13,3
6535,0,11,4,7
6540,0,125,105,20
6541,0,2,11,-9
6545,0,35,42,-7
6546,0,17,6,11
6552,0,53,64,-11
6553,0,26,10,16
6554,0,11,2,9
6555,0,6,26,-20
6556,0,23,84,-61
6561,0,7,3,4
6563,0,6,15,-9
6564,0,52,39,13
6565,0,1,3,-2
6566,0,65,112,-47
6567,0,42,67,-25
6568,0,4,3,1
6569,0,37,48,-11
6570,0,242,254,-12
6573,0,84,107,-23
6574,0,7,17,-10
6580,0,18,10,8
6583,0,79,121,-42
6585,0,7,31,-24
6587,0,78,69,9
6589,0,5,20,-15
6590,0,72,113,-41
6592,0,2,7,-5
6594,0,73,23,50
6595,0,753,798,-45
6597,0,30,85,-55
6598,0,70,52,18
6600,0,63,26,37
6601,0,388,407,-19
6602,0,42,15,27
6604,0,57,31,26
6606,0,48,45,3
6607,0,28,59,-31
6609,0,25,15,10
6610,0,96,111,-15
6612,0,24,1,23
6614,0,91,48,43
6616,0,77,60,17
6617,0,123,180,-57
6618,0,21,47,-26
6619,0,276,255,21
6620,0,5,10,-5
6621,0,14,14,0
6622,0,2,12,-10
6624,0,1171,1161,10
6625,0,46,80,-34
6626,0,4,15,-11
6627,0,11,20,-9
6629,0,56,36,20
6630,0,47,14,33
6632,0,6,10,-4
6634,0,20,19,1
6635,0,4,14,-10
6637,0,38,24,14
6638,0,12,27,-15
6639,0,249,228,21
6641,0,15,18,-3
6642,0,15,12,3
6643,0,101,138,-37
6646,0,157,200,-43
6647,0,2,5,-3
6648,0,7,12,-5
6652,0,4,21,-17
6653,0,16,15,1
6654,0,8,12,-4
6655,0,24,15,9
6656,0,151,180,-29
6658,0,25,37,-12
6659,0,10,13,-3
6660,0,83,29,54
6661,0,2,4,-2
6662,0,3,32,-29
6669,0,2,16,-14
6673,0,64,65,-1
6674,0,11,31,-20
6675,0,38,27,11
6676,0,94,119,-25
6678,0,12,5,7
6679,0,61,60,1
6681,0,5,15,-10
6683,0,20,36,-16
6685,0,15,23,-8
6687,0,8,1,7
6689,0,39,18,21
6691,0,11,6,5
6693,0,19,22,-3
6694,0,1173,1148,25
6695,0,110,124,-14
6698,0,16,13,3
6699,0,34,31,3
6702,0,1,20,-19
6703,0,54,45,9
6704,0,18,8,10
6709,0,12,22,-10
6711,0,10,50,-40
6712,0,2,1,1
6713,0,93,72,21
6715,0,33,15,18
6716,0,40,30,10
6717,0,5,2,3
6720,0,1,13,-12
6724,0,1,44,-43
6727,0,1,15,-14
6729,0,34,24,10
6737,0,42,21,21
6738,0,1370,1328,42
6739,0,7,55,-48
6740,0,2,4,-2
6741,0,7,18,-11
6742,0,22,82,-60
6743,0,18,36,-18
6744,0,8,17,-9
6745,0,9,21,-12
6747,0,11,11,0
6750,0,43,20,23
6751,0,1,24,-23
6754,0,12,22,-10
6759,0,13,60,-47
6761,0,48,29,19
6762,0,24,53,-29
6763,0,223,211,12
6765,0,52,102,-50
6767,0,118,139,-21
6768,0,5,25,-20
6770,0,56,7,49
6775,0,3,26,-23
6776,0,18,47,-29
6779,0,11,13,-2
6780,0,3,2,1
6781,0,19,21,-2
6782,0,6,25,-19
6784,0,11,13,-2
6785,0,68,25,43
6786,0,23,40,-17
6788,0,3,19,-16
6790,0,144,193,-49
6791,0,32,71,-39
6795,0,29,41,-12
6796,0,80,102,-22
6797,0,14,34,-20
6799,0,138,148,-10
6802,0,142,88,54
6806,0,3,39,-36
6807,0,50,64,-14
6808,0,1,1,0
6809,0,1,9,-8
6810,0,2,1,1
6811,0,9,19,-10
6813,0,4,4,0
6814,0,2,37,-35
6815,0,16,18,-2
6816,0,104,82,22
6817,0,8,15,-7
6819,0,9,26,-17
6820,0,38,31,7
6821,0,44,105,-61
6822,0,41,33,8
6827,0,14,16,-2
6828,0,16,0,16
6832,0,7,44,-37
6833,0,2,7,-5
6834,0,11,13,-2
6836,0,2,2,0
6837,0,42,17,25
6838,0,14,50,-36
6839,0,21,11,10
6840,0,81,103,-22
6841,0,104,55,49
6844,0,51,35,16
6847,0,3,22,-19
6848,0,22,44,-22
6849,0,15,15,0
6850,0,629,594,35
6851,0,33,39,-6
6855,0,2,2,0
6862,0,170,199,-29
6864,0,41,74,-33
6866,0,33,67,-34
6867,0,15,25,-10
6868,0,4,18,-14
6870,0,114,140,-26
6872,0,22,34,-12
6873,0,8,25,-17
6876,0,122,88,34
6877,0,34,27,7
6879,0,12,40,-28
6882,0,144,195,-51
6883,0,27,20,7
6886,0,9,42,-33
6887,0,39,19,20
6890,0,25,23,2
6893,0,17,14,3
6894,0,28,22,6
6896,0,4,19,-15
6897,0,216,198,18
6899,0,30,57,-27
6906,0,30,14,16
6907,0,16,34,-18
6908,0,16,10,6
6909,0,99,142,-43
6910,0,1,12,-11
6911,0,17,5,12
6912,0,34,47,-13
6913,0,41,70,-29
6915,0,9,9,0
6916,0,47,88,-41
6918,0,39,22,17
6919,0,13,19,-6
6920,0,19,56,-37
6921,0,72,87,-15
6922,0,30,22,8
6923,0,9,8,1
6924,0,24,8,16
6925,0,49,56,-7
6929,0,31,17,14
6930,0,50,74,-24
6933,0,43,16,27
6934,0,52,43,9
6936,0,47,92,-45
6937,0,506,515,-9
6940,0,4,10,-6
6943,0,8,11,-3
6944,0,6,18,-12
6945,0,301,340,-39
6946,0,10,3,7
6948,0,38,39,-1
6949,0,6,5,1
6953,0,25,28,-3
6954,0,35,24,11
6955,0,10,24,-14
6957,0,22,40,-18
6959,0,1,3,-2
6960,0,18,8,10
6962,0,25,27,-2
6963,0,37,54,-17
6964,0,36,30,6
6965,0,142,154,-12
6966,0,10,20,-10
6967,0,74,32,42
6969,0,21,3,18
6973,0,27,30,-3
6976,0,4,4,0
6977,0,94,82,12
6979,0,151,175,-24
6981,0,26,73,-47
6982,0,21,25,-4
6984,0,145,165,-20
6985,0,45,47,-2
6986,0,33,63,-30
6988,0,119,144,-25
6991,0,6,2,4
6992,0,2,11,-9
6994,0,33,47,-14
6997,0,7,23,-16
6998,0,78,122,-44
6999,0,9,10,-1
7001,0,8,31,-23
7002,0,2,2,0
7007,0,192,210,-18
7010,0,79,38,41
7013,0,17,17,0
7014,0,117,139,-22
7015,0,54,96,-42
7017,0,71,37,34
7018,0,22,23,-1
7019,0,40,85,-45
7021,0,5,16,-11
7023,0,15,39,-24
7025,0,37,88,-51
7026,0,45,39,6
7029,0,74,116,-42
7030,0,90,77,13
7032,0,26,32,-6
7033,0,12,10,2
7035,0,15,16,-1
7036,0,129,107,22
7037,0,9,12,-3
7038,0,22,82,-60
7039,0,10,11,-1
7042,0,36,32,4
7043,0,9,3,6
7051,0,52,92,-40
7052,0,11,60,-49
7053,0,25,58,-33
7054,0,19,17,2
7055,0,19,49,-30
7057,0,137,162,-25
7058,0,28,13,15
7061,0,8,9,-1
7062,0,13,47,-34
7063,0,28,75,-47
7065,0,14,50,-36
7066,0,9,12,-3
7067,0,41,47,-6
7068,0,19,41,-22
7070,0,203,197,6
7071,0,64,32,32
7072,0,72,77,-5
7073,0,4,15,-11
7074,0,3,5,-2
7079,0,29,15,14
7080,0,44,10,34
7081,0,4,1,3
7083,0,17,35,-18
7084,0,28,16,12
7085,0,55,10,45
7087,0,3,32,-29
7088,0,583,613,-30
7090,0,52,74,-22
7094,0,57,96,-39
7095,0,15,27,-12
7099,0,15,26,-11
7100,0,47,73,-26
7101,0,1,6,-5
7102,0,1,45,-44
7103,0,4,1,3
7104,0,60,109,-49
7106,0,63,66,-3
7108,0,134,180,-46
7110,0,5,8,-3
7112,0,3,21,-18
7114,0,109,138,-29
7115,0,77,23,54
7116,0,5,6,-1
7118,0,2,32,-30
7119,0,24,13,11
7120,0,10,8,2
7121,0,21,4,17
7124,0,45,19,26
7125,0,2,17,-15
7126,0,36,10,26
7127,0,57,37,20
7129,0,17,2,15
7130,0,59,113,-54
7131,0,33,5,28
7137,0,9,41,-32
7138,0,46,23,23
7139,0,641,675,-34
7141,0,57,102,-45
7144,0,13,41,-28
7145,0,6,7,-1
7147,0,19,65,-46
7149,0,16,32,-16
7151,0,15,18,-3
7154,0,64,39,25
7155,0,77,99,-22
7156,0,45,57,-12
7157,0,67,124,-57
7158,0,82,75,7
7159,0,2,11,-9
7160,0,9,24,-15
7161,0,15,25,-10
7164,0,30,55,-25
7165,0,142,121,21
7168,0,6,49,-43
7169,0,72,31,41
7172,0,55,99,-44
7174,0,65,23,42
7175,0,11,24,-13
7176,0,6,16,-10
7177,0,99,93,6
7181,0,6,61,-55
7183,0,70,82,-12
7184,0,32,25,7
7187,0,49,73,-24
7190,0,30,66,-36
7192,0,63,116,-53
7194,0,46,81,-35
7195,0,17,8,9
7196,0,125,154,-29
7197,0,20,11,9
7198,0,200,170,30
7199,0,4,33,-29
7202,0,55,36,19
7203,0,13,2,11
7204,0,22,63,-41
7206,0,32,33,-1
7208,0,3,40,-37
7210,0,56,74,-18
7211,0,18,68,-50
7213,0,12,15,-3
7216,0,14,5,9
7217,0,4,5,-1
7218,0,1,30,-29
7219,0,58,11,47
7221,0,33,18,15
7222,0,11,5,6
7223,0,25,4,21
7224,0,77,65,12
7227,0,41,64,-23
7229,0,33,19,14
7231,0,2,3,-1
7232,0,109,112,-3
7233,0,10,27,-17
7234,0,8,15,-7
7235,0,13,3,10
7237,0,31,4,27
7238,0,113,75,38
7239,0,63,84,-21
7240,0,27,5,22
7241,0,22,11,11
7242,0,33,23,10
7243,0,223,197,26
7245,0,16,54,-38
7248,0,93,46,47
7250,0,46,64,-18
7253,0,87,76,11
7254,0,6,3,3
7255,0,1,10,-9
7256,0,208,244,-36
7258,0,4,24,-20
7260,0,9,8,1
7261,0,7,22,-15
7262,0,32,38,-6
7264,0,30,62,-32
7267,0,141,157,-16
7269,0,80,43,37
7270,0,40,43,-3
7271,0,7,67,-60
7272,0,66,70,-4
7279,0,7,4,3
7280,0,40,24,16
7282,0,9,20,-11
7283,0,10,29,-19
7284,0,119,83,36
7285,0,16,61,-45
7287,0,426,435,-9
7291,0,64,35,29
7294,0,23,66,-43
7295,0,28,50,-22
7296,0,6,13,-7
7298,0,11,26,-15
7299,0,28,1,27
7300,0,19,19,0
7301,0,26,12,14
7302,0,12,36,-24
7303,0,10,16,-6
7305,0,11,21,-10
7306,0,15,23,-8
7307,0,89,140,-51
7308,0,23,66,-43
7310,0,283,292,-9
7313,0,30,44,-14
7314,0,13,54,-41
7315,0,11,18,-7
7316,0,11,19,-8
7317,0,169,116,53
7319,0,251,303,-52
7320,0,34,46,-12
7322,0,27,25,2
7323,0,82,35,47
7324,0,41,35,6
7327,0,33,11,22
7330,0,18,16,2
7331,0,1082,1143,-61
7332,0,71,73,-2
7337,0,46,60,-14
7338,0,15,31,-16
7339,0,36,25,11
7340,0,38,47,-9
7341,0,19,24,-5
7345,0,24,35,-11
7348,0,2,23,-21
7349,0,45,40,5
7351,0,10,5,5
7354,0,32,58,-26
7356,0,24,39,-15
7358,0,24,45,-21
7359,0,35,17,18
7360,0,23,51,-28
7361,0,6,11,-5
7362,0,158,116,42
7363,0,127,171,-44
7364,0,22,42,-20
7367,0,17,16,1
7368,0,140,120,20
7373,0,10,13,-3
7374,0,1,6,-5
7375,0,13,11,2
7376,0,94,155,-61
7377,0,376,356,20
7378,0,35,27,8
7380,0,3349,3384,-35
7381,0,39,66,-27
7382,0,55,34,21
7383,0,28,72,-44
7384,0,9,25,-16
7385,0,31,70,-39
7386,0,40,2,38
7389,0,23,42,-19
7392,0,5,17,-12
7395,0,67,100,-33
7397,0,31,10,21
7398,0,105,142,-37
7402,0,16,76,-60
7408,0,59,73,-14
7409,0,19,11,8
7410,0,47,62,-15
7411,0,9,3,6
7412,0,19,7,12
7413,0,23,63,-40
7416,0,3,24,-21
7422,0,14,21,-7
7424,0,23,10,13
7425,0,21,51,-30
7426,0,20,75,-55
7427,0,138,91,47
7429,0,32,24,8
7430,0,10,20,-10
7431,0,91,112,-21
7432,0,13,16,-3
7433,0,9,4,5
7434,0,152,191,-39
7435,0,19,18,1
7437,0,48,39,9
7438,0,21,30,-9
7439,0,78,70,8
7440,0,18,4,14
7441,0,124,123,1
7443,0,50,56,-6
7447,0,36,65,-29
7448,0,8,31,-23
7449,0,51,61,-10
7450,0,34,91,-57
7453,0,67,114,-47
7458,0,13,30,-17
7459,0,30,53,-23
7463,0,6,3,3
7464,0,39,67,-28
7467,0,37,75,-38
7468,0,2,3,-1
7469,0,21,4,17
7472,0,238,261,-23
7473,0,14,63,-49
7475,0,55,43,12
7477,0,18,24,-6
7479,0,9,3,6
7480,0,36,82,-46
7483,0,8,26,-18
7484,0,118,143,-25
7485,0,45,10,35
7486,0,1,6,-5
7487,0,170,178,-8
7489,0,75,116,-41
7490,0,1,8,-7
7491,0,12,11,1
7492,0,59,31,28
7494,0,45,21,24
7495,0,11,8,3
7496,0,13,13,0
7497,0,18,61,-43
7498,0,2,15,-13
7499,0,69,78,-9
7501,0,55,42,13
7503,0,14,7,7
7506,0,7,28,-21
7507,0,74,118,-44
7509,0,43,59,-16
7511,0,60,40,20
7513,0,168,185,-17
7515,0,53,24,29
7516,0,28,26,2
7517,0,15,8,7
7518,0,18,39,-21
7519,0,29,34,-5
7522,0,9,10,-1
7523,0,21,31,-10
7525,0,10,12,-2
7526,0,16,34,-18
7529,0,15,11,4
7532,0,39,47,-8
7534,0,4,23,-19
7538,0,93,43,50
7541,0,4,27,-23
7545,0,6,37,-31
7546,0,60,54,6
7548,0,44,20,24
7552,0,18,21,-3
7555,0,1,6,-5
7556,0,12,29,-17
7557,0,89,127,-38
7559,0,42,33,9
7564,0,12,16,-4
7565,0,111,161,-50
7567,0,7,10,-3
7570,0,263,313,-50
7573,0,12,8,4
7575,0,12,8,4
7577,0,17,20,-3
7578,0,3,11,-8
7581,0,51,55,-4
7583,0,6,9,-3
7586,0,44,89,-45
7587,0,16,10,6
7588,0,198,202,-4
7589,0,11,1,10
7592,0,23,25,-2
7594,0,136,121,15
7595,0,77,61,16
7597,0,17,32,-15
7598,0,34,64,-30
7606,0,22,23,-1
7607,0,237,222,15
7608,0,281,264,17
7612,0,14,8,6
7613,0,40,13,27
7614,0,3,2,1
7615,0,53,54,-1
7616,0,3207,3204,3
7617,0,50,103,-53
7618,0,117,98,19
7619,0,22,31,-9
7620,0,11,22,-11
7621,0,14,27,-13
7622,0,132,85,47
7626,0,34,11,23
7628,0,38,19,19
7630,0,85,111,-26
7632,0,110,114,-4
7637,0,38,87,-49
7638,0,42,85,-43
7639,0,96,66,30
7640,0,39,14,25
7645,0,4,35,-31
7646,0,97,131,-34
7651,0,79,41,38
7652,0,4,43,-39
7654,0,44,57,-13
7656,0,16,4,12
7658,0,39,45,-6
7659,0,38,6,32
7660,0,204,237,-33
7661,0,25,26,-1
7662,0,17,23,-6
7663,0,127,148,-21
7664,0,575,531,44
7665,0,57,80,-23
7666,0,10,13,-3
7667,0,3,4,-1
7668,0,52,72,-20
7669,0,17,28,-11
7670,0,228,214,14
7671,0,28,12,16
7672,0,70,64,6
7673,0,11,24,-13
7674,0,60,61,-1
7676,0,7,32,-25
7678,0,127,157,-30
7681,0,18,23,-5
7683,0,17,14,3
7684,0,173,191,-18
7687,0,20,18,2
7688,0,35,44,-9
7689,0,4,11,-7
7691,0,61,69,-8
7692,0,71,91,-20
7693,0,112,102,10
7694,0,70,46,24
7695,0,132,82,50
7700,0,20,21,-1
7701,0,38,52,-14
7702,0,23,20,3
7703,0,25,7,18
7705,0,5,20,-15
7706,0,65,86,-21
7708,0,11,14,-3
7710,0,40,54,-14
7714,0,24,43,-19
7717,0,293,290,3
7720,0,75,24,51
7721,0,25,21,4
7722,0,48,44,4
7723,0,303,348,-45
7729,0,24,16,8
7731,0,4,3,1
7732,0,6,18,-12
7734,0,41,15,26
7738,0,42,8,34
7739,0,5,3,2
7743,0,15,24,-9
7744,0,3,37,-34
7746,0,11,33,-22
7748,0,14,23,-9
7749,0,6,32,-26
7751,0,14,10,4
7752,0,128,164,-36
7754,0,153,134,19
7755,0,3,30,-27
7758,0,6,4,2
7760,0,147,173,-26
7761,0,171,209,-38
7765,0,10,6,4
7766,0,8,24,-16
7769,0,4,1,3
7770,0,8,47,-39
7776,0,37,21,16
7777,0,10,20,-10
7779,0,26,38,-12
7783,0,3,12,-9
7784,0,25,25,0
7785,0,13,30,-17
7791,0,83,106,-23
7792,0,13,12,1
7793,0,226,176,50
7794,0,15,15,0
7795,0,118,125,-7
7796,0,1,10,-9
7797,0,550,511,39
7798,0,33,50,-17
7799,0,55,55,0
7801,0,1,8,-7
7802,0,15,8,7
7805,0,15,2,13
7807,0,57,84,-27
7808,0,34,43,-9
7810,0,4,10,-6
7811,0,34,16,18
7815,0,14,27,-13
7816,0,152,154,-2
7817,0,13,72,-59
7818,0,67,61,6
7819,0,26,19,7
7820,0,1,3,-2
7825,0,31,19,12
7827,0,23,40,-17
7829,0,13,39,-26
7831,0,13,11,2
7833,0,23,26,-3
7834,0,55,2,53
7836,0,21,60,-39
7837,0,12,27,-15
7839,0,7,8,-1
7842,0,4,0,4
7843,0,2,3,-1
7844,0,20,5,15
7846,0,10,5,5
7848,0,1,26,-25
7851,0,2,2,0
7852,0,40,38,2
7853,0,36,38,-2
7856,0,14,13,1
7857,0,253,265,-12
7860,0,6,7,-1
7861,0,137,103,34
7863,0,67,78,-11
7864,0,7,54,-47
7865,0,225,182,43
7866,0,5,2,3
7867,0,130,104,26
7875,0,4,2,2
7876,0,72,83,-11
7880,0,113,170,-57
7882,0,22,59,-37
7883,0,7,4,3
7884,0,5,39,-34
7889,0,13,22,-9
7891,0,1,9,-8
7892,0,188,167,21
7893,0,16,5,11
7894,0,36,60,-24
7895,0,4,6,-2
7896,0,44,86,-42
7898,0,13,52,-39
7901,0,25,33,-8
7906,0,4,7,-3
7907,0,81,43,38
7908,0,11,44,-33
7909,0,6,43,-37
7910,0,20,24,-4
7911,0,7,10,-3
7913,0,37,11,26
7917,0,181,187,-6
7918,0,114,140,-26
7919,0,16,13,3
7920,0,29,41,-12
7921,0,13,73,-60
7923,0,42,23,19
7927,0,10,16,-6
7928,0,123,81,42
7929,0,15,40,-25
7930,0,208,172,36
7932,0,48,39,9
7933,0,53,16,37
7936,0,35,12,23
7937,0,30,33,-3
7939,0,27,23,4
7940,0,1,10,-9
7941,0,131,118,13
7942,0,31,31,0
7943,0,52,64,-12
7946,0,9,42,-33
7948,0,69,53,16
7949,0,28,8,20
7950,0,23,65,-42
7952,0,398,398,0
7953,0,36,58,-22
7954,0,89,41,48
7957,0,23,26,-3
7960,0,11,0,11
7961,0,23,27,-4
7964,0,24,11,13
7965,0,2,27,-25
7970,0,47,84,-37
7971,0,2,1,1
7972,0,26,24,2
7973,0,10,14,-4
7974,0,39,66,-27
7975,0,20,12,8
7976,0,3,7,-4
7977,0,234,216,18
7979,0,35,38,-3
7980,0,155,193,-38
7981,0,13,8,5
7984,0,51,11,40
7985,0,6,9,-3
7986,0,86,80,6
7990,0,11,22,-11
7991,0,25,31,-6
7992,0,86,56,30
7993,0,35,11,24
7994,0,19,3,16
7996,0,140,96,44
7997,0,15,5,10
7998,0,21,49,-28
7999,0,8,4,4
8002,0,91,45,46
8003,0,76,106,-30
8004,0,4,3,1
8005,0,3,11,-8
8006,0,1,1,0
8007,0,277,249,28
8012,0,82,38,44
8014,0,40,42,-2
8015,0,1,17,-16
8017,0,171,215,-44
8020,0,118,110,8
8022,0,152,100,52
8025,0,13,18,-5
8026,0,16,9,7
8029,0,111,73,38
8030,0,9,10,-1
8031,0,25,50,-25
8032,0,56,44,12
8034,0,17,70,-53
8040,0,7,32,-25
8041,0,16,11,5
8043,0,87,123,-36
8044,0,22,15,7
8045,0,39,85,-46
8046,0,8,19,-11
8047,0,16,33,-17
8048,0,16,14,2
8050,0,39,20,19
8051,0,107,115,-8
8052,0,40,51,-11
8053,0,24,6,18
8055,0,61,90,-29
8058,0,6,11,-5
8061,0,290,333,-43
8062,0,6,20,-14
8064,0,146,205,-59
8065,0,10,32,-22
8066,0,76,70,6
8068,0,5,2,3
8069,0,5,22,-17
8073,0,79,36,43
8077,0,5,1,4
8078,0,3,33,-30
8084,0,86,86,0
8085,0,1,8,-7
8087,0,85,80,5
8089,0,34,12,22
8091,0,85,31,54
8092,0,40,35,5
8095,0,95,109,-14
8098,0,3,16,-13
8102,0,25,53,-28
8103,0,45,66,-21
8105,0,15,43,-28
8107,0,31,76,-45
8108,0,57,18,39
8110,0,18,5,13
8112,0,87,80,7
8113,0,13,4,9
8116,0,14,24,-10
8117,0,49,68,-19
8119,0,3,26,-23
8120,0,63,53,10
8122,0,48,5,43
8123,0,15,28,-13
8124,0,31,25,6
8125,0,95,108,-13
8126,0,36,62,-26
8127,0,2,12,-10
8128,0,116,116,0
8129,0,53,39,14
8130,0,58,69,-11
8132,0,123,89,34
8133,0,30,19,11
8135,0,60,48,12
8136,0,1,42,-41
8138,0,4,1,3
8139,0,25,21,4
8140,0,20,20,0
8141,0,67,119,-52
8142,0,535,519,16
8143,0,150,182,-32
8146,0,6,12,-6
8147,0,5821,5786,35
8151,0,23,65,-42
8152,0,50,29,21
8153,0,13,16,-3
8154,0,31,54,-23
8155,0,8,5,3
8156,0,31,36,-5
8157,0,5,44,-39
8159,0,56,19,37
8161,0,3,15,-12
8163,0,41,20,21
8164,0,39,28,11
8165,0,33,3,30
8166,0,44,53,-9
8168,0,261,235,26
8169,0,4,7,-3
8171,0,80,68,12
8172,0,39,34,5
8173,0,1,4,-3
8177,0,13,24,-11
8178,0,58,118,-60
8179,0,3,24,-21
8182,0,129,147,-18
8183,0,16,42,-26
8184,0,25,22,3
8186,0,6,12,-6
8187,0,23,21,2
8190,0,39,23,16
8192,0,18,18,0
8193,0,16,36,-20
8196,0,12,14,-2
8197,0,8,46,-38
8200,0,7,17,-10
8201,0,53,43,10
8202,0,8,9,-1
8203,0,24,26,-2
8204,0,20,19,1
8206,0,12,15,-3
8207,0,11,9,2
8213,0,190,179,11
8216,0,79,100,-21
8217,0,18,24,-6
8219,0,43,55,-12
8220,0,7,5,2
8222,0,13,56,-43
8223,0,22,17,5
8224,0,23,57,-34
8225,0,47,91,-44
8226,0,70,79,-9
8227,0,82,72,10
8229,0,171,213,-42
8230,0,5,7,-2
8231,0,6,14,-8
8238,0,14,13,1
8239,0,34,14,20
8240,0,16,7,9
8241,0,67,65,2
8242,0,63,40,23
8244,0,21,52,-31
8245,0,29,81,-52
8246,0,32,26,6
8247,0,20,21,-1
8248,0,5,14,-9
8249,0,52,67,-15
8250,0,1,1,0
8252,0,75,94,-19
8253,0,31,14,17
8257,0,12,18,-6
8258,0,300,294,6
8260,0,20,31,-11
8262,0,16,9,7
8263,0,42,28,14
8264,0,10,21,-11
8265,0,51,52,-1
8268,0,32,6,26
8270,0,43,16,27
8273,0,105,152,-47
8275,0,10,12,-2
8276,0,51,30,21
8277,0,1,4,-3
8279,0,120,119,1
8280,0,34,43,-9
8281,0,261,282,-21
8282,0,2,1,1
8283,0,4,2,2
8285,0,33,57,-24
8286,0,41,5,36
8287,0,30,10,20
8294,0,272,247,25
8296,0,954,1004,-50
8297,0,4,7,-3
8298,0,15,59,-44
8299,0,55,44,11
8302,0,7,10,-3
8303,0,24,18,6
8306,0,28,8,20
8307,0,23,30,-7
8310,0,167,163,4
8311,0,4,13,-9
8313,0,15,1,14
8314,0,21,4,17
8315,0,387,397,-10
8317,0,16,27,-11
8318,0,14,28,-14
8320,0,3,18,-15
8323,0,15,6,9
8327,0,71,17,54
8329,0,1,5,-4
8331,0,14,9,5
8332,0,63,56,7
8333,0,79,28,51
8334,0,112,168,-56
8336,0,21,69,-48
8337,0,32,1,31
8338,0,76,81,-5
8344,0,2,3,-1
8346,0,1953,1929,24
8349,0,21,21,0
8352,0,210,200,10
8354,0,20,13,7
8355,0,41,40,1
8356,0,154,170,-16
8357,0,14,15,-1
8360,0,25,52,-27
8361,0,16,37,-21
8363,0,13,8,5
8365,0,41,50,-9
8366,0,18,11,7
8367,0,144,155,-11
8368,0,18,14,4
8369,0,30,25,5
8370,0,387,412,-25
8371,0,126,98,28
8372,0,25,45,-20
8374,0,11,13,-2
8375,0,17,36,-19
8376,0,12,66,-54
8377,0,5,5,0
8381,0,1954,1965,-11
8384,0,35,14,21
8385,0,3,10,-7
8386,0,6,59,-53
8389,0,6,10,-4
8392,0,27,18,9
8397,0,44,30,14
8398,0,56,61,-5
8399,0,15,14,1
8400,0,647,680,-33
8401,0,10,17,-7
8402,0,7,3,4
8403,0,82,28,54
8406,0,7,10,-3
8407,0,37,14,23
8408,0,45,65,-20
8410,0,5,24,-19
8411,0,1,21,-20
8412,0,431,455,-24
8413,0,19,11,8
8414,0,8,18,-10
8417,0,40,25,15
8418,0,21,46,-25
8421,0,16,17,-1
8423,0,2,3,-1
8424,0,27,59,-32
8425,0,17,63,-46
8428,0,182,148,34
8429,0,68,78,-10
8430,0,39,61,-22
8431,0,20,36,-16
8432,0,25,5,20
8437,0,94,115,-21
8439,0,23,82,-59
8440,0,4,6,-2
8446,0,3,23,-20
8449,0,2,3,-1
8452,0,2,25,-23
8453,0,83,101,-18
8454,0,175,223,-48
8457,0,57,76,-19
8459,0,34,3,31
8462,0,42,45,-3
8464,0,71,90,-19
8467,0,40,9,31
8468,0,84,113,-29
8469,0,16,62,-46
8471,0,22,49,-27
8474,0,13,24,-11
8475,0,22,15,7
8476,0,30,3,27
8479,0,11,61,-50
8480,0,60,68,-8
8483,0,8,3,5
8484,0,12,9,3
8488,0,43,62,-19
8492,0,13,26,-13
8496,0,11,44,-33
8498,0,20,12,8
8499,0,65,124,-59
8500,0,52,65,-13
8503,0,28,42,-14
8504,0,62,110,-48
8505,0,41,87,-46
8506,0,130,144,-14
8507,0,73,104,-31
8509,0,1861,1908,-47
8511,0,5,60,-55
8514,0,35,49,-14
8523,0,23,34,-11
8524,0,6,3,3
8527,0,13,45,-32
8528,0,7,41,-34
8530,0,10,36,-26
8535,0,83,64,19
8537,0,5,6,-1
8539,0,5,13,-8
8540,0,108,154,-46
8542,0,45,24,21
8543,0,25,42,-17
8546,0,1,16,-15
8547,0,11,12,-1
8548,0,29,17,12
8549,0,107,63,44
8550,0,22,33,-11
8551,0,68,119,-51
8552,0,13,10,3
8553,0,16,19,-3
8554,0,21,19,2
8555,0,31,17,14
8556,0,97,63,34
8557,0,7,14,-7
8558,0,20,36,-16
8560,0,24,33,-9
8561,0,7,24,-17
8566,0,50,25,25
8568,0,35,46,-11
8569,0,7,6,1
8572,0,89,106,-17
8575,0,88,91,-3
8578,0,44,31,13
8579,0,140,198,-58
8581,0,14,40,-26
8582,0,37,70,-33
8583,0,17,46,-29
8584,0,92,84,8
8586,0,62,102,-40
8587,0,8,16,-8
8588,0,80,52,28
8589,0,24,36,-12
8592,0,14,27,-13
8593,0,29,74,-45
8596,0,43,81,-38
8597,0,4,34,-30
8598,0,62,107,-45
8599,0,70,109,-39
8601,0,41,64,-23
8602,0,15,7,8
8603,0,24,34,-10
8605,0,2,6,-4
8606,0,91,139,-48
8609,0,11,26,-15
8610,0,193,177,16
8612,0,28,13,15
8613,0,8,18,-10
8614,0,2,5,-3
8616,0,3,54,-51
8617,0,1,53,-52
8619,0,31,2,29
8620,0,33,31,2
8621,0,29,31,-2
8623,0,7,64,-57
8624,0,54,10,44
8625,0,23,32,-9
8628,0,29,31,-2
8629,0,20,5,15
8630,0,15,23,-8
8632,0,23,37,-14
8633,0,73,103,-30
8634,0,65,16,49
8635,0,78,45,33
8636,0,58,35,23
8637,0,53,82,-29
8640,0,7,23,-16
8643,0,114,96,18
8645,0,15,22,-7
8646,0,197,183,14
8648,0,83,135,-52
8650,0,6,7,-1
8653,0,9,23,-14
8654,0,176,194,-18
8655,0,12,28,-16
8656,0,13,39,-26
8658,0,12,12,0
8662,0,80,108,-28
8663,0,19,39,-20
8664,0,29,11,18
8665,0,33,5,28
8666,0,140,108,32
8668,0,68,43,25
8671,0,26,10,16
8672,0,68,48,20
8675,0,9,21,-12
8677,0,8,1,7
8685,0,187,172,15
8686,0,30,18,12
8689,0,1,3,-2
8690,0,12,1,11
8691,0,24,69,-45
8692,0,11,23,-12
8694,0,6,2,4
8696,0,38,11,27
8698,0,17,16,1
8699,0,5,3,2
8700,0,33,64,-31
8701,0,1,4,-3
8702,0,104,65,39
8703,0,118,130,-12
8705,0,24,24,0
8707,0,2,53,-51
8708,0,13,29,-16
8709,0,70,116,-46
8710,0,35,48,-13
8711,0,34,12,22
8713,0,5,14,-9
8715,0,51,57,-6
8717,0,103,66,37
8718,0,1,14,-13
8720,0,5,1,4
8721,0,10,26,-16
8725,0,8,40,-32
8727,0,10,53,-43
8730,0,35,7,28
8732,0,329,282,47
8735,0,62,99,-37
8737,0,9,33,-24
8739,0,14,56,-42
8740,0,20,41,-21
8741,0,47,18,29
8743,0,41,39,2
8744,0,1,23,-22
8745,0,38,29,9
8746,0,66,60,6
8747,0,13,12,1
8748,0,26,8,18
8749,0,27,53,-26
8751,0,12,14,-2
8752,0,7,38,-31
8753,0,58,81,-23
8755,0,4,9,-5
8757,0,3,13,-10
8760,0,61,14,47
8762,0,14,30,-16
8763,0,4,36,-32
8764,0,145,148,-3
8765,0,191,176,15
8766,0,32,61,-29
8767,0,11710,11698,12
8772,0,75,87,-12
8773,0,40,33,7
8775,0,68,64,4
8776,0,4,2,2
8777,0,63,117,-54
8778,0,6,4,2
8779,0,136,99,37
8782,0,69,86,-17
8783,0,34,44,-10
8785,0,5,12,-7
8787,0,12,12,0
8788,0,24,53,-29
8790,0,459,454,5
8791,0,1504,1561,-57
8792,0,21,5,16
8793,0,27,23,4
8794,0,88,62,26
8798,0,20,19,1
8799,0,50,37,13
8803,0,88,116,-28
8806,0,18,7,11
8808,0,28,72,-44
8809,0,23,22,1
8810,0,10,14,-4
8811,0,49,19,30
8823,0,64,86,-22
8825,0,25,15,10
8826,0,15,12,3
8827,0,144,170,-26
8830,0,31,51,-20
8831,0,3,31,-28
8832,0,12,50,-38
8833,0,5,9,-4
8834,0,40,58,-18
8835,0,5,23,-18
8836,0,14,39,-25
8837,0,14,8,6
8839,0,20,12,8
8841,0,3,46,-43
8844,0,2,3,-1
8846,0,3,37,-34
8847,0,1,1,0
8848,0,23,62,-39
8849,0,17,10,7
8850,0,33,53,-20
8851,0,9,36,-27
8852,0,102,148,-46
8854,0,39,24,15
8855,0,53,62,-9
8856,0,20,12,8
8859,0,80,132,-52
8861,0,50,43,7
8865,0,5,14,-9
8866,0,51,64,-13
8867,0,34,31,3
8868,0,27,31,-4
8870,0,7,9,-2
8871,0,4,11,-7
8874,0,6,2,4
8876,0,76,97,-21
8877,0,32,35,-3
8880,0,37,76,-39
8881,0,10,22,-12
8882,0,2,19,-17
8884,0,62,112,-50
8885,0,15,17,-2
8886,0,5,10,-5
8889,0,89,68,21
8890,0,24,56,-32
8893,0,1,4,-3
8895,0,20,21,-1
8896,0,4,17,-13
8897,0,23,39,-16
8898,0,2,7,-5
8900,0,11,7,4
8901,0,15,26,-11
8903,0,55,17,38
8907,0,13,24,-11
8910,0,17,7,10
8911,0,36,60,-24
8913,0,28,24,4
8917,0,12,42,-30
8918,0,32,28,4
8919,0,180,126,54
8921,0,130,83,47
8922,0,6,7,-1
8923,0,23,13,10
8925,0,9,18,-9
8926,0,2,9,-7
8927,0,43,17,26
8928,0,27,10,17
8929,0,11,13,-2
8931,0,13,22,-9
8933,0,3,7,-4
8935,0,11,15,-4
8937,0,7,16,-9
8940,0,57,84,-27
8941,0,17,15,2
8942,0,17,32,-15
8943,0,66,64,2
8944,0,28,0,28
8946,0,9,4,5
8947,0,110,90,20
8948,0,21,21,0
8949,0,19,18,1
8951,0,80,40,40
8952,0,2,2,0
8954,0,20,28,-8
8955,0,4,13,-9
8956,0,2,9,-7
8957,0,104,98,6
8958,0,45,93,-48
8962,0,13,6,7
8963,0,24,47,-23
8964,0,43,56,-13
8965,0,37,44,-7
8966,0,5,20,-15
8967,0,3,14,-11
8969,0,40,19,21
8972,0,43,28,15
8975,0,4,13,-9
8976,0,57,40,17
8977,0,64,50,14
8979,0,23,60,-37
8982,0,8,8,0
8983,0,26,7,19
8984,0,3016,2970,46
8986,0,39,7,32
8987,0,2,9,-7
8988,0,45,30,15
8990,0,90,61,29
8991,0,29,13,16
8992,0,1,1,0
8993,0,16,18,-2
8994,0,275,222,53
8995,0,53,10,43
8996,0,13,31,-18
8998,0,2,21,-19
8999,0,1,18,-17
9000,0,198,204,-6
9001,0,20,66,-46
9002,0,9,49,-40
9003,0,2,26,-24
9006,0,29,6,23
9007,0,252,243,9
9008,0,25,31,-6
9009,0,137,182,-45
9010,0,1,2,-1
9013,0,102,62,40
9014,0,48,24,24
9018,0,219,221,-2
9019,0,1,2,-1
9021,0,4,12,-8
9024,0,36,62,-26
9025,0,20,32,-12
9027,0,28,5,23
9028,0,31,16,15
9029,0,17,4,13
9031,0,390,384,6
9032,0,16,8,8
9033,0,2,4,-2
9034,0,97,156,-59
9035,0,76,137,-61
9037,0,24,22,2
9038,0,26,30,-4
9041,0,77,57,20
9044,0,4,20,-16
9046,0,154,108,46
9047,0,22,22,0
9051,0,51,98,-47
9053,0,83,68,15
9054,0,4,7,-3
9055,0,14,7,7
9056,0,22,22,0
9057,0,13,16,-3
9058,0,1,1,0
9059,0,101,123,-22
9061,0,50,40,10
9062,0,7,53,-46
9065,0,66,90,-24
9066,0,7,20,-13
9068,0,18,26,-8
9070,0,65,61,4
9071,0,43,35,8
9072,0,89,75,14
9074,0,35,65,-30
9075,0,7,23,-16
9077,0,9,30,-21
9078,0,42,60,-18
9081,0,28,63,-35
9084,0,15,33,-18
9086,0,72,71,1
9087,0,59,55,4
9088,0,8,6,2
9089,0,12,21,-9
9093,0,26,0,26
9095,0,80,57,23
9098,0,19,5,14
9099,0,7,20,-13
9101,0,16,14,2
9104,0,19,13,6
9105,0,2,4,-2
9106,0,30,43,-13
9107,0,23,21,2
9108,0,7,1,6
9109,0,8,4,4
9110,0,1395,1409,-14
9113,0,101,123,-22
9114,0,38,62,-24
9115,0,25,6,19
9117,0,24,34,-10
9118,0,6,0,6
9119,0,44,39,5
9121,0,3,22,-19
9123,0,50,11,39
9124,0,152,107,45
9125,0,169,194,-25
9128,0,2,5,-3
9129,0,8,63,-55
9130,0,13,31,-18
9132,0,41,19,22
9134,0,15,13,2
9135,0,8,46,-38
9136,0,13,5,8
9138,0,9,2,7
9139,0,7,21,-14
9140,0,14,19,-5
9141,0,6,14,-8
9145,0,11,11,0
9147,0,24,31,-7
9149,0,1,10,-9
9152,0,828,810,18
9153,0,16,2,14
9156,0,190,246,-56
9157,0,11,2,9
9158,0,11,12,-1
9159,0,11,7,4
9160,0,2,38,-36
9161,0,109,160,-51
9164,0,32,35,-3
9166,0,14,29,-15
9167,0,81,40,41
9168,0,9,1,8
9169,0,29,1,28
9172,0,15,29,-14
9174,0,82,142,-60
9176,0,5,24,-19
9178,0,23,20,3
9180,0,16,45,-29
9185,0,23,32,-9
9186,0,124,90,34
9188,0,1,1,0
9189,0,7,20,-13
9190,0,3,17,-14
9192,0,8,5,3
9193,0,11,3,8
9194,0,3,33,-30
9195,0,27,39,-12
9196,0,39,14,25
9197,0,164,110,54
9198,0,21,5,16
9199,0,47,57,-10
9201,0,34,40,-6
9203,0,40,6,34
9204,0,47,34,13
9207,0,15,47,-32
9208,0,6,38,-32
9209,0,1,4,-3
9210,0,67,85,-18
9211,0,114,106,8
9213,0,81,55,26
9215,0,35,27,8
9216,0,8,49,-41
9217,0,76,99,-23
9218,0,145,100,45
9220,0,38,16,22
9222,0,29,37,-8
9227,0,16,45,-29
9228,0,8,7,1
9229,0,87,57,30
9231,0,30,20,10
9234,0,54,25,29
9235,0,1,10,-9
9236,0,9,19,-10
9237,0,135,96,39
9238,0,39,37,2
9242,0,41,21,20
9243,0,9,2,7
9246,0,1,5,-4
9247,0,74,71,3
9249,0,118,80,38
9251,0,163,203,-40
9252,0,5,6,-1
9256,0,1,0,1
9262,0,3,8,-5
9269,0,14,19,-5
9270,0,4,24,-20
9274,0,51,8,43
9275,0,65,22,43
9276,0,43,93,-50
9278,0,70,84,-14
9279,0,25,26,-1
9281,0,16,25,-9
9282,0,3,6,-3
9283,0,91,70,21
9284,0,3,12,-9
9285,0,57,41,16
9289,0,70,104,-34
9290,0,7,7,0
9291,0,76,59,17
9296,0,32,65,-33
9298,0,7,32,-25
9299,0,17,20,-3
9300,0,13,53,-40
9301,0,413,432,-19
9302,0,14,7,7
9303,0,96,149,-53
9306,0,16,24,-8
9307,0,30,24,6
9308,0,45,39,6
9311,0,2,5,-3
9312,0,1,39,-38
9315,0,4,16,-12
9316,0,19,1,18
9317,0,42,20,22
9321,0,80,27,53
9322,0,26,56,-30
9323,0,20,15,5
9324,0,25,6,19
9325,0,1,21,-20
9327,0,7,14,-7
9330,0,75,54,21
9331,0,3,5,-2
9334,0,12,11,1
9335,0,11,13,-2
9336,0,18,4,14
9338,0,11,33,-22
9339,0,3,4,-1
9343,0,1,28,-27
9344,0,98,92,6
9345,0,9,20,-11
9346,0,418,441,-23
9351,0,9,51,-42
9352,0,74,118,-44
9353,0,21,12,9
9354,0,33,11,22
9355,0,129,100,29
9356,0,48,43,5
9359,0,109,91,18
9361,0,40,101,-61
9362,0,6,18,-12
9365,0,12,5,7
9366,0,43,33,10
9367,0,71,103,-32
9370,0,27,10,17
9372,0,9,42,-33
9373,0,4,31,-27
9374,0,31,54,-23
9377,0,92,83,9
9378,0,14,11,3
9380,0,40,6,34
9381,0,8,19,-11
9384,0,55,82,-27
9385,0,446,476,-30
9386,0,47,58,-11
9387,0,9,54,-45
9389,0,51,90,-39
9390,0,17,0,17
9393,0,21,0,21
9395,0,12,2,10
9396,0,8,4,4
9398,0,118,175,-57
9399,0,5,15,-10
9401,0,6,14,-8
9402,0,16,50,-34
9404,0,41,98,-57
9406,0,1,1,0
9407,0,83,34,49
9408,0,69,23,46
9409,0,22,29,-7
9411,0,8,15,-7
9413,0,27,18,9
9416,0,13,41,-28
9417,0,121,102,19
9421,0,15,32,-17
9422,0,33,43,-10
9429,0,5,15,-10
9430,0,98,155,-57
9431,0,2,9,-7
9433,0,45,29,16
9434,0,7,3,4
9435,0,2,35,-33
9439,0,30,20,10
9442,0,7,3,4
9443,0,51,35,16
9445,0,33,37,-4
9446,0,18,41,-23
9448,0,66,73,-7
9449,0,2,12,-10
9450,0,54,41,13
9451,0,19,22,-3
9452,0,38,30,8
9453,0,9,10,-1
9455,0,5,13,-8
9456,0,17,22,-5
9457,0,101,150,-49
9458,0,31,67,-36
9460,0,35,73,-38
9464,0,56,114,-58
9465,0,24,54,-30
9467,0,41,43,-2
9468,0,12,11,1
9469,0,56,55,1
9473,0,65,61,4
9474,0,7,6,1
9476,0,119,152,-33
9479,0,23,46,-23
9480,0,69,29,40
9481,0,8,23,-15
9482,0,6,8,-2
9483,0,17,21,-4
9484,0,53,65,-12
9485,0,269,263,6
9489,0,62,118,-56
9490,0,61,14,47
9491,0,5,7,-2
9495,0,179,159,20
9496,0,18,60,-42
9497,0,23,58,-35
9498,0,16,25,-9
9499,0,1,28,-27
9500,0,1,17,-16
9502,0,2,0,2
9504,0,4,9,-5
9505,0,17,78,-61
9506,0,57,29,28
9508,0,3,3,0
9509,0,13,19,-6
9510,0,32,61,-29
9511,0,38,68,-30
9512,0,22,28,-6
9518,0,272,250,22
9522,0,12,26,-14
9523,0,20,17,3
9524,0,5,7,-2
9526,0,73,49,24
9527,0,91,56,35
9530,0,20,7,13
9531,0,29,10,19
9532,0,139,107,32
9533,0,7,8,-1
9537,0,8,21,-13
9539,0,5,10,-5
9541,0,107,120,-13
9543,0,6,4,2
9546,0,193,233,-40
9547,0,12,13,-1
9549,0,34,32,2
9550,0,2,11,-9
9551,0,127,129,-2
9554,0,15,76,-61
9556,0,74,75,-1
9557,0,7,13,-6
9558,0,19,7,12
9560,0,45,50,-5
9563,0,47,50,-3
9564,0,157,174,-17
9565,0,3,12,-9
9566,0,43,27,16
9567,0,5,11,-6
9569,0,43,35,8
9572,0,68,76,-8
9574,0,49,74,-25
9576,0,41,76,-35
9579,0,28,30,-2
9580,0,27,85,-58
9581,0,61,64,-3
9584,0,143,141,2
9585,0,2,22,-20
9588,0,43,64,-21
9589,0,38,37,1
9591,0,1,2,-1
9592,0,70,70,0
9594,0,147,136,11
9595,0,68,70,-2
9597,0,134,121,13
9598,0,8,13,-5
9599,0,8,21,-13
9600,0,25,29,-4
9601,0,41,50,-9
9604,0,18,42,-24
9605,0,22,11,11
9606,0,13,16,-3
9607,0,10,8,2
9608,0,184,130,54
9610,0,23,3,20
9612,0,4,9,-5
9616,0,8,30,-22
9618,0,1,9,-8
9619,0,1,12,-11
9620,0,45,101,-56
9621,0,28,16,12
9623,0,37,35,2
9625,0,54,106,-52
9626,0,82,40,42
9629,0,14,17,-3
9631,0,10,30,-20
9632,0,12,16,-4
9633,0,24,22,2
9634,0,33,55,-22
9636,0,56,106,-50
9639,0,38,6,32
9640,0,13,4,9
9642,0,6,2,4
9643,0,220,179,41
9644,0,15,56,-41
9645,0,12,2,10
9646,0,36,3,33
9650,0,30,43,-13
9651,0,1,1,0
9652,0,7,1,6
9653,0,81,51,30
9654,0,20,34,-14
9655,0,7,41,-34
9656,0,44,83,-39
9657,0,16,21,-5
9659,0,8,8,0
9661,0,30,6,24
9663,0,80,38,42
9666,0,44,14,30
9667,0,54,47,7
9668,0,8,1,7
9669,0,78,41,37
9673,0,67,65,2
9674,0,28,25,3
9675,0,47,22,25
9679,0,73,25,48
9680,0,245,298,-53
9681,0,61,30,31
9682,0,1,25,-24
9683,0,4,18,-14
9684,0,121,119,2
9686,0,6,7,-1
9689,0,8,22,-14
9691,0,43,46,-3
9697,0,19,8,11
9698,0,3,13,-10
9700,0,62,28,34
9701,0,47,76,-29
9702,0,61,27,34
9703,0,14,17,-3
9705,0,133,182,-49
9706,0,7,1,6
9708,0,43,13,30
9711,0,58,31,27
9713,0,279,252,27
9718,0,122,126,-4
9722,0,38,29,9
9723,0,65,77,-12
9724,0,88,84,4
9725,0,28,29,-1
9727,0,3,8,-5
9728,0,97,43,54
9729,0,6,17,-11
9731,0,96,56,40
9732,0,1,47,-46
9733,0,2,10,-8
9734,0,95,108,-13
9735,0,17,5,12
9737,0,8,6,2
9738,0,15,9,6
9740,0,23,76,-53
9742,0,11,20,-9
9743,0,19,27,-8
9746,0,85,83,2
9753,0,25,25,0
9754,0,38,52,-14
9755,0,61,92,-31
9757,0,2,4,-2
9759,0,90,86,4
9763,0,5,5,0
9765,0,33,18,15
9767,0,9,24,-15
9768,0,8,18,-10
9769,0,1,6,-5
9770,0,9,8,1
9772,0,38,61,-23
9773,0,16,6,10
9775,0,66,78,-12
9778,0,65,80,-15
9779,0,14,1,13
9780,0,52,19,33
9782,0,1,18,-17
9785,0,1,11,-10
9786,0,10,15,-5
9788,0,61,39,22
9789,0,13,17,-4
9791,0,1,21,-20
9793,0,12,7,5
9794,0,9,29,-20
9795,0,36,50,-14
9797,0,4,15,-11
9802,0,16,12,4
9803,0,52,57,-5
9807,0,3,6,-3
9809,0,8,10,-2
9811,0,22,13,9
9812,0,32,79,-47
9813,0,36,89,-53
9814,0,48,85,-37
9815,0,56,43,13
9816,0,45,93,-48
9817,0,60,51,9
9820,0,19,70,-51
9821,0,191,244,-53
9822,0,51,76,-25
9823,0,56,23,33
9836,0,48,80,-32
9837,0,9,22,-13
9838,0,7,58,-51
9841,0,42,91,-49
9843,0,17,45,-28
9846,0,5,25,-20
9848,0,63,9,54
9849,0,28,3,25
9850,0,46,15,31
9851,0,117,69,48
9853,0,22,38,-16
9857,0,16,14,2
9860,0,6,42,-36
9861,0,71,43,28
9868,0,4,13,-9
9870,0,7,26,-19
9871,0,22,35,-13
9872,0,8,10,-2
9874,0,27,8,19
9875,0,22,36,-14
9876,0,16,5,11
9877,0,3,9,-6
9878,0,34,40,-6
9881,0,36,14,22
9882,0,35,22,13
9883,0,29,17,12
9884,0,66,39,27
9885,0,43,78,-35
9887,0,6,34,-28
9888,0,142,140,2
9889,0,5,11,-6
9891,0,16,16,0
9894,0,1,5,-4
9896,0,4,24,-20
9900,0,283,239,44
9901,0,35,7,28
9902,0,57,42,15
9904,0,20,23,-3
9907,0,6,9,-3
9908,0,13,2,11
9909,0,8,7,1
9910,0,92,125,-33
9911,0,5,15,-10
9912,0,47,44,3
9914,0,14,36,-22
9915,0,66,65,1
9916,0,113,75,38
9917,0,59,77,-18
9918,0,12,2,10
9920,0,10,6,4
9921,0,7,22,-15
9922,0,41,17,24
9923,0,3,25,-22
9924,0,74,64,10
9925,0,110,139,-29
9927,0,84,69,15
9928,0,13,13,0
9931,0,116,150,-34
9932,0,169,169,0
9936,0,3,5,-2
9937,0,81,51,30
9938,0,7,9,-2
9939,0,277,248,29
9940,0,45,66,-21
9941,0,1,1,0
9943,0,161,118,43
9944,0,54,48,6
9946,0,27,59,-32
9947,0,21,43,-22
9948,0,44,32,12
9951,0,2,15,-13
9952,0,103,80,23
9953,0,139,91,48
9954,0,27,20,7
9956,0,89,36,53
9958,0,11,6,5
9960,0,82,72,10
9961,0,29,29,0
9965,0,5,14,-9
9970,0,34,55,-21
9971,0,58,87,-29
9972,0,56,20,36
9973,0,130,182,-52
9974,0,19,12,7
9975,0,29,77,-48
9978,0,12,58,-46
9979,0,33,19,14
9980,0,12,8,4
9981,0,194,162,32
9982,0,115,63,52
9984,0,113,166,-53
9985,0,4,2,2
9986,0,7,40,-33
9987,0,3,42,-39
9990,0,11,30,-19
9991,0,537,556,-19
9992,0,27,21,6
9993,0,9,13,-4
9995,0,13,52,-39
9996,0,38,44,-6
9999,0,99,77,22
10000,0,59,39,20
10002,0,5,41,-36
10003,0,35,17,18
10005,0,29,38,-9
10008,0,65,38,27
10009,0,25,20,5
10010,0,51,22,29
10011,0,5,51,-46
10013,0,5,26,-21
10015,0,37,16,21
10020,0,19,19,0
10021,0,14,61,-47
10024,0,162,189,-27
10026,0,13,8,5
10029,0,23,58,-35
10031,0,81,105,-24
10033,0,106,62,44
10034,0,23,15,8
10036,0,16,7,9
10039,0,13,13,0
10040,0,26,6,20
10042,0,128,123,5
10044,0,46,36,10
10045,0,19,35,-16
10046,0,13,5,8
10047,0,30,63,-33
10049,0,36,41,-5
10050,0,49,2,47
10052,0,51,110,-59
10056,0,29,8,21
10057,0,75,71,4
10058,0,78,61,17
10061,0,15,41,-26
10063,0,49,19,30
10064,0,65,50,15
10067,0,9,6,3
10068,0,5,27,-22
10069,0,501,454,47
10070,0,34,54,-20
10072,0,11,33,-22
10074,0,67,117,-50
10077,0,3,16,-13
10079,0,38,27,11
10080,0,21,18,3
10081,0,9,6,3
10082,0,4,11,-7
10084,0,17,36,-19
10085,0,65,21,44
10087,0,67,19,48
10088,0,318,334,-16
10089,0,13,44,-31
10091,0,54,17,37
10092,0,5,6,-1
10093,0,11,15,-4
10094,0,39,28,11
10095,0,18,16,2
10096,0,3,8,-5
10098,0,75,136,-61
10100,0,9,39,-30
10103,0,15,8,7
10104,0,3,10,-7
10106,0,36,28,8
10107,0,59,87,-28
10108,0,4,27,-23
10110,0,10,6,4
10113,0,11,35,-24
10114,0,70,95,-25
10116,0,29,18,11
10119,0,68,18,50
10122,0,13,7,6
10124,0,5,13,-8
10125,0,8,25,-17
10126,0,3,6,-3
10128,0,17,13,4
10129,0,25,63,-38
10130,0,51,67,-16
10131,0,83,135,-52
10133,0,26,3,23
10136,0,36,45,-9
10141,0,7,14,-7
10143,0,13,9,4
10144,0,54,39,15
10145,0,8,13,-5
10146,0,20,30,-10
10147,0,8,14,-6
10150,0,46,41,5
10151,0,1,2,-1
10153,0,38,23,15
10155,0,14,3,11
10157,0,60,37,23
10164,0,5,5,0
10165,0,53,75,-22
10168,0,10,67,-57
10169,0,2,4,-2
10171,0,6,7,-1
10174,0,44,74,-30
10175,0,14,22,-8
10176,0,22,55,-33
10177,0,17,54,-37
10178,0,4,54,-50
10179,0,68,79,-11
10180,0,74,106,-32
10187,0,21,52,-31
10190,0,21,21,0
10192,0,53,26,27
10193,0,81,53,28
10194,0,230,258,-28
10195,0,11,14,-3
10196,0,17,11,6
10198,0,50,47,3
10200,0,6,40,-34
10201,0,81,27,54
10202,0,8,40,-32
10203,0,7,10,-3
10205,0,62,12,50
10206,0,38,43,-5
10208,0,51,24,27
10209,0,44,25,19
10210,0,3,2,1
10211,0,14,13,1
10212,0,40,44,-4
10215,0,6,15,-9
10216,0,5,7,-2
10217,0,67,123,-56
10219,0,25,75,-50
10222,0,18,1,17
10224,0,62,62,0
10225,0,53,8,45
10226,0,46,59,-13
10227,0,4,5,-1
10228,0,29,14,15
10230,0,28,62,-34
10231,0,62,30,32
10233,0,23,26,-3
10234,0,30,37,-7
10236,0,9,7,2
10239,0,59,76,-17
10241,0,7,1,6
10242,0,11,16,-5
10243,0,2,2,0
10245,0,20,14,6
10247,0,51,61,-10
10248,0,52,76,-24
10249,0,1,8,-7
10250,0,128,140,-12
10251,0,8,5,3
10252,0,180,231,-51
10254,0,38,33,5
10255,0,19,13,6
10256,0,2,14,-12
10257,0,18,25,-7
10258,0,23,35,-12
10259,0,174,231,-57
10260,0,3,20,-17
10261,0,72,30,42
10262,0,10,2,8
10264,0,4,5,-1
10265,0,5,6,-1
10266,0,43,25,18
10267,0,45,28,17
10268,0,94,60,34
10269,0,14,15,-1
10271,0,34,38,-4
10272,0,1,13,-12
10273,0,745,775,-30
10274,0,8,47,-39
10277,0,33,41,-8
10278,0,91,77,14
10279,0,253,242,11
10280,0,2,11,-9
10281,0,51,13,38
10282,0,27,15,12
10284,0,80,120,-40
10285,0,33,77,-44
10286,0,21,39,-18
10287,0,22,48,-26
10288,0,27,71,-44
10290,0,19,23,-4
10294,0,30,34,-4
10295,0,8,2,6
10301,0,12,6,6
10302,0,23,52,-29
10304,0,2,11,-9
10306,0,30,25,5
10309,0,3,0,3
10312,0,51,107,-56
10314,0,16,19,-3
10315,0,27,2,25
10319,0,23,23,0
10321,0,133,132,1
10322,0,18,10,8
10323,0,43,46,-3
10324,0,16,25,-9
10325,0,22,21,1
10330,0,44,71,-27
10331,0,4,10,-6
10332,0,145,147,-2
10334,0,11,7,4
10336,0,9,6,3
10337,0,36,20,16
10338,0,48,99,-51
10340,0,60,18,42
10341,0,23,23,0
10342,0,50,27,23
10343,0,16,41,-25
10345,0,28,78,-50
10347,0,30,54,-24
10348,0,40,25,15
10350,0,25,10,15
10351,0,5,11,-6
10353,0,12,21,-9
10354,0,56,71,-15
10358,0,32,31,1
10359,0,1,8,-7
10361,0,14,14,0
10362,0,22,21,1
10363,0,21,31,-10
10365,0,19,31,-12
10366,0,12,21,-9
10367,0,161,135,26
10370,0,1,4,-3
10372,0,38,27,11
10373,0,34,81,-47
10375,0,170,211,-41
10376,0,33,23,10
10379,0,52,19,33
10380,0,50,67,-17
10381,0,7,24,-17
10383,0,138,132,6
10384,0,3,3,0
10385,0,213,192,21
10387,0,24,71,-47
10390,0,35,50,-15
10391,0,25,71,-46
10392,0,1,4,-3
10393,0,12,31,-19
10394,0,48,57,-9
10396,0,47,14,33
10397,0,82,87,-5
10399,0,248,235,13
10405,0,73,26,47
10407,0,115,124,-9
10408,0,1,12,-11
10409,0,99,57,42
10410,0,3,10,-7
10411,0,10,5,5
10412,0,24,32,-8
10413,0,6,1,5
10414,0,1,1,0
10415,0,17,20,-3
10417,0,18,4,14
10418,0,14,49,-35
10420,0,96,84,12
10421,0,11,17,-6
10422,0,17,78,-61
10423,0,21,15,6
10425,0,13,21,-8
10426,0,27,57,-30
10429,0,76,96,-20
10431,0,35,36,-1
10433,0,40,64,-24
10437,0,62,25,37
10439,0,2,5,-3
10440,0,40,65,-25
10441,0,32,33,-1
10442,0,98,44,54
10443,0,4,26,-22
10444,0,49,82,-33
10445,0,181,133,48
10448,0,6,14,-8
10454,0,12,22,-10
10455,0,61,20,41
10456,0,22,23,-1
10457,0,94,59,35
10458,0,57,6,51
10460,0,52,36,16
10461,0,223,171,52
10463,0,40,44,-4
10464,0,10,25,-15
10465,0,45,11,34
10466,0,98,64,34
10468,0,105,77,28
10469,0,30,44,-14
10472,0,126,145,-19
10474,0,24,81,-57
10475,0,47,60,-13
10478,0,31,41,-10
10480,0,41,97,-56
10481,0,7,11,-4
10485,0,120,143,-23
10487,0,44,17,27
10488,0,43,20,23
10489,0,30,19,11
10491,0,8,49,-41
10492,0,10,7,3
10493,0,91,108,-17
10494,0,2,4,-2
10499,0,17,52,-35
10500,0,81,31,50
10502,0,64,102,-38
10503,0,123,107,16
10506,0,18,9,9
10507,0,412,374,38
10508,0,44,2,42
10510,0,2,9,-7
10513,0,13,55,-42
10514,0,806,827,-21
10515,0,3,11,-8
10519,0,25,46,-21
10520,0,1,0,1
10522,0,5,21,-16
10524,0,7,18,-11
10527,0,2,14,-12
10528,0,11,8,3
10530,0,34,25,9
10531,0,32,30,2
10533,0,97,80,17
10534,0,49,29,20
10535,0,4,9,-5
10536,0,205,171,34
10537,0,66,115,-49
10538,0,15,15,0
10539,0,61,54,7
10540,0,2,15,-13
10541,0,13,2,11
10542,0,1,6,-5
10543,0,7,14,-7
10544,0,41,21,20
10548,0,224,208,16
10549,0,37,14,23
10552,0,30,87,-57
10553,0,48,17,31
10554,0,72,19,53
10556,0,6,5,1
10557,0,49,58,-9
10561,0,17,53,-36
10562,0,184,200,-16
10566,0,46,58,-12
10567,0,76,93,-17
10568,0,121,102,19
10573,0,122,149,-27
10579,0,41,14,27
10580,0,162,173,-11
10581,0,31,74,-43
10582,0,50,36,14
10585,0,11,21,-10
10586,0,13,5,8
10589,0,205,161,44
10590,0,111,70,41
10591,0,28,36,-8
10593,0,75,61,14
10594,0,29,39,-10
10595,0,30,35,-5
10596,0,55,11,44
10597,0,2,18,-16
10598,0,2,18,-16
10601,0,23,22,1
10602,0,26,20,6
10603,0,132,173,-41
10604,0,116,104,12
10605,0,242,233,9
10606,0,12,33,-21
10609,0,4,16,-12
10610,0,24,29,-5
10612,0,28,65,-37
10613,0,32,60,-28
10614,0,25,54,-29
10615,0,9,27,-18
10616,0,3,3,0
10618,0,32,62,-30
10619,0,85,54,31
10620,0,68,88,-20
10622,0,193,156,37
10623,0,176,237,-61
10624,0,173,136,37
10625,0,1,59,-58
10626,0,5,7,-2
10627,0,319,339,-20
10630,0,11,19,-8
10631,0,35,44,-9
10633,0,35,80,-45
10634,0,26,17,9
10635,0,68,14,54
10638,0,18,14,4
10639,0,27,66,-39
10640,0,15,15,0
10643,0,4,12,-8
10644,0,35,26,9
10646,0,13,25,-12
10647,0,34,59,-25
10650,0,34,55,-21
10652,0,1,21,-20
10655,0,28,17,11
10659,0,18,23,-5
10661,0,42,78,-36
10663,0,9,13,-4
10664,0,17,16,1
10665,0,33,89,-56
10669,0,89,119,-30
10670,0,40,30,10
10672,0,23,37,-14
10675,0,10,4,6
10676,0,20,37,-17
10677,0,55,94,-39
10678,0,4,19,-15
10679,0,20,29,-9
10683,0,27,21,6
10684,0,1,19,-18
10686,0,12,50,-38
10687,0,9,37,-28
10689,0,49,15,34
10693,0,10,19,-9
10694,0,31,26,5
10697,0,10,33,-23
10698,0,101,47,54
10699,0,2,11,-9
10702,0,58,64,-6
10704,0,88,147,-59
10705,0,7,62,-55
10706,0,311,323,-12
10708,0,14,42,-28
10710,0,53,76,-23
10711,0,38,77,-39
10712,0,10,5,5
10714,0,88,114,-26
10715,0,22,15,7
10716,0,2,1,1
10718,0,1,5,-4
10721,0,34,13,21
10722,0,21,11,10
10724,0,118,165,-47
10725,0,1,45,-44
10728,0,22,51,-29
10729,0,13,23,-10
10733,0,42,32,10
10734,0,7,33,-26
10736,0,46,52,-6
10738,0,6,27,-21
10740,0,35,38,-3
10741,0,40,75,-35
10742,0,34,14,20
10743,0,10,25,-15
10744,0,2,5,-3
10745,0,4,9,-5
10747,0,22,32,-10
10748,0,54,50,4
10749,0,3,18,-15
10750,0,1539,1505,34
10751,0,125,104,21
10752,0,26,7,19
10754,0,73,35,38
10755,0,100,75,25
10756,0,27,3,24
10758,0,114,82,32
10759,0,46,22,24
10761,0,4,40,-36
10762,0,2,1,1
10763,0,22,65,-43
10764,0,14,28,-14
10765,0,93,107,-14
10768,0,27,11,16
10770,0,3,7,-4
10771,0,359,410,-51
10772,0,3,20,-17
10773,0,10,18,-8
10774,0,26,23,3
10778,0,78,99,-21
10780,0,154,100,54
10783,0,18,44,-26
10784,0,34,35,-1
10787,0,30,10,20
10788,0,44,58,-14
10789,0,47,38,9
10791,0,8,17,-9
10795,0,78,37,41
10796,0,284,300,-16
10797,0,93,104,-11
10799,0,43,37,6
10800,0,8,10,-2
10801,0,8,14,-6
10802,0,25,46,-21
10805,0,3,18,-15
10809,0,3,7,-4
10810,0,92,114,-22
10811,0,2,16,-14
10813,0,6,29,-23
10814,0,16,4,12
10815,0,24,40,-16
10817,0,49,26,23
10818,0,73,47,26
10820,0,21,15,6
10821,0,34,9,25
10822,0,4,4,0
10824,0,49,79,-30
10825,0,15,9,6
10827,0,278,313,-35
10829,0,5,18,-13
10831,0,19,45,-26
10832,0,35,12,23
10833,0,134,101,33
10834,0,13,39,-26
10838,0,31,8,23
10839,0,24,34,-10
10843,0,164,177,-13
10844,0,55,93,-38
10845,0,6,2,4
10850,0,24,24,0
10851,0,712,728,-16
10856,0,10,39,-29
10857,0,218,174,44
10858,0,30,39,-9
10860,0,7,5,2
10861,0,8,8,0
10862,0,2,5,-3
10864,0,12,37,-25
10865,0,33,80,-47
10866,0,13,1,12
10867,0,21,31,-10
10872,0,47,31,16
10874,0,30,1,29
10875,0,61,86,-25
10878,0,208,179,29
10879,0,6,17,-11
10881,0,220,177,43
10883,0,69,94,-25
10884,0,62,31,31
10887,0,18,18,0
10888,0,9,30,-21
10889,0,114,126,-12
10890,0,42,19,23
10891,0,63,28,35
10892,0,28,8,20
10896,0,12,14,-2
10898,0,34,17,17
10899,0,46,55,-9
10900,0,102,163,-61
10903,0,3,4,-1
10905,0,5,45,-40
10906,0,70,68,2
10907,0,5,60,-55
10909,0,5,32,-27
10910,0,37,28,9
10913,0,6,1,5
10915,0,27,4,23
10919,0,54,78,-24
10920,0,34,32,2
10922,0,8,10,-2
10923,0,241,239,2
10924,0,41,20,21
10925,0,31,59,-28
10926,0,4473,4494,-21
10929,0,136,164,-28
10930,0,13,3,10
10931,0,119,150,-31
10933,0,5,27,-22
10934,0,17,29,-12
10935,0,4,7,-3
10936,0,39,93,-54
10939,0,33,28,5
10940,0,1,1,0
10941,0,35,39,-4
10943,0,56,49,7
10945,0,12,39,-27
10949,0,81,64,17
10950,0,22,22,0
10952,0,20,20,0
10953,0,306,256,50
10955,0,7,68,-61
10957,0,70,36,34
10962,0,4,3,1
10963,0,25,29,-4
10964,0,16,13,3
10966,0,55,110,-55
10967,0,28,62,-34
10969,0,1,4,-3
10971,0,21,1,20
10975,0,36,42,-6
10976,0,276,292,-16
10977,0,3,7,-4
10979,0,4,31,-27
10980,0,6,5,1
10981,0,48,19,29
10984,0,2,3,-1
10985,0,28,11,17
10986,0,20,41,-21
10987,0,67,89,-22
10991,0,133,122,11
10995,0,75,87,-12
10996,0,9,43,-34
10998,0,3,11,-8
10999,0,5,15,-10
11002,0,42,31,11
11003,0,67,47,20
11004,0,2,9,-7
11005,0,25,14,11
11008,0,55,56,-1
11010,0,15,31,-16
11012,0,42,45,-3
11013,0,9,4,5
11014,0,8,29,-21
11015,0,117,100,17
11019,0,3,20,-17
11020,0,59,63,-4
11021,0,47,10,37
11023,0,10,11,-1
11024,0,18,15,3
11027,0,3,15,-12
11030,0,9,14,-5
11035,0,38,88,-50
11038,0,38,76,-38
11039,0,4,16,-12
11041,0,37,8,29
11042,0,146,199,-53
11043,0,260,248,12
11044,0,5,18,-13
11046,0,6,9,-3
11047,0,34,88,-54
11048,0,43,69,-26
11049,0,30,25,5
11050,0,87,60,27
11051,0,45,106,-61
11052,0,6,13,-7
11053,0,2465,2431,34
11055,0,39,10,29
11056,0,51,42,9
11058,0,76,71,5
11061,0,92,102,-10
11062,0,22,10,12
11063,0,38,37,1
11066,0,9,18,-9
11067,0,27,50,-23
11068,0,32,11,21
11069,0,15,51,-36
11071,0,3,11,-8
11074,0,62,10,52
11076,0,11,34,-23
11077,0,66,94,-28
11078,0,131,168,-37
11083,0,25,4,21
11084,0,30,14,16
11085,0,8,36,-28
11087,0,91,118,-27
11089,0,26,5,21
11091,0,90,143,-53
11092,0,15,46,-31
11095,0,83,125,-42
11096,0,243,218,25
11097,0,23,2,21
11098,0,16,33,-17
11102,0,4,32,-28
11106,0,14,12,2
11109,0,60,40,20
11110,0,15,76,-61
11111,0,15,18,-3
11112,0,185,217,-32
11114,0,36,1,35
11117,0,6,6,0
11118,0,9,28,-19
11119,0,12,25,-13
11121,0,4,27,-23
11125,0,35,43,-8
11128,0,24,34,-10
11129,0,58,39,19
11130,0,71,107,-36
11131,0,46,16,30
11132,0,54,71,-17
11133,0,19,2,17
11135,0,16,40,-24
11136,0,5,5,0
11137,0,29,15,14
11138,0,91,55,36
11140,0,33,46,-13
11141,0,95,63,32
11144,0,2,7,-5
11146,0,41,15,26
11149,0,54,77,-23
11152,0,3,35,-32
11154,0,16,66,-50
11155,0,93,83,10
11156,0,73,19,54
11157,0,61,33,28
11158,0,1,5,-4
11159,0,345,395,-50
11163,0,103,70,33
11164,0,9,37,-28
11165,0,9,10,-1
11166,0,69,45,24
11170,0,100,70,30
11171,0,45,72,-27
11173,0,91,61,30
11176,0,12,4,8
11178,0,8,22,-14
11182,0,25,53,-28
11183,0,63,108,-45
11186,0,59,42,17
11189,0,180,180,0
11194,0,4,2,2
11195,0,13,39,-26
11198,0,2,2,0
11200,0,45,80,-35
11201,0,26,50,-24
11205,0,43,62,-19
11208,0,11,14,-3
11209,0,6,3,3
11214,0,29,29,0
11215,0,216,164,52
11216,0,14,20,-6
11217,0,11,32,-21
11218,0,22,2,20
11219,0,68,85,-17
11222,0,43,70,-27
11224,0,3,8,-5
11225,0,33,19,14
11228,0,113,97,16
11231,0,4,9,-5
11232,0,28,33,-5
11238,0,7,11,-4
11240,0,10,4,6
11243,0,23,77,-54
11244,0,23,23,0
11247,0,39,52,-13
11249,0,6,6,0
11251,0,1,17,-16
11252,0,1517,1510,7
11253,0,222,224,-2
11254,0,8,1,7
11255,0,9,19,-10
11258,0,2,5,-3
11259,0,7,17,-10
11260,0,66,66,0
11261,0,60,114,-54
11262,0,268,308,-40
11264,0,53,66,-13
11266,0,12,25,-13
11269,0,70,47,23
11270,0,3,5,-2
11272,0,10,2,8
11273,0,29,63,-34
11276,0,147,164,-17
11277,0,27,17,10
11279,0,27,22,5
11280,0,106,70,36
11284,0,54,54,0
11285,0,3,7,-4
11286,0,39,33,6
11287,0,22,57,-35
11288,0,182,191,-9
11289,0,38,81,-43
11291,0,11,15,-4
11292,0,27,51,-24
11294,0,13,15,-2
11295,0,18,27,-9
11296,0,131,165,-34
11297,0,9,27,-18
11299,0,23,72,-49
11307,0,4,24,-20
11308,0,13,36,-23
11309,0,1,9,-8
11310,0,1,6,-5
11312,0,30,22,8
11314,0,7,8,-1
11315,0,19,21,-2
11318,0,37,5,32
11319,0,78,42,36
11320,0,22,6,16
11321,0,15,33,-18
11323,0,7,9,-2
11324,0,13,26,-13
11325,0,99,88,11
11326,0,34,59,-25
11327,0,3,52,-49
11329,0,19,13,6
11330,0,70,86,-16
11331,0,9,12,-3
11332,0,281,310,-29
11336,0,13,8,5
11337,0,17,16,1
11338,0,37,76,-39
11339,0,39,38,1
11340,0,32,74,-42
11341,0,100,122,-22
11342,0,30,25,5
11347,0,3,9,-6
11348,0,19,16,3
11351,0,14,32,-18
11353,0,24,25,-1
11354,0,6,20,-14
11355,0,36,16,20
11356,0,3,9,-6
11357,0,63,45,18
11359,0,3,16,-13
11360,0,88,44,44
11361,0,7,37,-30
11362,0,5,1,4
11363,0,20,20,0
11364,0,52,26,26
11365,0,17,57,-40
11368,0,50,1,49
11372,0,51,38,13
11374,0,88,92,-4
11377,0,117,94,23
11379,0,4,7,-3
11380,0,7,3,4
11388,0,3,5,-2
11391,0,27,16,11
11394,0,5,3,2
11397,0,27,29,-2
11399,0,23,38,-15
11400,0,89,103,-14
11402,0,57,71,-14
11404,0,22,27,-5
11406,0,61,24,37
11408,0,2,20,-18
11409,0,3,10,-7
11412,0,42,101,-59
11413,0,6,11,-5
11414,0,12,29,-17
11416,0,10,17,-7
11420,0,84,80,4
11421,0,27,10,17
11423,0,143,182,-39
11429,0,2,9,-7
11430,0,48,16,32
11432,0,13,19,-6
11435,0,25,44,-19
11437,0,38,4,34
11438,0,352,338,14
11441,0,9,0,9
11444,0,116,141,-25
11447,0,136,183,-47
11448,0,48,19,29
11449,0,64,55,9
11450,0,95,71,24
11451,0,67,51,16
11453,0,10,12,-2
11454,0,62,15,47
11455,0,11,4,7
11456,0,35,25,10
11457,0,29,2,27
11459,0,14,9,5
11460,0,29,67,-38
11462,0,13,1,12
11463,0,66,43,23
11464,0,1,57,-56
11465,0,2,4,-2
11466,0,33,57,-24
11467,0,35,8,27
11468,0,94,52,42
11469,0,36,34,2
11471,0,41,44,-3
11472,0,23,33,-10
11474,0,66,96,-30
11476,0,53,44,9
11477,0,24,21,3
11478,0,7,2,5
11479,0,118,112,6
11481,0,13,8,5
11482,0,105,103,2
11483,0,1,33,-32
11484,0,2,12,-10
11485,0,57,113,-56
11488,0,12,4,8
11490,0,174,157,17
11495,0,18,13,5
11496,0,12,20,-8
11497,0,18,12,6
11498,0,89,47,42
11499,0,22,6,16
11500,0,4,2,2
11501,0,20,12,8
11504,0,27,26,1
11506,0,3,17,-14
11507,0,13,66,-53
11508,0,120,159,-39
11510,0,20,10,10
11511,0,48,7,41
11513,0,52,22,30
11514,0,108,55,53
11515,0,8,26,-18
11516,0,44,66,-22
11517,0,16,2,14
11519,0,98,54,44
11520,0,58,20,38
11522,0,14,21,-7
11524,0,18,36,-18
11526,0,11,71,-60
11528,0,13,2,11
11529,0,40,39,1
11530,0,17,51,-34
11536,0,34,13,21
11538,0,9,68,-59
11540,0,41,96,-55
11542,0,12,70,-58
11544,0,4,14,-10
11545,0,88,95,-7
11546,0,9,58,-49
11547,0,49,85,-36
11552,0,6,5,1
11554,0,75,84,-9
11556,0,4,20,-16
11557,0,39,11,28
11559,0,105,95,10
11561,0,170,150,20
11564,0,12,2,10
11565,0,2,4,-2
11566,0,32,33,-1
11570,0,77,90,-13
11571,0,36,79,-43
11572,0,38,40,-2
11574,0,117,85,32
11575,0,37,35,2
11577,0,25,22,3
11578,0,82,65,17
11579,0,40,38,2
11580,0,4,10,-6
11581,0,8,42,-34
11582,0,26,2,24
11583,0,14,26,-12
11585,0,1,10,-9
11586,0,160,211,-51
11590,0,20,9,11
11593,0,67,23,44
11594,0,34,28,6
11595,0,2,16,-14
11597,0,80,95,-15
11598,0,43,8,35
11600,0,47,50,-3
11601,0,19,47,-28
11602,0,178,182,-4
11604,0,49,12,37
11606,0,9,57,-48
11607,0,35,71,-36
11608,0,62,66,-4
11609,0,34,33,1
11611,0,74,119,-45
11614,0,97,96,1
11615,0,147,108,39
11616,0,3,39,-36
11618,0,6,10,-4
11619,0,33,82,-49
11620,0,727,783,-56
11621,0,921,935,-14
11623,0,3,1,2
11624,0,99,128,-29
11625,0,26,44,-18
11626,0,44,43,1
11627,0,30,9,21
11630,0,43,40,3
11631,0,40,14,26
11634,0,7,30,-23
11635,0,45,23,22
11636,0,120,81,39
11638,0,30,7,23
11640,0,44,8,36
11642,0,4,16,-12
11644,0,28,16,12
11646,0,27,41,-14
11647,0,16,33,-17
11648,0,23,7,16
11650,0,68,37,31
11652,0,37,62,-25
11655,0,13,4,9
11656,0,53,36,17
11658,0,21,17,4
11659,0,5,4,1
11660,0,7,6,1
11661,0,15,4,11
11662,0,63,10,53
11664,0,10,8,2
11666,0,3,10,-7
11667,0,20,31,-11
11668,0,87,46,41
11669,0,52,76,-24
11670,0,870,917,-47
11671,0,35,75,-40
11672,0,17,7,10
11675,0,7,60,-53
11676,0,123,109,14
11677,0,9,12,-3
11678,0,84,34,50
11679,0,75,60,15
11680,0,1,27,-26
11682,0,13,13,0
11683,0,42,91,-49
11684,0,64,79,-15
11685,0,17,17,0
11686,0,19,43,-24
11687,0,15,19,-4
11689,0,21,44,-23
11692,0,4,28,-24
11693,0,92,78,14
11694,0,59,58,1
11695,0,1,11,-10
11697,0,109,110,-1
11699,0,21,49,-28
11700,0,66,39,27
11702,0,272,243,29
11704,0,108,144,-36
11707,0,74,38,36
11708,0,166,217,-51
11710,0,17,68,-51
11713,0,13,28,-15
11715,0,22,7,15
11717,0,5,2,3
11719,0,48,72,-24
11723,0,12,11,1
11726,0,62,73,-11
11728,0,5,1,4
11730,0,20,18,2
11731,0,58,99,-41
11732,0,30,16,14
11736,0,55,61,-6
11738,0,16,21,-5
11739,0,16,29,-13
11740,0,14,21,-7
11741,0,15,33,-18
11742,0,5,13,-8
11743,0,50,86,-36
11744,0,10,15,-5
11746,0,20,17,3
11748,0,5,44,-39
11749,0,154,203,-49
11751,0,35,27,8
11752,0,84,85,-1
11754,0,29,62,-33
11756,0,28,0,28
11758,0,50,79,-29
11759,0,14,1,13
11760,0,14,8,6
11762,0,128,151,-23
11763,0,12,16,-4
11766,0,14,73,-59
11769,0,39,7,32
11773,0,49,17,32
11774,0,1,18,-17
11776,0,58,4,54
11778,0,35,11,24
11779,0,78,120,-42
11780,0,44,85,-41
11781,0,2,7,-5
11783,0,5,9,-4
11784,0,583,605,-22
11785,0,11,7,4
11787,0,43,6,37
11788,0,148,100,48
11789,0,24,54,-30
11790,0,54,17,37
11791,0,106,92,14
11794,0,79,29,50
11795,0,4,55,-51
11798,0,2,34,-32
11800,0,1,2,-1
11802,0,9,14,-5
11803,0,6,11,-5
11804,0,1,6,-5
11805,0,22,47,-25
11806,0,27,13,14
11809,0,67,36,31
11810,0,130,98,32
11811,0,94,131,-37
11812,0,9,51,-42
11813,0,16,68,-52
11814,0,11,11,0
11815,0,5,15,-10
11816,0,6,9,-3
11819,0,6,10,-4
11820,0,6,1,5
11823,0,129,132,-3
11825,0,6,20,-14
11828,0,9,5,4
11829,0,14,64,-50
11831,0,18,38,-20
11832,0,49,26,23
11835,0,9,18,-9
11836,0,6,16,-10
11838,0,6,13,-7
11841,0,138,100,38
11842,0,12,18,-6
11843,0,2,9,-7
11844,0,15,12,3
11845,0,1109,1091,18
11847,0,22,2,20
11848,0,27,31,-4
11851,0,23,24,-1
11852,0,140,107,33
11855,0,15,48,-33
11857,0,250,231,19
11858,0,1,11,-10
11861,0,6,41,-35
11862,0,56,29,27
11864,0,104,71,33
11865,0,1272,1247,25
11867,0,1,2,-1
11869,0,6,2,4
11871,0,64,95,-31
11875,0,13,2,11
11878,0,169,198,-29
11880,0,1,45,-44
11881,0,294,284,10
11882,0,29,40,-11
11883,0,11,19,-8
11884,0,9,43,-34
11886,0,8,35,-27
11888,0,2,4,-2
11889,0,78,111,-33
11890,0,47,1,46
11891,0,22,16,6
11892,0,38,30,8
11893,0,15,16,-1
11895,0,84,131,-47
11896,0,62,104,-42
11897,0,728,698,30
11899,0,41,33,8
11900,0,67,109,-42
11901,0,5,18,-13
11903,0,143,172,-29
11906,0,32,16,16
11907,0,90,74,16
11908,0,44,12,32
11909,0,8,2,6
11910,0,10,4,6
11911,0,7,14,-7
11912,0,2,21,-19
11913,0,13,33,-20
11914,0,63,47,16
11915,0,4,23,-19
11922,0,11,16,-5
11923,0,59,60,-1
11924,0,74,91,-17
11925,0,47,20,27
11927,0,13,63,-50
11932,0,8,53,-45
11934,0,23,8,15
11935,0,5,1,4
11937,0,4,4,0
11938,0,239,211,28
11939,0,18,13,5
11942,0,2,15,-13
11944,0,16,10,6
11945,0,102,80,22
11947,0,9,12,-3
11950,0,131,129,2
11951,0,8,6,2
11952,0,16,24,-8
11954,0,8,31,-23
11957,0,8,47,-39
11958,0,76,61,15
11959,0,10,13,-3
11962,0,4,25,-21
11963,0,14,2,12
11965,0,5,10,-5
11966,0,16,24,-8
11967,0,28,50,-22
11969,0,21,32,-11
11970,0,14,32,-18
11973,0,385,443,-58
11979,0,84,42,42
11980,0,17,4,13
11982,0,657,708,-51
11984,0,48,9,39
11990,0,1,2,-1
11992,0,18,27,-9
11993,0,49,66,-17
11994,0,12,20,-8
11995,0,117,77,40
11996,0,4,16,-12
11999,0,10,21,-11
12002,0,5,30,-25
12003,0,24,17,7
12004,0,33,60,-27
12007,0,70,78,-8
12009,0,1,11,-10
12010,0,5,19,-14
12011,0,56,58,-2
12014,0,11,20,-9
12015,0,44,9,35
12016,0,21,75,-54
12017,0,7,3,4
12021,0,78,95,-17
12024,0,80,55,25
12026,0,10,61,-51
12027,0,32,51,-19
12029,0,31,47,-16
12031,0,117,75,42
12032,0,4,13,-9
12033,0,59,83,-24
12036,0,7,12,-5
12039,0,1,4,-3
12040,0,128,123,5
12041,0,3,2,1
12045,0,7,14,-7
12049,0,53,22,31
12050,0,63,47,16
12051,0,13,29,-16
12052,0,61,104,-43
12053,0,110,150,-40
12054,0,4,4,0
12055,0,13,65,-52
12057,0,29,56,-27
12060,0,3,17,-14
12063,0,25,20,5
12064,0,9,13,-4
12065,0,8,13,-5
12069,0,277,268,9
12070,0,36,10,26
12071,0,3,17,-14
12072,0,59,73,-14
12073,0,86,100,-14
12076,0,22,41,-19
12077,0,3,12,-9
12078,0,117,76,41
12081,0,11,27,-16
12083,0,66,99,-33
12084,0,14,5,9
12085,0,182,149,33
12086,0,8,13,-5
12087,0,16,29,-13
12089,0,92,68,24
12090,0,50,30,20
12092,0,107,135,-28
12094,0,229,197,32
12096,0,68,113,-45
12097,0,11,32,-21
12098,0,45,10,35
12099,0,6,8,-2
12102,0,81,122,-41
12103,0,51,14,37
12105,0,115,114,1
12107,0,65,52,13
12108,0,7,20,-13
12109,0,13,19,-6
12110,0,36,84,-48
12111,0,49,27,22
12113,0,41,32,9
12117,0,51,57,-6
12118,0,8,25,-17
12119,0,77,54,23
12120,0,123,78,45
12121,0,49,21,28
12125,0,60,64,-4
12130,0,32,24,8
12131,0,3,14,-11
12134,0,98,100,-2
12135,0,1,21,-20
12136,0,6,32,-26
12137,0,28,9,19
12138,0,21,53,-32
12139,0,143,136,7
12141,0,13,23,-10
12144,0,973,951,22
12145,0,9,3,6
12147,0,18,27,-9
12148,0,368,358,10
12149,0,11,29,-18
12152,0,2,4,-2
12154,0,8,28,-20
12155,0,47,8,39
12156,0,27,25,2
12157,0,20,6,14
12160,0,1,2,-1
12161,0,14,15,-1
12163,0,11,32,-21
12164,0,5,27,-22
12166,0,55,24,31
12168,0,54,5,49
12170,0,85,32,53
12174,0,8,36,-28
12175,0,44,47,-3
12179,0,7,18,-11
12180,0,81,77,4
12181,0,29,31,-2
12182,0,37,78,-41
12183,0,343,381,-38
12185,0,1,8,-7
12186,0,7,2,5
12188,0,1,0,1
12189,0,20,20,0
12192,0,16,13,3
12194,0,2,2,0
12196,0,87,93,-6
12199,0,214,206,8
12200,0,126,95,31
12201,0,36,82,-46
12202,0,204,211,-7
12204,0,8,32,-24
12206,0,10,17,-7
12209,0,7,48,-41
12210,0,20,7,13
12211,0,2,5,-3
12213,0,4,19,-15
12214,0,14,11,3
12215,0,42,54,-12
12217,0,52,25,27
12219,0,40,5,35
12220,0,113,134,-21
12225,0,4,35,-31
12226,0,88,117,-29
12227,0,46,97,-51
12228,0,5,11,-6
12229,0,18,7,11
12230,0,1408,1438,-30
12231,0,15,25,-10
12233,0,7,8,-1
12234,0,212,199,13
12235,0,36,30,6
12237,0,9,14,-5
12239,0,14,5,9
12240,0,78,62,16
12244,0,257,244,13
12245,0,31,9,22
12246,0,10,53,-43
12250,0,666,719,-53
12251,0,105,57,48
12252,0,5,4,1
12253,0,135,192,-57
12255,0,13,44,-31
12256,0,2,5,-3
12257,0,28,50,-22
12259,0,37,67,-30
12262,0,120,109,11
12263,0,49,15,34
12265,0,62,47,15
12266,0,50,35,15
12273,0,7,8,-1
12275,0,13,8,5
12276,0,192,139,53
12277,0,29,4,25
12278,0,10,1,9
12282,0,156,145,11
12283,0,29,40,-11
12285,0,43,22,21
12287,0,43,69,-26
12291,0,31,21,10
12292,0,78,124,-46
12293,0,114,175,-61
12294,0,180,165,15
12296,0,5,4,1
12298,0,289,281,8
12299,0,95,54,41
12300,0,94,96,-2
12304,0,122,99,23
12305,0,16,7,9
12306,0,5,28,-23
12307,0,13,10,3
12308,0,2,4,-2
12310,0,40,34,6
12311,0,9,58,-49
12312,0,9,12,-3
12313,0,141,149,-8
12319,0,21,33,-12
12321,0,375,431,-56
12323,0,97,59,38
12325,0,43,42,1
12326,0,93,43,50
12327,0,6,14,-8
12328,0,16,41,-25
12329,0,315,263,52
12330,0,22,33,-11
12331,0,14,30,-16
12334,0,8,21,-13
12336,0,2,4,-2
12341,0,21,30,-9
12342,0,6,37,-31
12346,0,67,75,-8
12349,0,74,89,-15
12350,0,7,8,-1
12352,0,71,33,38
12357,0,32,5,27
12359,0,12,23,-11
12361,0,54,66,-12
12362,0,121,162,-41
12364,0,6,14,-8
12365,0,122,116,6
12366,0,61,49,12
12368,0,9,20,-11
12370,0,34,64,-30
12372,0,12,68,-56
12373,0,36,20,16
12374,0,13,16,-3
12375,0,2,11,-9
12377,0,29,29,0
12381,0,1,10,-9
12383,0,138,109,29
12384,0,60,41,19
12386,0,6,2,4
12388,0,83,34,49
12396,0,24,36,-12
12397,0,8,14,-6
12399,0,14,16,-2
12401,0,66,100,-34
12402,0,46,50,-4
12403,0,79,29,50
12405,0,32,79,-47
12407,0,1,17,-16
12408,0,8,13,-5
12410,0,2,2,0
12411,0,104,81,23
12412,0,4,1,3
12414,0,70,61,9
12416,0,226,186,40
12418,0,61,98,-37
12419,0,13,38,-25
12420,0,8,36,-28
12422,0,54,2,52
12425,0,99,57,42
12426,0,57,76,-19
12427,0,21,10,11
12428,0,147,120,27
12429,0,2,5,-3
12430,0,16,42,-26
12431,0,229,246,-17
12436,0,12,13,-1
12437,0,26,8,18
12438,0,27,0,27
12442,0,62,63,-1
12444,0,21,77,-56
12445,0,10,66,-56
12446,0,6,25,-19
12447,0,47,107,-60
12450,0,11,17,-6
12452,0,98,131,-33
12455,0,53,51,2
12461,0,15,13,2
12463,0,29,47,-18
12467,0,3,1,2
12468,0,34,47,-13
12469,0,1,35,-34
12470,0,69,49,20
12473,0,115,94,21
12474,0,27,36,-9
12475,0,16,18,-2
12477,0,22,27,-5
12479,0,3,6,-3
12480,0,491,449,42
12485,0,5,14,-9
12486,0,56,107,-51
12487,0,6,13,-7
12488,0,24,12,12
12489,0,52,55,-3
12490,0,5,4,1
12492,0,17,59,-42
12493,0,36,61,-25
12494,0,75,32,43
12496,0,20,14,6
12497,0,7,40,-33
12499,0,12,24,-12
12500,0,61,12,49
12502,0,58,89,-31
12503,0,97,120,-23
12505,0,56,103,-47
12507,0,37,9,28
12509,0,59,46,13
12511,0,10,17,-7
12513,0,42,22,20
12518,0,240,282,-42
12519,0,148,166,-18
12520,0,7,10,-3
12521,0,54,27,27
12523,0,55,73,-18
12525,0,23,55,-32
12527,0,33,26,7
12528,0,32,60,-28
12531,0,6,7,-1
12533,0,174,146,28
12534,0,44,71,-27
12536,0,171,177,-6
12539,0,72,107,-35
12541,0,8,16,-8
12542,0,10,52,-42
12544,0,108,130,-22
12545,0,84,77,7
12546,0,30,4,26
12547,0,27,13,14
12548,0,41,39,2
12550,0,7,3,4
12555,0,5,5,0
12556,0,286,345,-59
12557,0,5,3,2
12558,0,65,110,-45
12559,0,5,17,-12
12560,0,47,6,41
12563,0,8,10,-2
12565,0,13,15,-2
12568,0,17,64,-47
12570,0,15,31,-16
12573,0,2,22,-20
12575,0,3,7,-4
12576,0,87,37,50
12579,0,38,2,36
12580,0,53,70,-17
12581,0,35,17,18
12583,0,233,281,-48
12585,0,12,16,-4
12586,0,34,43,-9
12587,0,49,46,3
12588,0,278,228,50
12591,0,65,122,-57
12592,0,6,10,-4
12593,0,57,71,-14
12595,0,459,419,40
12596,0,47,21,26
12597,0,35,34,1
12598,0,10,44,-34
12599,0,13,15,-2
12600,0,42,11,31
12602,0,28,13,15
12603,0,83,86,-3
12605,0,5,40,-35
12608,0,1,10,-9
12610,0,7,11,-4
12611,0,25,18,7
12612,0,16,4,12
12613,0,48,52,-4
12615,0,13,54,-41
12616,0,17,66,-49
12620,0,23,4,19
12621,0,11,23,-12
12622,0,19,32,-13
12623,0,41,35,6
12625,0,93,40,53
12626,0,4,31,-27
12627,0,3,31,-28
12628,0,3,4,-1
12629,0,84,35,49
12630,0,1,7,-6
12631,0,68,32,36
12632,0,6,3,3
12633,0,214,180,34
12634,0,11,6,5
12642,0,10,17,-7
12643,0,40,17,23
12647,0,41,33,8
12648,0,66,42,24
12650,0,241,277,-36
12651,0,68,46,22
12652,0,10,19,-9
12655,0,23,14,9
12656,0,43,88,-45
12658,0,37,26,11
12661,0,54,29,25
12663,0,36,35,1
12665,0,130,84,46
12666,0,3,5,-2
12667,0,936,930,6
12668,0,33,24,9
12670,0,7,4,3
12672,0,57,49,8
12674,0,26,24,2
12677,0,89,105,-16
12678,0,89,135,-46
12679,0,41,49,-8
12682,0,82,92,-10
12684,0,75,89,-14
12685,0,6,17,-11
12686,0,117,155,-38
12688,0,9,21,-12
12691,0,91,45,46
12695,0,32,24,8
12697,0,79,77,2
12698,0,3,0,3
12699,0,24,7,17
12700,0,9,2,7
12702,0,18,14,4
12703,0,12,2,10
12704,0,74,84,-10
12706,0,2,28,-26
12707,0,1729,1715,14
12709,0,51,23,28
12711,0,35,38,-3
12713,0,68,20,48
12714,0,2,47,-45
12715,0,11,17,-6
12718,0,18,6,12
12720,0,190,158,32
12726,0,16,47,-31
12728,0,25,15,10
12729,0,2,19,-17
12732,0,15,2,13
12737,0,85,81,4
12738,0,3,2,1
12739,0,154,175,-21
12742,0,7,38,-31
12743,0,96,79,17
12744,0,19,32,-13
12745,0,169,222,-53
12749,0,42,16,26
12750,0,7,22,-15
12751,0,27,56,-29
12754,0,49,75,-26
12756,0,16,17,-1
12757,0,61,104,-43
12758,0,41,42,-1
12761,0,109,85,24
12762,0,20,54,-34
12763,0,36,37,-1
12764,0,5,28,-23
12765,0,83,123,-40
12766,0,95,130,-35
12767,0,9,24,-15
12768,0,71,44,27
12769,0,171,141,30
12770,0,12,40,-28
12771,0,36,22,14
12773,0,55,63,-8
12776,0,14,32,-18
12777,0,124,184,-60
12781,0,9,43,-34
12782,0,25,37,-12
12783,0,12,12,0
12784,0,90,122,-32
12785,0,16,9,7
12786,0,47,59,-12
12788,0,7,9,-2
12791,0,1,9,-8
12792,0,65,79,-14
12793,0,32,41,-9
12795,0,187,175,12
12796,0,39,15,24
12797,0,5,33,-28
12798,0,393,400,-7
12799,0,15,9,6
12800,0,146,152,-6
12802,0,39,43,-4
12803,0,16,3,13
12804,0,21,13,8
12805,0,24,37,-13
12806,0,9,12,-3
12808,0,2,10,-8
12809,0,92,89,3
12811,0,123,111,12
12813,0,5,6,-1
12815,0,13,58,-45
12816,0,13,11,2
12817,0,39,15,24
12819,0,1,5,-4
12820,0,6,10,-4
12821,0,27,60,-33
12822,0,4,21,-17
12824,0,32,33,-1
12828,0,48,59,-11
12830,0,9,46,-37
12831,0,53,74,-21
12834,0,16,8,8
12835,0,2,3,-1
12836,0,280,244,36
12839,0,131,148,-17
12841,0,77,88,-11
12842,0,1,27,-26
12843,0,57,29,28
12844,0,123,90,33
12845,0,2,7,-5
12846,0,20,17,3
12847,0,13,34,-21
12849,0,2,1,1
12851,0,5,5,0
12852,0,17,20,-3
12853,0,116,95,21
12854,0,71,132,-61
12856,0,1,1,0
12858,0,79,59,20
12860,0,12,26,-14
12862,0,9,18,-9
12863,0,130,162,-32
12864,0,23,19,4
12865,0,27,31,-4
12866,0,39,23,16
12867,0,68,94,-26
12871,0,61,89,-28
12876,0,3,8,-5
12879,0,17,12,5
12880,0,3,8,-5
12884,0,124,88,36
12885,0,140,175,-35
12887,0,9,7,2
12888,0,14,46,-32
12893,0,40,40,0
12894,0,19,0,19
12898,0,29,44,-15
12902,0,2,46,-44
12903,0,17,25,-8
12904,0,4,8,-4
12905,0,48,77,-29
12906,0,94,60,34
12911,0,2,3,-1
12912,0,18,11,7
12914,0,38,66,-28
12915,0,31,49,-18
12916,0,4,8,-4
12918,0,22,7,15
12921,0,6,12,-6
12923,0,7,30,-23
12924,0,40,49,-9
12927,0,77,76,1
12928,0,57,39,18
12931,0,89,120,-31
12932,0,51,20,31
12933,0,4,13,-9
12935,0,17,17,0
12936,0,18,68,-50
12937,0,103,136,-33
12938,0,63,100,-37
12941,0,22,13,9
12942,0,119,151,-32
12943,0,17,74,-57
12944,0,387,406,-19
12945,0,216,214,2
12947,0,15,4,11
12948,0,36,27,9
12950,0,22,21,1
12952,0,8,19,-11
12953,0,39,4,35
12954,0,27,82,-55
12955,0,86,96,-10
12959,0,122,80,42
12961,0,24,5,19
12963,0,4,5,-1
12964,0,26,44,-18
12965,0,16,10,6
12970,0,13,31,-18
12971,0,32,37,-5
12972,0,61,33,28
12976,0,15,27,-12
12979,0,31,23,8
12982,0,149,143,6
12984,0,16,7,9
12985,0,9,13,-4
12986,0,45,20,25
12993,0,22,50,-28
12994,0,30,41,-11
12995,0,59,64,-5
12997,0,35,4,31
12999,0,104,55,49
13000,0,116,111,5
13001,0,10,4,6
13004,0,89,36,53
13005,0,26,37,-11
13006,0,43,93,-50
13007,0,62,55,7
13008,0,1,57,-56
13010,0,41,31,10
13012,0,1,9,-8
13013,0,26,57,-31
13015,0,27,22,5
13016,0,4,18,-14
13018,0,17,26,-9
13020,0,47,101,-54
13022,0,37,45,-8
13023,0,6,3,3
13025,0,42,16,26
13026,0,1,12,-11
13029,0,84,125,-41
13032,0,6,7,-1
13033,0,128,80,48
13035,0,42,37,5
13036,0,16,12,4
13037,0,6,7,-1
13038,0,3,4,-1
13039,0,12,2,10
13042,0,7,6,1
13043,0,38,62,-24
13044,0,2,12,-10
13046,0,81,32,49
13047,0,12,8,4
13049,0,126,139,-13
13050,0,35,69,-34
13053,0,37,21,16
13055,0,19,36,-17
13059,0,40,58,-18
13060,0,66,18,48
13061,0,48,91,-43
13064,0,8,12,-4
13065,0,4,12,-8
13066,0,33,19,14
13067,0,161,116,45
13068,0,23,18,5
13069,0,105,52,53
13070,0,73,101,-28
13071,0,31,33,-2
13074,0,21,21,0
13076,0,13,3,10
13077,0,6,49,-43
13078,0,27,29,-2
13079,0,39,78,-39
13082,0,299,293,6
13083,0,20,18,2
13085,0,53,30,23
13086,0,6,61,-55
13087,0,10,23,-13
13089,0,8,1,7
13091,0,6,47,-41
13092,0,1,8,-7
13093,0,32,1,31
13094,0,10,10,0
13095,0,47,39,8
13096,0,27,9,18
13098,0,84,58,26
13101,0,37,37,0
13104,0,1,6,-5
13112,0,2,2,0
13117,0,45,24,21
13118,0,84,55,29
13122,0,5,3,2
13123,0,48,66,-18
13125,0,46,65,-19
13128,0,54,81,-27
13130,0,65,113,-48
13132,0,11,3,8
13133,0,7,1,6
13134,0,28,13,15
13136,0,24,14,10
13137,0,12,6,6
13139,0,70,69,1
13141,0,26,26,0
13144,0,989,997,-8
13145,0,61,41,20
13147,0,59,37,22
13148,0,25,21,4
13150,0,16,39,-23
13152,0,34,68,-34
13153,0,5,24,-19
13154,0,18,1,17
13155,0,4,17,-13
13156,0,6,19,-13
13157,0,41,19,22
13158,0,173,200,-27
13159,0,140,173,-33
13161,0,93,85,8
13163,0,4,1,3
13165,0,2,6,-4
13167,0,84,77,7
13172,0,87,146,-59
13175,0,37,11,26
13176,0,157,198,-41
13178,0,15,64,-49
13179,0,50,22,28
13180,0,9,32,-23
13182,0,63,113,-50
13183,0,17,10,7
13185,0,25,21,4
13186,0,40,45,-5
13189,0,43,48,-5
13191,0,186,224,-38
13193,0,3,15,-12
13195,0,165,196,-31
13196,0,16,13,3
13197,0,30,83,-53
13198,0,17,14,3
13199,0,15,25,-10
13200,0,10,13,-3
13201,0,135,165,-30
13207,0,122,138,-16
13208,0,26,31,-5
13212,0,12,43,-31
13215,0,77,83,-6
13216,0,29,7,22
13220,0,17,5,12
13221,0,4,19,-15
13222,0,4,12,-8
13223,0,22,13,9
13224,0,32,26,6
13225,0,196,214,-18
13226,0,86,104,-18
13228,0,21,6,15
13229,0,8,14,-6
13230,0,87,46,41
13231,0,36,55,-19
13232,0,256,235,21
13233,0,356,370,-14
13234,0,60,15,45
13235,0,22,6,16
13237,0,41,96,-55
13238,0,7,16,-9
13242,0,18,36,-18
13245,0,36,4,32
13246,0,19,37,-18
13247,0,76,99,-23
13249,0,24,31,-7
13250,0,1,1,0
13252,0,17,44,-27
13256,0,156,203,-47
13258,0,95,49,46
13259,0,10,10,0
13262,0,62,117,-55
13263,0,37,28,9
13264,0,7,19,-12
13265,0,11,45,-34
13266,0,89,36,53
13267,0,3,1,2
13271,0,15,72,-57
13274,0,18,29,-11
13275,0,25,36,-11
13277,0,59,107,-48
13278,0,52,70,-18
13280,0,3,12,-9
13282,0,95,125,-30
13286,0,337,342,-5
13288,0,10,11,-1
13291,0,15,8,7
13292,0,24,31,-7
13293,0,6,6,0
13295,0,228,211,17
13298,0,1,9,-8
13299,0,17,61,-44
13302,0,1,2,-1
13303,0,13,12,1
13304,0,28,68,-40
13305,0,132,191,-59
13306,0,237,189,48
13307,0,18,29,-11
13310,0,36,5,31
13312,0,5,28,-23
13313,0,34,70,-36
13314,0,11,38,-27
13316,0,31,60,-29
13318,0,2,5,-3
13319,0,43,35,8
13320,0,10,28,-18
13322,0,107,163,-56
13323,0,48,19,29
13325,0,23,37,-14
13326,0,42,76,-34
13329,0,172,167,5
13331,0,8,5,3
13332,0,5,10,-5
13333,0,9,1,8
13334,0,64,102,-38
13335,0,74,68,6
13336,0,17,28,-11
13337,0,307,292,15
13338,0,285,300,-15
13339,0,60,26,34
13341,0,25,81,-56
13342,0,7,1,6
13343,0,135,137,-2
13347,0,48,90,-42
13348,0,28,10,18
13349,0,61,24,37
13351,0,24,55,-31
13353,0,2,4,-2
13356,0,9,28,-19
13357,0,9,67,-58
13358,0,15,38,-23
13361,0,1,12,-11
13363,0,1,7,-6
13365,0,32,62,-30
13366,0,7,4,3
13368,0,60,33,27
13371,0,15,26,-11
13372,0,60,74,-14
13373,0,31,62,-31
13374,0,2,23,-21
13375,0,9,26,-17
13376,0,3,3,0
13377,0,17,38,-21
13378,0,12,11,1
13380,0,9,9,0
13381,0,2018,2065,-47
13382,0,52,68,-16
13383,0,37,70,-33
13385,0,41,13,28
13386,0,29,47,-18
13387,0,48,97,-49
13388,0,21,1,20
13390,0,59,14,45
13392,0,16,6,10
13395,0,172,181,-9
13396,0,53,14,39
13397,0,239,185,54
13398,0,2,42,-40
13399,0,3,1,2
13400,0,9,8,1
13403,0,33,26,7
13404,0,99,103,-4
13407,0,89,60,29
13408,0,192,201,-9
13409,0,44,60,-16
13410,0,3,24,-21
13411,0,4,10,-6
13412,0,12,56,-44
13413,0,2,5,-3
13415,0,55,62,-7
13418,0,9,12,-3
13419,0,11,32,-21
13421,0,6,19,-13
13423,0,12,23,-11
13424,0,6,4,2
13425,0,111,134,-23
13427,0,29,44,-15
13428,0,32,66,-34
13430,0,218,175,43
13431,0,16,24,-8
13433,0,32,69,-37
13434,0,1,6,-5
13435,0,31,49,-18
13436,0,1,50,-49
13438,0,2,27,-25
13439,0,28,27,1
13440,0,51,48,3
13441,0,40,23,17
13445,0,15,41,-26
13447,0,26,25,1
13448,0,7,10,-3
13449,0,207,195,12
13450,0,8,21,-13
13451,0,6,8,-2
13454,0,16,37,-21
13455,0,3,25,-22
13456,0,56,9,47
13457,0,41,32,9
13458,0,19,6,13
13460,0,72,127,-55
13461,0,7,1,6
13462,0,85,51,34
13464,0,36,76,-40
13465,0,92,93,-1
13470,0,44,65,-21
13472,0,3,30,-27
13474,0,17,10,7
13476,0,3,2,1
13477,0,145,161,-16
13478,0,8,58,-50
13482,0,8,18,-10
13484,0,140,92,48
13485,0,6,1,5
13486,0,4,2,2
13489,0,83,101,-18
13490,0,21,44,-23
13491,0,17,55,-38
13492,0,2,3,-1
13498,0,150,107,43
13499,0,26,57,-31
13500,0,45,80,-35
13501,0,46,34,12
13502,0,33,20,13
13504,0,86,125,-39
13505,0,16,12,4
13506,0,6,16,-10
13507,0,2,0,2
13508,0,67,100,-33
13509,0,12,17,-5
13510,0,105,58,47
13511,0,21,64,-43
13512,0,74,64,10
13513,0,25,3,22
13514,0,13,62,-49
13515,0,99,108,-9
13517,0,116,109,7
13518,0,19,2,17
13519,0,17,24,-7
13520,0,25,24,1
13524,0,38,9,29
13525,0,24,28,-4
13526,0,8,3,5
13527,0,15,37,-22
13528,0,29,4,25
13531,0,4,10,-6
13533,0,5,9,-4
13534,0,312,280,32
13536,0,24,22,2
13537,0,28,75,-47
13538,0,4747,4711,36
13541,0,8,29,-21
13544,0,14,19,-5
13548,0,16,10,6
13549,0,28,19,9
13550,0,83,47,36
13551,0,60,11,49
13552,0,12,17,-5
13553,0,1,18,-17
13554,0,62,35,27
13555,0,94,81,13
13556,0,4,63,-59
13558,0,11,15,-4
13561,0,57,45,12
13564,0,7,4,3
13565,0,24,15,9
13566,0,27,13,14
13571,0,31,91,-60
13573,0,4,18,-14
13574,0,137,93,44
13575,0,16,13,3
13576,0,13,24,-11
13577,0,2,18,-16
13578,0,55,12,43
13579,0,38,13,25
13580,0,288,283,5
13582,0,12,3,9
13584,0,44,26,18
13585,0,25,42,-17
13590,0,17,3,14
13591,0,3,21,-18
13592,0,2,11,-9
13593,0,5,13,-8
13594,0,17,10,7
13597,0,84,93,-9
13598,0,10,13,-3
13600,0,118,86,32
13602,0,33,32,1
13603,0,80,73,7
13604,0,278,241,37
13605,0,105,122,-17
13608,0,12,19,-7
13609,0,2075,2103,-28
13611,0,14,2,12
13612,0,118,104,14
13615,0,42,41,1
13616,0,164,172,-8
13617,0,21,30,-9
13618,0,6,27,-21
13619,0,36,85,-49
13621,0,45,10,35
13624,0,79,47,32
13626,0,1,54,-53
13628,0,15,29,-14
13629,0,9,8,1
13631,0,3,2,1
13634,0,11,26,-15
13637,0,24,40,-16
13638,0,8,4,4
13640,0,32,41,-9
13641,0,2,6,-4
13642,0,124,175,-51
13644,0,60,85,-25
13645,0,7,40,-33
13646,0,5,1,4
13651,0,126,115,11
13653,0,4,14,-10
13655,0,17,76,-59
13657,0,43,53,-10
13661,0,83,120,-37
13663,0,8,46,-38
13665,0,5,21,-16
13666,0,8,11,-3
13667,0,9,12,-3
13668,0,27,52,-25
13670,0,66,53,13
13671,0,15,36,-21
13672,0,3,1,2
13673,0,10,31,-21
13674,0,6,6,0
13675,0,43,80,-37
13676,0,8,30,-22
13677,0,11,13,-2
13679,0,3,8,-5
13681,0,49,105,-56
13683,0,7,20,-13
13685,0,2,3,-1
13686,0,76,57,19
13687,0,36,2,34
13691,0,33,17,16
13692,0,4,9,-5
13694,0,39,23,16
13695,0,38,9,29
13696,0,2,9,-7
13697,0,40,21,19
13698,0,27,39,-12
13701,0,41,44,-3
13702,0,16,17,-1
13705,0,14,68,-54
13706,0,21,23,-2
13707,0,96,47,49
13710,0,566,512,54
13712,0,120,97,23
13714,0,5,22,-17
13715,0,14,11,3
13718,0,125,183,-58
13721,0,26,72,-46
13722,0,61,57,4
13723,0,44,69,-25
13724,0,98,61,37
13725,0,30,45,-15
13726,0,462,459,3
13727,0,30,17,13
13728,0,90,38,52
13729,0,32,31,1
13730,0,15,14,1
13732,0,114,122,-8
13733,0,47,5,42
13735,0,41,32,9
13737,0,19,56,-37
13738,0,8,33,-25
13743,0,41,39,2
13744,0,1,14,-13
13746,0,51,75,-24
13747,0,25,49,-24
13748,0,2,7,-5
13749,0,31,36,-5
13750,0,18,10,8
13751,0,16,8,8
13752,0,59,67,-8
13753,0,38,30,8
13756,0,47,13,34
13758,0,60,50,10
13759,0,8,5,3
13760,0,49,40,9
13761,0,22,8,14
13762,0,36,52,-16
13764,0,37,7,30
13765,0,52,20,32
13769,0,57,57,0
13771,0,29,34,-5
13774,0,59,81,-22
13777,0,46,22,24
13778,0,44,16,28
13780,0,59,36,23
13781,0,33,65,-32
13783,0,22,25,-3
13785,0,107,147,-40
13787,0,29,45,-16
13788,0,1,17,-16
13789,0,14,26,-12
13790,0,106,67,39
13793,0,70,77,-7
13794,0,9,18,-9
13795,0,43,22,21
13796,0,10,57,-47
13798,0,5,20,-15
13799,0,79,59,20
13801,0,2,2,0
13802,0,1522,1572,-50
13804,0,44,18,26
13805,0,15,29,-14
13807,0,44,19,25
13808,0,36,9,27
13810,0,84,45,39
13812,0,100,121,-21
13813,0,84,96,-12
13814,0,3,28,-25
13818,0,25,32,-7
13820,0,20,17,3
13821,0,99,85,14
13822,0,60,32,28
13823,0,230,196,34
13824,0,2,12,-10
13825,0,76,96,-20
13827,0,26,49,-23
13828,0,207,200,7
13831,0,161,110,51
13832,0,3,6,-3
13833,0,26,29,-3
13834,0,18,17,1
13836,0,23,21,2
13840,0,54,1,53
13842,0,21,26,-5
13845,0,28,31,-3
13846,0,115,152,-37
13847,0,9,41,-32
13848,0,30,62,-32
13850,0,60,44,16
13851,0,6,4,2
13857,0,190,161,29
13858,0,1,1,0
13861,0,6,1,5
13863,0,11,33,-22
13864,0,2,0,2
13869,0,5,3,2
13870,0,15,28,-13
13871,0,39,54,-15
13874,0,4,7,-3
13876,0,80,78,2
13880,0,21,55,-34
13881,0,19,24,-5
13883,0,179,221,-42
13885,0,50,83,-33
13886,0,14,51,-37
13887,0,8,11,-3
13888,0,50,87,-37
13890,0,3,17,-14
13891,0,1,8,-7
13892,0,10,4,6
13895,0,124,80,44
13896,0,31,17,14
13899,0,61,52,9
13903,0,1,4,-3
13904,0,55,82,-27
13905,0,124,159,-35
13906,0,30,25,5
13907,0,19,50,-31
13908,0,278,313,-35
13909,0,35,9,26
13910,0,87,85,2
13911,0,71,119,-48
13914,0,13,46,-33
13915,0,29,19,10
13916,0,4,16,-12
13917,0,14,10,4
13922,0,70,26,44
13923,0,74,57,17
13924,0,6,33,-27
13926,0,1,7,-6
13927,0,7,3,4
13932,0,2,7,-5
13933,0,10,2,8
13935,0,28,63,-35
13936,0,48,65,-17
13938,0,44,32,12
13939,0,179,151,28
13940,0,10,3,7
13941,0,106,85,21
13942,0,93,130,-37
13944,0,8,17,-9
13945,0,4,5,-1
13946,0,1,5,-4
13947,0,14,68,-54
13948,0,60,70,-10
13950,0,47,37,10
13952,0,12,58,-46
13954,0,196,217,-21
13957,0,147,139,8
13959,0,21,78,-57
13962,0,27,59,-32
13963,0,48,40,8
13965,0,9,1,8
13966,0,161,137,24
13967,0,71,125,-54
13968,0,93,76,17
13969,0,33,2,31
13970,0,21,4,17
13972,0,4,6,-2
13973,0,26,17,9
13974,0,27,16,11
13975,0,16,16,0
13978,0,105,130,-25
13980,0,21,78,-57
13984,0,9,5,4
13985,0,14,38,-24
13986,0,228,283,-55
13987,0,42,92,-50
13988,0,6,63,-57
13989,0,55,30,25
13992,0,85,50,35
13993,0,80,29,51
13994,0,11,35,-24
13997,0,78,52,26
14000,0,23,42,-19
14002,0,10,24,-14
14003,0,15,28,-13
14004,0,14,2,12
14005,0,19,48,-29
14007,0,7,42,-35
14008,0,32,20,12
14010,0,38,64,-26
14011,0,23,9,14
14012,0,19,37,-18
14013,0,47,52,-5
14014,0,4,14,-10
14016,0,113,131,-18
14017,0,9,12,-3
14018,0,11,15,-4
14020,0,58,21,37
14021,0,4,7,-3
14022,0,6,7,-1
14024,0,2,21,-19
14025,0,28,35,-7
14026,0,60,54,6
14027,0,5,8,-3
14028,0,24,18,6
14029,0,100,128,-28
14030,0,46,107,-61
14032,0,12,70,-58
14033,0,46,12,34
14035,0,18,41,-23
14036,0,2,30,-28
14038,0,9,10,-1
14040,0,23,11,12
14043,0,1216,1253,-37
14044,0,4,1,3
14046,0,22,28,-6
14047,0,45,31,14
14048,0,135,123,12
14049,0,1,7,-6
14050,0,55,74,-19
14051,0,113,70,43
14052,0,87,35,52
14053,0,5,40,-35
14055,0,27,22,5
14056,0,6,4,2
14058,0,3,16,-13
14060,0,23,3,20
14062,0,7,20,-13
14065,0,68,113,-45
14067,0,5,19,-14
14068,0,21,24,-3
14072,0,5,1,4
14074,0,7,15,-8
14075,0,31,14,17
14076,0,30,65,-35
14077,0,8,49,-41
14080,0,37,8,29
14081,0,69,99,-30
14082,0,41,19,22
14086,0,170,208,-38
14087,0,10,24,-14
14089,0,18,16,2
14091,0,87,49,38
14093,0,49,5,44
14097,0,17,58,-41
14098,0,29,28,1
14099,0,359,398,-39
14100,0,8,6,2
14101,0,61,46,15
14102,0,71,68,3
14103,0,37,74,-37
14105,0,12541,12508,33
14107,0,30,48,-18
14108,0,21,19,2
14109,0,117,129,-12
14111,0,77,51,26
14112,0,2,14,-12
14113,0,11,10,1
14114,0,80,117,-37
14115,0,81,108,-27
14116,0,10,71,-61
14118,0,86,87,-1
14120,0,30,17,13
14121,0,112,89,23
14122,0,22,3,19
14124,0,9,8,1
14125,0,2,11,-9
14126,0,14,23,-9
14131,0,51,71,-20
14133,0,23,18,5
14135,0,119,84,35
14136,0,93,77,16
14137,0,17,12,5
14138,0,3,6,-3
14139,0,33,21,12
14142,0,31,16,15
14146,0,16,44,-28
14148,0,49,105,-56
14150,0,39,16,23
14151,0,11,20,-9
14153,0,105,134,-29
14154,0,50,61,-11
14155,0,12,4,8
14156,0,30,58,-28
14157,0,21,7,14
14159,0,55,63,-8
14160,0,1,5,-4
14161,0,4,34,-30
14164,0,27,6,21
14165,0,21,56,-35
14166,0,51,32,19
14167,0,18,9,9
14168,0,99,153,-54
14169,0,18,62,-44
14172,0,24,41,-17
14175,0,3,0,3
14177,0,6,6,0
14179,0,10,28,-18
14181,0,34,34,0
14182,0,2,51,-49
14184,0,2,18,-16
14188,0,7,14,-7
14191,0,2487,2491,-4
14192,0,64,13,51
14196,0,25,20,5
14197,0,2,43,-41
14198,0,10,40,-30
14202,0,64,43,21
14204,0,182,233,-51
14206,0,4,19,-15
14207,0,1,6,-5
14208,0,2,37,-35
14209,0,44,31,13
14210,0,33,14,19
14212,0,146,94,52
14214,0,9,6,3
14215,0,23,23,0
14216,0,6,23,-17
14217,0,4,10,-6
14220,0,47,44,3
14221,0,120,116,4
14224,0,18,17,1
14225,0,859,830,29
14226,0,190,185,5
14228,0,14,18,-4
14230,0,116,119,-3
14231,0,25,43,-18
14232,0,26,59,-33
14237,0,39,87,-48
14239,0,44,12,32
14241,0,6,6,0
14242,0,2,15,-13
14244,0,30,17,13
14245,0,12,7,5
14248,0,3,9,-6
14250,0,48,52,-4
14251,0,16,42,-26
14253,0,1,31,-30
14254,0,74,93,-19
14255,0,29,23,6
14257,0,85,54,31
14258,0,487,526,-39
14259,0,42,49,-7
14260,0,29,38,-9
14261,0,247,225,22
14262,0,8,24,-16
14263,0,16,39,-23
14264,0,5,7,-2
14266,0,41,68,-27
14268,0,168,150,18
14272,0,35,9,26
14273,0,4,0,4
14278,0,86,104,-18
14279,0,36,10,26
14281,0,61,92,-31
14282,0,5,9,-4
14283,0,21,21,0
14284,0,1,50,-49
14285,0,105,90,15
14287,0,7,26,-19
14288,0,28,15,13
14290,0,139,172,-33
14291,0,5,8,-3
14292,0,28,34,-6
14293,0,21,12,9
14294,0,2,34,-32
14295,0,3,13,-10
14296,0,19,4,15
14297,0,1,3,-2
14298,0,5,16,-11
14300,0,45,45,0
14302,0,185,147,38
14304,0,3,1,2
14305,0,261,241,20
14306,0,14,46,-32
14307,0,14,7,7
14309,0,8,14,-6
14310,0,3,4,-1
14311,0,3,21,-18
14312,0,117,136,-19
14313,0,97,67,30
14315,0,77,75,2
14316,0,2,1,1
14319,0,48,2,46
14320,0,19,22,-3
14321,0,58,77,-19
14322,0,9,8,1
14323,0,24,51,-27
14325,0,50,2,48
14326,0,33,20,13
14327,0,60,100,-40
14330,0,33,28,5
14334,0,112,161,-49
14335,0,1,20,-19
14336,0,31,67,-36
14337,0,24,14,10
14338,0,48,88,-40
14339,0,47,26,21
14340,0,39,29,10
14341,0,35,74,-39
14342,0,45,81,-36
14343,0,11,24,-13
14344,0,270,295,-25
14345,0,10,40,-30
14347,0,1,15,-14
14348,0,57,58,-1
14349,0,16,10,6
14350,0,66,19,47
14353,0,68,101,-33
14354,0,9,30,-21
14355,0,21,11,10
14356,0,32,45,-13
14357,0,9,11,-2
14358,0,49,57,-8
14361,0,2,6,-4
14362,0,32,75,-43
14363,0,4,35,-31
14364,0,82,49,33
14365,0,32,30,2
14366,0,36,81,-45
14370,0,24,1,23
14372,0,25,42,-17
14374,0,66,120,-54
14378,0,14,21,-7
14379,0,397,455,-58
14381,0,22,35,-13
14382,0,207,218,-11
14385,0,12,8,4
14390,0,60,58,2
14392,0,4,31,-27
14397,0,2,7,-5
14401,0,39,36,3
14403,0,34,11,23
14404,0,40,65,-25
14407,0,15,13,2
14409,0,10,58,-48
14410,0,10,3,7
14411,0,18,1,17
14414,0,1,8,-7
14417,0,21,53,-32
14418,0,234,239,-5
14420,0,33,60,-27
14421,0,181,213,-32
14422,0,9,7,2
14423,0,94,52,42
14424,0,26,15,11
14425,0,15,18,-3
14428,0,39,61,-22
14429,0,32,16,16
14431,0,2,27,-25
14432,0,10,9,1
14435,0,2,6,-4
14437,0,25,34,-9
14440,0,3,2,1
14441,0,3,7,-4
14443,0,9,22,-13
14446,0,2108,2065,43
14449,0,9,9,0
14451,0,5,37,-32
14454,0,14,1,13
14456,0,60,53,7
14458,0,23,3,20
14460,0,40,60,-20
14461,0,687,683,4
14463,0,74,36,38
14464,0,66,38,28
14466,0,82,28,54
14468,0,59,33,26
14469,0,43,10,33
14470,0,49,66,-17
14472,0,31,79,-48
14474,0,194,213,-19
14477,0,17,44,-27
14480,0,22,22,0
14481,0,3,4,-1
14482,0,18,53,-35
14484,0,64,121,-57
14485,0,18,7,11
14486,0,33,37,-4
14490,0,18,79,-61
14492,0,2,15,-13
14493,0,17,65,-48
14496,0,13,21,-8
14498,0,23,30,-7
14499,0,240,190,50
14501,0,16,5,11
14502,0,1,5,-4
14505,0,3,1,2
14507,0,1,11,-10
14508,0,27,18,9
14510,0,56,62,-6
14513,0,36,44,-8
14515,0,6,36,-30
14518,0,46,45,1
14521,0,3,22,-19
14522,0,60,51,9
14525,0,143,132,11
14526,0,203,175,28
14527,0,15,7,8
14529,0,50,58,-8
14531,0,44,43,1
14532,0,39,33,6
14538,0,10,18,-8
14541,0,5,20,-15
14542,0,41,26,15
14543,0,39,45,-6
14545,0,141,150,-9
14546,0,29,38,-9
14547,0,22,8,14
14549,0,8,3,5
14551,0,117,143,-26
14552,0,8,11,-3
14553,0,21,27,-6
14554,0,5,4,1
14555,0,53,4,49
14556,0,22,21,1
14557,0,63,87,-24
14559,0,20,48,-28
14560,0,8,19,-11
14561,0,194,157,37
14564,0,68,47,21
14566,0,22,23,-1
14567,0,10,12,-2
14568,0,27,2,25
14572,0,78,69,9
14573,0,18,50,-32
14574,0,2,1,1
14575,0,41,77,-36
14576,0,6,30,-24
14578,0,2,2,0
14579,0,4,6,-2
14580,0,47,99,-52
14582,0,15,12,3
14585,0,3,21,-18
14587,0,6,15,-9
14590,0,2,1,1
14591,0,35,88,-53
14593,0,56,77,-21
14596,0,16,26,-10
14598,0,99,128,-29
14599,0,9,16,-7
14600,0,58,23,35
14602,0,26,17,9
14604,0,101,113,-12
14605,0,9,36,-27
14608,0,19,14,5
14609,0,9,21,-12
14611,0,33,86,-53
14614,0,71,111,-40
14615,0,2,33,-31
14616,0,1,29,-28
14617,0,32,58,-26
14618,0,119,111,8
14619,0,31,29,2
14620,0,6,29,-23
14624,0,31,12,19
14626,0,14,38,-24
14627,0,86,63,23
14628,0,11,41,-30
14629,0,11,9,2
14630,0,138,123,15
14631,0,17,29,-12
14634,0,20,11,9
14635,0,9,13,-4
14637,0,6,18,-12
14642,0,20,22,-2
14643,0,9,10,-1
14645,0,19,1,18
14647,0,26,22,4
14650,0,41,38,3
14651,0,3,0,3
14654,0,155,103,52
14655,0,35,20,15
14658,0,143,96,47
14659,0,7,31,-24
14661,0,17,50,-33
14663,0,53,39,14
14664,0,27,29,-2
14665,0,4,5,-1
14667,0,78,117,-39
14668,0,41,98,-57
14669,0,42,11,31
14671,0,150,128,22
14672,0,6,25,-19
14674,0,56,92,-36
14675,0,86,88,-2
14676,0,298,325,-27
14677,0,11,1,10
14680,0,97,65,32
14681,0,62,59,3
14682,0,5,4,1
14683,0,534,509,25
14684,0,22,41,-19
14686,0,6,3,3
14687,0,197,186,11
14689,0,13,5,8
14690,0,45,35,10
14692,0,36,22,14
14696,0,4,11,-7
14699,0,2,3,-1
14702,0,47,39,8
14705,0,3,11,-8
14706,0,6,48,-42
14707,0,140,96,44
14709,0,20,61,-41
14711,0,74,35,39
14712,0,482,487,-5
14714,0,11,5,6
14715,0,12,24,-12
14716,0,56,49,7
14719,0,28,12,16
14720,0,29,26,3
14721,0,199,223,-24
14722,0,41,13,28
14723,0,17,30,-13
14724,0,7,8,-1
14725,0,11,7,4
14727,0,53,13,40
14729,0,19,3,16
14730,0,11,28,-17
14736,0,21,10,11
14737,0,18,29,-11
14739,0,16,33,-17
14740,0,46,3,43
14741,0,10,13,-3
14744,0,7,9,-2
14747,0,9,9,0
14749,0,150,117,33
14750,0,29,22,7
14751,0,66,54,12
14752,0,47,54,-7
14753,0,20,22,-2
14754,0,287,285,2
14759,0,17,15,2
14760,0,90,120,-30
14761,0,47,58,-11
14762,0,53,106,-53
14764,0,17,49,-32
14769,0,37,12,25
14770,0,40,23,17
14772,0,36,41,-5
14773,0,105,87,18
14774,0,31,5,26
14776,0,92,72,20
14777,0,15,22,-7
14779,0,36,15,21
14782,0,31,55,-24
14783,0,564,623,-59
14785,0,49,18,31
14787,0,11,7,4
14788,0,2,22,-20
14790,0,163,126,37
14792,0,54,109,-55
14793,0,4,5,-1
14797,0,1,10,-9
14800,0,8,9,-1
14801,0,14,34,-20
14802,0,407,364,43
14804,0,101,128,-27
14805,0,43,52,-9
14807,0,246,214,32
14809,0,28,1,27
14813,0,7,5,2
14815,0,32,45,-13
14817,0,17,44,-27
14818,0,254,264,-10
14823,0,10,8,2
14829,0,16,4,12
14830,0,61,62,-1
14832,0,4,25,-21
14834,0,6,13,-7
14835,0,50,77,-27
14837,0,136,132,4
14838,0,33,34,-1
14839,0,18,20,-2
14840,0,37,28,9
14844,0,2,46,-44
14845,0,41,81,-40
14846,0,57,16,41
14848,0,7,9,-2
14849,0,51,36,15
14850,0,63,101,-38
14855,0,6,3,3
14860,0,3,1,2
14864,0,14,46,-32
14866,0,3,5,-2
14867,0,133,84,49
14869,0,21,24,-3
14870,0,5,16,-11
14871,0,32,84,-52
14872,0,51,67,-16
14873,0,5,14,-9
14874,0,56,36,20
14879,0,202,254,-52
14880,0,16,12,4
14881,0,75,54,21
14886,0,74,49,25
14887,0,51,67,-16
14888,0,4,9,-5
14890,0,89,43,46
14891,0,101,48,53
14892,0,14,12,2
14894,0,72,117,-45
14895,0,33,32,1
14897,0,12,40,-28
14898,0,67,80,-13
14902,0,1,2,-1
14903,0,30,32,-2
14904,0,5,28,-23
14907,0,18,11,7
14908,0,718,696,22
14909,0,2,32,-30
14910,0,11,11,0
14911,0,17,44,-27
14912,0,3,12,-9
14914,0,3,5,-2
14915,0,13,21,-8
14916,0,8,8,0
14917,0,13,16,-3
14919,0,47,2,45
14921,0,24,76,-52
14923,0,5,26,-21
14924,0,33,57,-24
14925,0,158,121,37
14926,0,83,80,3
14931,0,252,238,14
14932,0,17,22,-5
14933,0,9,37,-28
14934,0,2,11,-9
14935,0,77,122,-45
14936,0,18,27,-9
14937,0,36,35,1
14939,0,25,28,-3
14940,0,310,298,12
14943,0,85,54,31
14946,0,19,33,-14
14947,0,1,5,-4
14948,0,171,125,46
14949,0,14,3,11
14950,0,17,19,-2
14952,0,3,6,-3
14953,0,148,190,-42
14955,0,84,84,0
14956,0,99,149,-50
14957,0,18,25,-7
14958,0,28,35,-7
14960,0,17,65,-48
14961,0,2,30,-28
14962,0,17,3,14
14963,0,9,17,-8
14964,0,10,2,8
14965,0,59,106,-47
14966,0,13,69,-56
14968,0,9,42,-33
14970,0,1,15,-14
14972,0,105,163,-58
14973,0,7,58,-51
14978,0,54,56,-2
14982,0,4,2,2
14983,0,48,8,40
14987,0,138,134,4
14989,0,68,47,21
14992,0,11,2,9
14993,0,16,69,-53
14994,0,31,44,-13
14997,0,11,17,-6
15000,0,5,19,-14
15001,0,95,143,-48
15004,0,11,20,-9
15005,0,28,42,-14
15006,0,35,57,-22
15009,0,20,49,-29
15013,0,23,23,0
15015,0,11,9,2
15016,0,14,13,1
15018,0,80,104,-24
15019,0,19,24,-5
15020,0,17,34,-17
15021,0,24,46,-22
15023,0,39,99,-60
15026,0,44,62,-18
15027,0,28,50,-22
15029,0,45,42,3
15030,0,231,228,3
15031,0,13,22,-9
15033,0,4,5,-1
15035,0,37,25,12
15037,0,258,296,-38
15038,0,121,172,-51
15041,0,52,36,16
15043,0,11,16,-5
15047,0,20,23,-3
15050,0,10,29,-19
15052,0,7,18,-11
15053,0,374,337,37
15055,0,76,28,48
15059,0,7,12,-5
15060,0,1,24,-23
15062,0,56,27,29
15063,0,19,46,-27
15067,0,358,312,46
15070,0,9,21,-12
15071,0,4,7,-3
15072,0,18,10,8
15074,0,27,50,-23
15075,0,6,57,-51
15077,0,7,0,7
15078,0,32,34,-2
15079,0,20,46,-26
15082,0,27,76,-49
15084,0,11,12,-1
15085,0,2,19,-17
15086,0,6,13,-7
15089,0,10,3,7
15091,0,20,34,-14
15092,0,95,139,-44
15094,0,146,101,45
15095,0,40,8,32
15096,0,25,23,2
15099,0,14,35,-21
15100,0,12,11,1
15102,0,91,107,-16
15103,0,27,19,8
15105,0,48,36,12
15108,0,123,132,-9
15110,0,17,30,-13
15112,0,35,9,26
15113,0,12,30,-18
15114,0,12,11,1
15117,0,108,58,50
15118,0,7,42,-35
15119,0,71,39,32
15121,0,169,143,26
15123,0,392,341,51
15126,0,38,71,-33
15127,0,90,110,-20
15129,0,3,31,-28
15132,0,3,8,-5
15135,0,52,35,17
15137,0,8,10,-2
15140,0,20,47,-27
15141,0,26,58,-32
15143,0,68,16,52
15145,0,29,43,-14
15146,0,3,9,-6
15147,0,13,69,-56
15149,0,65,21,44
15156,0,67,74,-7
15157,0,399,453,-54
15158,0,67,45,22
15160,0,79,130,-51
15165,0,51,97,-46
15166,0,13,1,12
15168,0,18,33,-15
15169,0,28,54,-26
15170,0,7,50,-43
15171,0,279,234,45
15174,0,21,46,-25
15175,0,20,26,-6
15178,0,5,24,-19
15179,0,34,62,-28
15180,0,51,89,-38
15181,0,45,18,27
15182,0,33,30,3
15184,0,27,39,-12
15185,0,99,90,9
15187,0,27,7,20
15188,0,64,32,32
15190,0,2,1,1
15191,0,35,7,28
15192,0,54,88,-34
15197,0,28,59,-31
15198,0,95,60,35
15200,0,1379,1379,0
15203,0,15,2,13
15204,0,35,94,-59
15208,0,43,38,5
15210,0,48,70,-22
15211,0,5,19,-14
15212,0,37,85,-48
15213,0,49,73,-24
15215,0,43,22,21
15219,0,51,78,-27
15220,0,66,17,49
15221,0,21,6,15
15222,0,18,30,-12
15223,0,5,18,-13
15226,0,11,19,-8
15227,0,56,53,3
15228,0,394,346,48
15229,0,72,51,21
15230,0,16,10,6
15231,0,49,50,-1
15232,0,1,8,-7
15233,0,24,11,13
15234,0,62,40,22
15235,0,28,46,-18
15236,0,185,172,13
15237,0,106,140,-34
15239,0,7,18,-11
15240,0,147,141,6
15241,0,146,193,-47
15242,0,24,15,9
15243,0,8,31,-23
15245,0,39,68,-29
15246,0,11,47,-36
15247,0,44,64,-20
15251,0,75,47,28
15254,0,13,19,-6
15256,0,9,12,-3
15258,0,20,24,-4
15262,0,15,41,-26
15263,0,330,279,51
15267,0,2,31,-29
15268,0,21,45,-24
15269,0,6,13,-7
15273,0,20,75,-55
15275,0,34,56,-22
15276,0,4,13,-9
15278,0,6,2,4
15279,0,7,34,-27
15280,0,6,16,-10
15281,0,11,48,-37
15284,0,17,14,3
15285,0,12,20,-8
15286,0,50,76,-26
15288,0,28,13,15
15290,0,37,18,19
15291,0,25,3,22
15293,0,21,18,3
15294,0,18,74,-56
15296,0,48,51,-3
15303,0,45,61,-16
15305,0,12,7,5
15306,0,260,227,33
15307,0,71,28,43
15308,0,9,13,-4
15310,0,38,88,-50
15311,0,47,8,39
15313,0,98,48,50
15314,0,19,14,5
15315,0,1,39,-38
15316,0,2,3,-1
15319,0,47,23,24
15320,0,46,72,-26
15321,0,38,46,-8
15322,0,98,47,51
15324,0,3,4,-1
15325,0,73,87,-14
15326,0,2,1,1
15329,0,10,31,-21
15331,0,106,111,-5
15332,0,21,6,15
15333,0,102,144,-42
15334,0,23,42,-19
15336,0,24,43,-19
15337,0,151,107,44
15338,0,53,29,24
15339,0,6,11,-5
15340,0,130,156,-26
15341,0,50,40,10
15345,0,1,30,-29
15347,0,61,33,28
15348,0,10,39,-29
15351,0,209,155,54
15355,0,149,97,52
15357,0,19,16,3
15361,0,59,117,-58
15362,0,1,12,-11
15363,0,10,17,-7
15365,0,30,34,-4
15366,0,30,2,28
15369,0,65,84,-19
15370,0,16,13,3
15371,0,33,8,25
15373,0,2,3,-1
15379,0,7,21,-14
15381,0,12,24,-12
15383,0,9,39,-30
15384,0,12,9,3
15385,0,145,142,3
15386,0,157,137,20
15387,0,21,21,0
15388,0,119,135,-16
15390,0,38,93,-55
15392,0,1,10,-9
15393,0,18,8,10
15399,0,111,147,-36
15400,0,11,30,-19
15404,0,13,2,11
15405,0,8,7,1
15406,0,5,10,-5
15410,0,1,22,-21
15411,0,35,73,-38
15412,0,64,49,15
15415,0,3,12,-9
15418,0,26,35,-9
15419,0,14,24,-10
15420,0,10,29,-19
15422,0,24,17,7
15425,0,23,2,21
15428,0,30,30,0
15429,0,12,16,-4
15432,0,133,194,-61
15434,0,262,285,-23
15436,0,37,51,-14
15437,0,156,203,-47
15439,0,46,10,36
15441,0,142,96,46
15444,0,2,3,-1
15445,0,80,41,39
15446,0,3,25,-22
15447,0,1,1,0
15448,0,15,43,-28
15449,0,14,18,-4
15450,0,14,15,-1
15451,0,19,24,-5
15455,0,21,71,-50
15458,0,15,14,1
15461,0,11,17,-6
15463,0,13,46,-33
15464,0,10,7,3
15467,0,59,24,35
15468,0,11,53,-42
15469,0,13,18,-5
15472,0,52,20,32
15475,0,26,21,5
15481,0,104,61,43
15482,0,36,1,35
15484,0,20,50,-30
15487,0,52,84,-32
15489,0,12,35,-23
15490,0,12,3,9
15492,0,1,6,-5
15494,0,67,26,41
15495,0,18,18,0
15496,0,155,124,31
15497,0,31,16,15
15498,0,52,86,-34
15499,0,11,1,10
15501,0,6,29,-23
15502,0,5,18,-13
15503,0,10,27,-17
15504,0,40,15,25
15506,0,55,87,-32
15508,0,11,9,2
15509,0,29,33,-4
15510,0,8,16,-8
15511,0,14,15,-1
15513,0,34,6,28
15517,0,2044,2004,40
15520,0,41,14,27
15523,0,5,1,4
15524,0,105,97,8
15525,0,91,106,-15
15527,0,2,46,-44
15530,0,24,27,-3
15533,0,74,84,-10
15534,0,62,115,-53
15537,0,176,214,-38
15538,0,210,220,-10
15539,0,37,51,-14
15540,0,16,19,-3
15541,0,12,24,-12
15543,0,37,11,26
15544,0,9,2,7
15545,0,830,835,-5
15546,0,28,27,1
15547,0,18,53,-35
15548,0,7,9,-2
15549,0,13,44,-31
15550,0,60,49,11
15553,0,227,190,37
15554,0,389,337,52
15555,0,15,37,-22
15557,0,206,203,3
15558,0,3,5,-2
15559,0,6,22,-16
15562,0,43,96,-53
15566,0,26,11,15
15567,0,17,14,3
15568,0,4,12,-8
15574,0,24,46,-22
15575,0,1,3,-2
15576,0,4,7,-3
15578,0,9,1,8
15581,0,24,8,16
15583,0,39,51,-12
15584,0,26,18,8
15585,0,2,14,-12
15588,0,389,397,-8
15589,0,69,22,47
15596,0,18,36,-18
15599,0,16,49,-33
15600,0,24,34,-10
15601,0,30,31,-1
15604,0,20,7,13
15605,0,4,9,-5
15606,0,1,4,-3
15607,0,24,26,-2
15608,0,37,5,32
15610,0,1,8,-7
15611,0,47,97,-50
15612,0,24,8,16
15613,0,57,59,-2
15615,0,34,67,-33
15618,0,1,13,-12
15619,0,59,30,29
15620,0,18,11,7
15622,0,9,13,-4
15623,0,7,2,5
15625,0,7,2,5
15626,0,22,35,-13
15627,0,21,48,-27
15628,0,4,23,-19
15630,0,7,22,-15
15632,0,1,5,-4
15634,0,3329,3385,-56
15636,0,13,20,-7
15637,0,9,57,-48
15638,0,111,59,52
15642,0,17,14,3
15643,0,107,112,-5
15644,0,3,6,-3
15646,0,10,11,-1
15648,0,69,84,-15
15650,0,29,29,0
15652,0,8,14,-6
15653,0,2,34,-32
15654,0,29,33,-4
15655,0,7,45,-38
15657,0,30,28,2
15661,0,50,25,25
15663,0,70,40,30
15665,0,37,53,-16
15666,0,26,10,16
15667,0,12,2,10
15669,0,29,43,-14
15670,0,10,22,-12
15672,0,107,65,42
15674,0,2,1,1
15676,0,35,31,4
15677,0,67,84,-17
15679,0,19,5,14
15680,0,14,3,11
15685,0,2,3,-1
15688,0,419,461,-42
15690,0,22,34,-12
15691,0,8,57,-49
15692,0,20,71,-51
15693,0,27,21,6
15694,0,7,1,6
15695,0,83,41,42
15697,0,8,20,-12
15699,0,2,11,-9
15700,0,35,13,22
15701,0,69,32,37
15702,0,3,2,1
15703,0,16,1,15
15704,0,43,19,24
15708,0,2,26,-24
15713,0,20,45,-25
15715,0,5,33,-28
15716,0,5,27,-22
15717,0,24,4,20
15718,0,174,214,-40
15719,0,21,36,-15
15721,0,47,53,-6
15724,0,18,62,-44
15728,0,191,180,11
15729,0,464,471,-7
15731,0,2,3,-1
15732,0,4,2,2
15733,0,1,2,-1
15735,0,115,108,7
15740,0,20,26,-6
15741,0,110,127,-17
15745,0,2077,2095,-18
15749,0,74,133,-59
15750,0,47,25,22
15752,0,5,19,-14
15753,0,33,56,-23
15755,0,4,4,0
15756,0,62,45,17
15757,0,5,20,-15
15758,0,22,1,21
15760,0,1,27,-26
15762,0,27,25,2
15763,0,458,509,-51
15766,0,26,8,18
15767,0,178,164,14
15768,0,91,88,3
15769,0,10,20,-10
15770,0,3,7,-4
15771,0,29,26,3
15772,0,130,80,50
15774,0,21,20,1
15777,0,14,11,3
15778,0,10,16,-6
15780,0,29,23,6
15788,0,64,122,-58
15789,0,16,8,8
15791,0,160,156,4
15792,0,43,77,-34
15793,0,30,35,-5
15794,0,31,20,11
15796,0,25,67,-42
15797,0,33,62,-29
15799,0,76,60,16
15800,0,65,105,-40
15803,0,420,392,28
15804,0,5,23,-18
15806,0,3,35,-32
15807,0,31,13,18
15811,0,39,12,27
15812,0,2,17,-15
15813,0,44,59,-15
15814,0,10,12,-2
15816,0,20,14,6
15817,0,60,21,39
15820,0,1,21,-20
15822,0,6,34,-28
15823,0,10,9,1
15824,0,7,47,-40
15826,0,220,183,37
15828,0,127,127,0
15829,0,10,11,-1
15830,0,24,14,10
15831,0,57,11,46
15834,0,1,62,-61
15835,0,153,127,26
15839,0,46,35,11
15841,0,10,12,-2
15842,0,36,59,-23
15843,0,131,138,-7
15844,0,36,95,-59
15845,0,16,7,9
15846,0,58,45,13
15847,0,1,57,-56
15849,0,25,41,-16
15850,0,44,24,20
15851,0,15,18,-3
15852,0,11,67,-56
15853,0,33,44,-11
15855,0,25,18,7
15857,0,77,88,-11
15858,0,1472,1430,42
15860,0,8,7,1
15861,0,183,203,-20
15863,0,60,102,-42
15870,0,25,71,-46
15871,0,9,13,-4
15872,0,7,14,-7
15874,0,45,79,-34
15876,0,106,53,53
15877,0,20,13,7
15878,0,79,38,41
15879,0,21,52,-31
15880,0,202,213,-11
15881,0,34,17,17
15883,0,47,4,43
15886,0,2,4,-2
15887,0,29,27,2
15888,0,64,38,26
15891,0,41,38,3
15892,0,11,7,4
15894,0,21,24,-3
15896,0,7,18,-11
15898,0,132,144,-12
15899,0,203,206,-3
15900,0,31,67,-36
15901,0,206,246,-40
15904,0,70,66,4
15905,0,5,13,-8
15906,0,62,96,-34
15908,0,200,212,-12
15911,0,5,4,1
15912,0,29,43,-14
15914,0,72,24,48
15915,0,14,2,12
15916,0,41,18,23
15918,0,36,76,-40
15920,0,13,31,-18
15921,0,21,50,-29
15922,0,14,17,-3
15926,0,1,1,0
15927,0,24,43,-19
15928,0,82,89,-7
15929,0,57,80,-23
15930,0,40,100,-60
15931,0,5,7,-2
15932,0,3,1,2
15933,0,22,34,-12
15934,0,3,27,-24
15935,0,10,10,0
15937,0,43,93,-50
15942,0,91,42,49
15944,0,115,161,-46
15946,0,144,139,5
15947,0,80,127,-47
15948,0,7,51,-44
15949,0,9,7,2
15951,0,82,72,10
15952,0,40,70,-30
15953,0,256,265,-9
15954,0,10,0,10
15955,0,23,16,7
15956,0,1,5,-4
15963,0,3,14,-11
15964,0,39,23,16
15965,0,28,59,-31
15966,0,40,61,-21
15967,0,92,82,10
15968,0,9,1,8
15971,0,90,120,-30
15972,0,286,323,-37
15973,0,1,8,-7
15975,0,20,1,19
15976,0,42,19,23
15977,0,3,3,0
15978,0,47,37,10
15979,0,26,35,-9
15980,0,17,17,0
15982,0,57,67,-10
15984,0,29,19,10
15988,0,79,75,4
15990,0,479,529,-50
15991,0,16,7,9
15993,0,5,42,-37
15994,0,13,10,3
15996,0,13,23,-10
15997,0,19,36,-17
16000,0,22,28,-6
16002,0,62,66,-4
16004,0,3,15,-12
16010,0,34,12,22
16012,0,9,68,-59
16014,0,17,8,9
16016,0,69,64,5
16017,0,24,7,17
16018,0,15,32,-17
16019,0,40,70,-30
16021,0,15,10,5
16024,0,252,211,41
16027,0,182,128,54
16028,0,26,34,-8
16030,0,6,21,-15
16032,0,607,577,30
16033,0,37,19,18
16035,0,1,8,-7
16036,0,39,93,-54
16041,0,12,17,-5
16044,0,15,9,6
16046,0,26,24,2
16048,0,36,37,-1
16049,0,56,92,-36
16051,0,11,33,-22
16053,0,4,50,-46
16056,0,10,12,-2
16057,0,41,4,37
16058,0,19,31,-12
16060,0,70,34,36
16061,0,103,83,20
16062,0,154,108,46
16065,0,33,35,-2
16067,0,26,43,-17
16068,0,20,23,-3
16074,0,89,41,48
16075,0,51,45,6
16077,0,26,79,-53
16080,0,54,32,22
16081,0,365,371,-6
16082,0,9,17,-8
16084,0,480,435,45
16085,0,332,372,-40
16086,0,20,74,-54
16087,0,43,40,3
16089,0,7,52,-45
16093,0,7,16,-9
16094,0,119,172,-53
16095,0,70,107,-37
16096,0,15,36,-21
16097,0,41,36,5
16099,0,14,69,-55
16101,0,166,180,-14
16102,0,8,14,-6
16104,0,12,12,0
16107,0,110,117,-7
16108,0,66,103,-37
16109,0,19,15,4
16111,0,9,32,-23
16112,0,16,33,-17
16114,0,41,69,-28
16115,0,113,156,-43
16118,0,58,77,-19
16119,0,45,18,27
16123,0,1,1,0
16124,0,4,0,4
16127,0,54,29,25
16128,0,63,28,35
16129,0,37,1,36
16130,0,4,19,-15
16131,0,46,23,23
16132,0,771,774,-3
16133,0,49,44,5
16135,0,261,300,-39
16138,0,12,5,7
16140,0,14,14,0
16141,0,51,70,-19
16142,0,6,7,-1
16143,0,27,82,-55
16145,0,10,12,-2
16147,0,44,18,26
16148,0,8,15,-7
16150,0,52,29,23
16152,0,33,66,-33
16153,0,21,21,0
16154,0,9,3,6
16156,0,93,59,34
16157,0,28,26,2
16159,0,127,147,-20
16160,0,26,11,15
16161,0,10,22,-12
16162,0,92,38,54
16163,0,75,78,-3
16169,0,7,15,-8
16170,0,85,99,-14
16171,0,10,9,1
16172,0,26,56,-30
16175,0,14,22,-8
16177,0,15,13,2
16179,0,3,10,-7
16180,0,91,47,44
16182,0,174,166,8
16184,0,11,26,-15
16189,0,61,111,-50
16190,0,50,25,25
16192,0,19,19,0
16197,0,47,32,15
16198,0,30,13,17
16200,0,12,17,-5
16202,0,42,43,-1
16203,0,36,39,-3
16204,0,4,6,-2
16205,0,172,187,-15
16207,0,9,47,-38
16209,0,77,39,38
16210,0,11,33,-22
16211,0,34,32,2
16213,0,37,28,9
16214,0,56,28,28
16215,0,873,903,-30
16217,0,105,91,14
16218,0,105,134,-29
16219,0,2,9,-7
16220,0,238,216,22
16221,0,7,14,-7
16222,0,23,16,7
16223,0,42,46,-4
16224,0,48,61,-13
16225,0,4,24,-20
16226,0,1,20,-19
16227,0,21,10,11
16228,0,3,38,-35
16231,0,12,18,-6
16233,0,97,64,33
16236,0,100,139,-39
16237,0,109,122,-13
16240,0,7,15,-8
16241,0,12,30,-18
16242,0,55,113,-58
16244,0,4,5,-1
16246,0,87,49,38
16249,0,5,8,-3
16250,0,4,6,-2
16252,0,2,11,-9
16253,0,1,4,-3
16256,0,31,23,8
16257,0,13,14,-1
16258,0,44,46,-2
16260,0,8,2,6
16261,0,28,43,-15
16263,0,16,45,-29
16264,0,2,9,-7
16265,0,17,55,-38
16267,0,98,116,-18
16269,0,49,103,-54
16270,0,28,9,19
16272,0,3,8,-5
16273,0,77,98,-21
16274,0,38,44,-6
16281,0,2,5,-3
16283,0,10,35,-25
16285,0,29,87,-58
16287,0,121,135,-14
16288,0,11,16,-5
16291,0,4,11,-7
16298,0,77,48,29
16300,0,139,97,42
16301,0,8,3,5
16303,0,65,21,44
16304,0,581,572,9
16305,0,43,55,-12
16307,0,40,30,10
16309,0,57,79,-22
16311,0,29,25,4
16312,0,53,4,49
16313,0,7,9,-2
16314,0,17,30,-13
16318,0,1,2,-1
16321,0,211,214,-3
16322,0,72,130,-58
16323,0,14,19,-5
16324,0,6,3,3
16327,0,92,65,27
16328,0,320,298,22
16330,0,15,13,2
16331,0,18,25,-7
16333,0,25,27,-2
16337,0,56,68,-12
16339,0,9,35,-26
16340,0,257,205,52
16341,0,14,3,11
16342,0,227,191,36
16346,0,13,4,9
16347,0,12,11,1
16349,0,5,7,-2
16351,0,62,23,39
16352,0,16,33,-17
16354,0,17,48,-31
16355,0,8,63,-55
16357,0,80,38,42
16358,0,8,6,2
16359,0,141,187,-46
16365,0,46,32,14
16366,0,32,10,22
16367,0,3,4,-1
16368,0,1,1,0
16369,0,213,247,-34
16370,0,98,122,-24
16371,0,3,15,-12
16373,0,4,7,-3
16375,0,14,24,-10
16376,0,5,6,-1
16378,0,20,31,-11
16383,0,42,40,2
16384,0,7,2,5
16385,0,2946,2955,-9
16387,0,21,35,-14
16388,0,9,22,-13
16390,0,10,10,0
16391,0,16,24,-8
16393,0,76,32,44
16397,0,1,35,-34
16398,0,26,47,-21
16399,0,11,12,-1
16400,0,38,68,-30
16401,0,25,1,24
16402,0,144,128,16
16404,0,36,4,32
16409,0,204,234,-30
16412,0,85,62,23
16414,0,30,23,7
16417,0,6,16,-10
16418,0,54,28,26
16419,0,61,78,-17
16421,0,39,38,1
16422,0,65,92,-27
16423,0,6,2,4
16424,0,20,63,-43
16427,0,61,20,41
16428,0,9,1,8
16429,0,15,38,-23
16430,0,24,1,23
16431,0,33,26,7
16433,0,29,19,10
16435,0,3,21,-18
16436,0,57,50,7
16440,0,38,47,-9
16446,0,16,31,-15
16449,0,34,52,-18
16450,0,40,30,10
16451,0,63,73,-10
16454,0,118,119,-1
16455,0,7,10,-3
16456,0,3,31,-28
16457,0,86,50,36
16458,0,3,3,0
16459,0,63,102,-39
16461,0,30,11,19
16462,0,6,11,-5
16463,0,6,24,-18
16464,0,9,10,-1
16467,0,1,36,-35
16471,0,12,10,2
16472,0,29,18,11
16474,0,17,9,8
16475,0,10,20,-10
16477,0,11,40,-29
16478,0,20,44,-24
16479,0,100,102,-2
16482,0,218,170,48
16483,0,7,7,0
16484,0,10,38,-28
16485,0,26,69,-43
16487,0,16,69,-53
16488,0,30,61,-31
16490,0,9,68,-59
16492,0,25,28,-3
16493,0,3,23,-20
16494,0,10,42,-32
16495,0,11,11,0
16496,0,5,65,-60
16497,0,26,9,17
16498,0,22,9,13
16502,0,28,71,-43
16504,0,140,141,-1
16505,0,37,42,-5
16506,0,21,44,-23
16507,0,79,31,48
16509,0,1,42,-41
16510,0,17,24,-7
16511,0,3,12,-9
16513,0,110,91,19
16514,0,29,27,2
16515,0,17,23,-6
16517,0,29,7,22
16519,0,16,19,-3
16520,0,12,12,0
16521,0,35,5,30
16523,0,114,88,26
16525,0,10,11,-1
16528,0,35,39,-4
16531,0,5,11,-6
16533,0,16,11,5
16535,0,2,7,-5
16536,0,122,81,41
16537,0,21,2,19
16538,0,47,24,23
16540,0,95,146,-51
16541,0,12,27,-15
16542,0,36,79,-43
16544,0,107,115,-8
16546,0,99,77,22
16547,0,193,199,-6
16548,0,13,16,-3
16549,0,159,133,26
16550,0,2,3,-1
16553,0,78,77,1
16555,0,13,10,3
16557,0,449,493,-44
16558,0,5,10,-5
16559,0,123,147,-24
16560,0,30,32,-2
16564,0,19,9,10
16565,0,21,8,13
16566,0,20,4,16
16568,0,26,53,-27
16571,0,6,25,-19
16572,0,107,132,-25
16573,0,4,3,1
16574,0,229,202,27
16575,0,8,1,7
16578,0,57,57,0
16582,0,68,59,9
16583,0,76,75,1
16584,0,18,52,-34
16586,0,29,54,-25
16587,0,53,99,-46
16590,0,10,26,-16
16591,0,6,6,0
16592,0,21,25,-4
16595,0,26,16,10
16598,0,154,184,-30
16599,0,19,23,-4
16601,0,23,29,-6
16602,0,46,76,-30
16603,0,205,183,22
16605,0,50,20,30
16606,0,41,2,39
16607,0,51,8,43
16609,0,12,68,-56
16611,0,5,9,-4
16613,0,62,104,-42
16615,0,30,48,-18
16617,0,96,104,-8
16621,0,2,1,1
16625,0,3,22,-19
16626,0,4,12,-8
16628,0,41,80,-39
16631,0,1,3,-2
16634,0,20,14,6
16635,0,10,9,1
16636,0,109,107,2
16639,0,10,2,8
16640,0,116,75,41
16641,0,79,94,-15
16643,0,131,147,-16
16647,0,2,21,-19
16648,0,72,45,27
16649,0,138,96,42
16651,0,35,29,6
16653,0,2,10,-8
16654,0,15,20,-5
16656,0,38,2,36
16659,0,4,57,-53
16661,0,197,185,12
16663,0,74,46,28
16664,0,12,16,-4
16668,0,87,132,-45
16672,0,27,29,-2
16674,0,91,126,-35
16675,0,18,3,15
16677,0,45,20,25
16678,0,28,83,-55
16679,0,72,47,25
16682,0,89,102,-13
16684,0,70,46,24
16687,0,94,106,-12
16689,0,6,4,2
16691,0,11,14,-3
16693,0,167,199,-32
16694,0,8,5,3
16697,0,55,60,-5
16701,0,5,1,4
16702,0,78,45,33
16703,0,7,8,-1
16704,0,27,12,15
16705,0,79,125,-46
16706,0,46,37,9
16707,0,62,10,52
16708,0,83,94,-11
16709,0,72,78,-6
16713,0,11,4,7
16714,0,1,53,-52
16715,0,14,2,12
16716,0,22,16,6
16718,0,77,59,18
16719,0,6,30,-24
16722,0,11,16,-5
16723,0,5,16,-11
16724,0,26,27,-1
16725,0,2,3,-1
16726,0,158,125,33
16727,0,53,85,-32
16729,0,29,55,-26
16730,0,7,28,-21
16735,0,76,42,34
16737,0,7,35,-28
16738,0,11,29,-18
16739,0,10,22,-12
16741,0,37,11,26
16750,0,91,62,29
16751,0,5,30,-25
16752,0,1,12,-11
16754,0,35,61,-26
16757,0,61,48,13
16759,0,52,52,0
16760,0,36,11,25
16761,0,8,44,-36
16762,0,1,11,-10
16763,0,79,92,-13
16765,0,493,493,0
16767,0,40,25,15
16768,0,19,10,9
16770,0,69,76,-7
16772,0,81,71,10
16773,0,7,44,-37
16776,0,23,78,-55
16779,0,14,11,3
16780,0,4,17,-13
16783,0,9,37,-28
16784,0,10,10,0
16786,0,78,31,47
16787,0,12,23,-11
16791,0,12,9,3
16792,0,444,448,-4
16794,0,40,69,-29
16797,0,128,104,24
16798,0,26,6,20
16799,0,28,21,7
16800,0,760,783,-23
16803,0,60,31,29
16804,0,2,10,-8
16805,0,2,55,-53
16806,0,13,2,11
16807,0,22,22,0
16808,0,10,6,4
16809,0,6,4,2
16810,0,45,63,-18
16815,0,83,130,-47
16817,0,223,232,-9
16819,0,82,85,-3
16820,0,20,39,-19
16823,0,8,23,-15
16826,0,1,4,-3
16829,0,1,16,-15
16835,0,17,26,-9
16836,0,18,25,-7
16838,0,200,185,15
16840,0,37,67,-30
16841,0,51,109,-58
16843,0,31,22,9
16846,0,44,92,-48
16848,0,7,21,-14
16850,0,32,45,-13
16851,0,123,135,-12
16853,0,22,18,4
16854,0,26,85,-59
16855,0,133,104,29
16856,0,21,17,4
16857,0,20,6,14
16858,0,13,67,-54
16860,0,21,24,-3
16861,0,55,26,29
16862,0,35,25,10
16864,0,42,98,-56
16866,0,32,25,7
16868,0,11,16,-5
16870,0,23,27,-4
16871,0,4,0,4
16872,0,2,36,-34
16873,0,24,14,10
16874,0,235,280,-45
16875,0,5,16,-11
16883,0,88,74,14
16884,0,14,47,-33
16885,0,66,63,3
16886,0,2,17,-15
16889,0,76,65,11
16890,0,15,52,-37
16896,0,20,43,-23
16898,0,12,70,-58
16899,0,12,35,-23
16900,0,13,20,-7
16904,0,108,73,35
16905,0,21,23,-2
16906,0,51,74,-23
16907,0,275,281,-6
16908,0,59,59,0
16909,0,17,11,6
16910,0,29,31,-2
16911,0,85,32,53
16912,0,22,39,-17
16914,0,34,4,30
16915,0,25,52,-27
16918,0,6,26,-20
16920,0,17,29,-12
16921,0,27,41,-14
16922,0,12,5,7
16923,0,16,16,0
16927,0,4,35,-31
16931,0,100,76,24
16932,0,9,5,4
16933,0,30,9,21
16936,0,43,37,6
16939,0,4,8,-4
16940,0,338,378,-40
16941,0,9,48,-39
16945,0,3,5,-2
16947,0,24,2,22
16948,0,109,89,20
16949,0,66,108,-42
16950,0,28,61,-33
16955,0,31,39,-8
16956,0,5,28,-23
16958,0,36,43,-7
16959,0,4,13,-9
16960,0,16,37,-21
16962,0,298,325,-27
16963,0,92,58,34
16967,0,63,98,-35
16969,0,17,40,-23
16970,0,2,7,-5
16971,0,14,74,-60
16972,0,27,23,4
16973,0,31,57,-26
16974,0,51,35,16
16978,0,22,22,0
16980,0,67,104,-37
16981,0,1,34,-33
16982,0,20,10,10
16984,0,7,6,1
16987,0,92,43,49
16988,0,18,12,6
16991,0,12,15,-3
16992,0,11,3,8
16993,0,53,54,-1
16994,0,88,104,-16
16995,0,13,27,-14
16998,0,14,62,-48
16999,0,4,7,-3
17001,0,7,34,-27
17002,0,3,6,-3
17003,0,5,4,1
17005,0,5,26,-21
17008,0,19,8,11
17010,0,53,23,30
17011,0,15,20,-5
17012,0,140,105,35
17013,0,82,67,15
17015,0,7,8,-1
17016,0,72,106,-34
17018,0,13,48,-35
17019,0,46,43,3
17021,0,17,8,9
17022,0,64,42,22
17026,0,122,79,43
17027,0,65,61,4
17031,0,162,188,-26
17032,0,8,22,-14
17033,0,11,23,-12
17035,0,6,5,1
17036,0,69,85,-16
17038,0,7,18,-11
17039,0,8,6,2
17042,0,3,3,0
17043,0,2,9,-7
17049,0,18,27,-9
17053,0,57,24,33
17054,0,5,21,-16
17055,0,33,27,6
17056,0,10,22,-12
17058,0,79,64,15
17060,0,43,51,-8
17064,0,1,3,-2
17066,0,47,11,36
17067,0,25,67,-42
17072,0,31,50,-19
17078,0,117,164,-47
17079,0,36,17,19
17081,0,1,59,-58
17082,0,759,746,13
17085,0,23,28,-5
17087,0,14,34,-20
17089,0,9,42,-33
17090,0,28,8,20
17091,0,38,94,-56
17092,0,74,93,-19
17093,0,3,3,0
17094,0,199,220,-21
17096,0,9,8,1
17097,0,92,129,-37
17099,0,19,43,-24
17101,0,2,2,0
17102,0,1,10,-9
17103,0,26,48,-22
17106,0,7,15,-8
17108,0,63,88,-25
17109,0,57,8,49
17110,0,30,21,9
17111,0,69,104,-35
17113,0,1,2,-1
17115,0,6768,6762,6
17118,0,12,34,-22
17119,0,14,31,-17
17120,0,31,64,-33
17122,0,15,7,8
17123,0,28,19,9
17125,0,1,46,-45
17127,0,12,22,-10
17128,0,11,26,-15
17129,0,50,68,-18
17130,0,21,42,-21
17131,0,54,35,19
17132,0,4,22,-18
17133,0,10,24,-14
17134,0,181,146,35
17135,0,62,78,-16
17137,0,2,21,-19
17138,0,6,13,-7
17139,0,529,492,37
17140,0,3,16,-13
17142,0,14,3,11
17143,0,45,53,-8
17144,0,98,96,2
17149,0,1,3,-2
17150,0,14,21,-7
17151,0,32,7,25
17154,0,18,31,-13
17155,0,9,3,6
17156,0,27,16,11
17157,0,42,24,18
17159,0,126,87,39
17161,0,45,16,29
17163,0,26,29,-3
17166,0,24,38,-14
17169,0,44,74,-30
17170,0,23,41,-18
17171,0,8,43,-35
17172,0,3,1,2
17173,0,27,18,9
17175,0,478,436,42
17176,0,35,12,23
17177,0,15,35,-20
17178,0,74,39,35
17180,0,19,9,10
17182,0,5,1,4
17185,0,85,72,13
17187,0,37,50,-13
17188,0,165,136,29
17189,0,31,23,8
17190,0,15,40,-25
17191,0,19,41,-22
17192,0,31,53,-22
17196,0,8,3,5
17197,0,18,72,-54
17198,0,96,83,13
17199,0,11,11,0
17200,0,9,25,-16
17202,0,23,75,-52
17204,0,32,49,-17
17206,0,22,41,-19
17209,0,27,48,-21
17210,0,12,4,8
17212,0,130,109,21
17213,0,78,58,20
17214,0,1,28,-27
17215,0,261,305,-44
17218,0,3,26,-23
17219,0,10,11,-1
17221,0,49,39,10
17222,0,2,22,-20
17223,0,41,38,3
17225,0,6,5,1
17226,0,174,235,-61
17230,0,24,3,21
17232,0,21,41,-20
17233,0,35,24,11
17234,0,15,21,-6
17235,0,41,55,-14
17236,0,46,48,-2
17237,0,4,6,-2
17238,0,29,16,13
17239,0,56,39,17
17240,0,21,39,-18
17243,0,32,58,-26
17245,0,12,11,1
17246,0,7,21,-14
17248,0,6,19,-13
17251,0,44,47,-3
17253,0,9,15,-6
17257,0,118,155,-37
17258,0,59,37,22
17260,0,1,9,-8
17262,0,15,29,-14
17263,0,23,53,-30
17264,0,84,95,-11
17265,0,16,31,-15
17266,0,49,103,-54
17267,0,33,45,-12
17270,0,19,59,-40
17271,0,12,18,-6
17273,0,37,52,-15
17275,0,3,4,-1
17276,0,22,56,-34
17278,0,72,19,53
17279,0,36,23,13
17280,0,22,51,-29
17281,0,265,305,-40
17282,0,3,19,-16
17285,0,26,21,5
17286,0,30,33,-3
17287,0,86,101,-15
17288,0,11,33,-22
17290,0,7,49,-42
17291,0,21,21,0
17292,0,101,144,-43
17293,0,77,79,-2
17294,0,3,5,-2
17296,0,15,9,6
17297,0,2,24,-22
17298,0,15,54,-39
17300,0,17,24,-7
17301,0,128,131,-3
17302,0,23,17,6
17303,0,176,181,-5
17304,0,26,42,-16
17305,0,56,41,15
17307,0,38,12,26
17309,0,361,356,5
17312,0,16,3,13
17315,0,3,9,-6
17316,0,13,10,3
17323,0,52,84,-32
17325,0,53,90,-37
17327,0,79,36,43
17328,0,102,152,-50
17332,0,7,1,6
17334,0,7,13,-6
17336,0,193,205,-12
17337,0,26,9,17
17338,0,53,43,10
17341,0,17,20,-3
17343,0,407,440,-33
17344,0,3,18,-15
17345,0,3,3,0
17349,0,16,24,-8
17350,0,32,51,-19
17352,0,164,211,-47
17353,0,16,37,-21
17354,0,1,10,-9
17355,0,233,200,33
17356,0,6,1,5
17357,0,5,16,-11
17358,0,49,46,3
17359,0,5,11,-6
17360,0,14,36,-22
17362,0,11,26,-15
17363,0,17,52,-35
17364,0,174,151,23
17365,0,63,113,-50
17366,0,43,67,-24
17367,0,91,107,-16
17368,0,19,19,0
17372,0,2,14,-12
17374,0,24,27,-3
17377,0,45,98,-53
17378,0,97,50,47
17381,0,57,60,-3
17382,0,6,64,-58
17385,0,61,45,16
17386,0,4,19,-15
17387,0,38,6,32
17388,0,164,138,26
17390,0,2,6,-4
17393,0,54,25,29
17394,0,7,3,4
17396,0,4,24,-20
17398,0,14,43,-29
17399,0,20,60,-40
17400,0,96,85,11
17403,0,26,33,-7
17407,0,67,20,47
17410,0,18,61,-43
17413,0,7,14,-7
17414,0,2,17,-15
17418,0,32,49,-17
17419,0,66,82,-16
17426,0,147,107,40
17427,0,44,42,2
17428,0,3,21,-18
17429,0,14,46,-32
17431,0,32,28,4
17432,0,41,80,-39
17434,0,43,103,-60
17435,0,4,4,0
17436,0,37,37,0
17437,0,5,4,1
17438,0,9,22,-13
17442,0,47,52,-5
17443,0,2,3,-1
17446,0,27,30,-3
17447,0,13,28,-15
17448,0,17,50,-33
17449,0,8,11,-3
17451,0,55,23,32
17453,0,16,26,-10
17457,0,16,14,2
17460,0,15,49,-34
17462,0,26,8,18
17463,0,52,5,47
17464,0,14,28,-14
17465,0,43,20,23
17466,0,156,141,15
17470,0,4,1,3
17471,0,1,11,-10
17472,0,12,46,-34
17473,0,31,32,-1
17479,0,7,18,-11
17480,0,52,63,-11
17481,0,460,430,30
17482,0,13,9,4
17483,0,58,87,-29
17485,0,18,1,17
17487,0,16,13,3
17488,0,60,53,7
17489,0,84,54,30
17490,0,127,170,-43
17492,0,43,78,-35
17493,0,26,38,-12
17495,0,58,62,-4
17497,0,3,5,-2
17498,0,24,10,14
17499,0,20,18,2
17500,0,15,17,-2
17501,0,13,28,-15
17503,0,155,210,-55
17504,0,28,19,9
17505,0,3,4,-1
17506,0,9,4,5
17508,0,84,56,28
17510,0,2,12,-10
17512,0,7,48,-41
17513,0,3,8,-5
17514,0,3,1,2
17517,0,21,18,3
17520,0,48,11,37
17521,0,7,55,-48
17523,0,182,179,3
17524,0,108,76,32
17525,0,6,4,2
17529,0,95,86,9
17530,0,26,15,11
17531,0,12,19,-7
17532,0,38,19,19
17533,0,6,21,-15
17534,0,45,52,-7
17537,0,2,5,-3
17539,0,13,35,-22
17540,0,40,16,24
17541,0,44,36,8
17543,0,19,54,-35
17545,0,91,44,47
17546,0,9,32,-23
17548,0,4,18,-14
17549,0,7,10,-3
17550,0,77,38,39
17551,0,7,6,1
17552,0,21,6,15
17553,0,114,89,25
17555,0,2,2,0
17556,0,13,2,11
17558,0,36,16,20
17559,0,1,1,0
17563,0,44,26,18
17564,0,4,7,-3
17566,0,12,9,3
17567,0,13,3,10
17570,0,16,2,14
17571,0,46,53,-7
17572,0,5,2,3
17574,0,3,29,-26
17578,0,39,26,13
17580,0,147,150,-3
17585,0,9,27,-18
17587,0,12,8,4
17588,0,85,69,16
17590,0,136,114,22
17591,0,147,166,-19
17592,0,75,48,27
17593,0,32,54,-22
17595,0,2,34,-32
17596,0,32,45,-13
17597,0,106,141,-35
17599,0,8,8,0
17601,0,82,77,5
17602,0,27,32,-5
17603,0,19,29,-10
17605,0,1,7,-6
17608,0,217,184,33
17610,0,39,65,-26
17612,0,107,80,27
17615,0,9,24,-15
17616,0,6,4,2
17617,0,6,4,2
17618,0,82,55,27
17619,0,9,31,-22
17620,0,83,34,49
17621,0,1,0,1
17622,0,159,146,13
17623,0,31,74,-43
17625,0,11,6,5
17628,0,21,5,16
17629,0,41,33,8
17631,0,74,46,28
17633,0,44,30,14
17636,0,101,61,40
17642,0,24,38,-14
17644,0,31,14,17
17645,0,16,8,8
17647,0,5,9,-4
17648,0,6,16,-10
17650,0,48,19,29
17654,0,25,30,-5
17655,0,73,20,53
17657,0,28,83,-55
17658,0,8,16,-8
17659,0,25,14,11
17660,0,48,22,26
17661,0,2,13,-11
17662,0,2,8,-6
17663,0,14,32,-18
17664,0,24,50,-26
17665,0,2,19,-17
17666,0,38,12,26
17667,0,11,13,-2
17668,0,46,1,45
17669,0,34,1,33
17672,0,1,5,-4
17673,0,13,27,-14
17676,0,29,5,24
17677,0,23,13,10
17678,0,8,66,-58
17679,0,9,4,5
17680,0,9,29,-20
17681,0,118,158,-40
17682,0,32,38,-6
17683,0,4,13,-9
17686,0,63,11,52
17687,0,14,9,5
17688,0,25,11,14
17690,0,29,25,4
17695,0,11,71,-60
17697,0,10,59,-49
17698,0,3,15,-12
17699,0,31,15,16
17700,0,2,32,-30
17703,0,73,49,24
17705,0,34,82,-48
17706,0,31,4,27
17707,0,21,13,8
17709,0,4,45,-41
17712,0,9,48,-39
17714,0,3,3,0
17715,0,20,21,-1
17716,0,9,1,8
17718,0,10,46,-36
17720,0,7,13,-6
17721,0,17,14,3
17723,0,37,2,35
17724,0,8,13,-5
17725,0,11,6,5
17728,0,3,1,2
17729,0,15,9,6
17732,0,77,60,17
17734,0,27,81,-54
17735,0,217,186,31
17736,0,25,15,10
17737,0,28,13,15
17738,0,9,24,-15
17739,0,84,57,27
17742,0,73,114,-41
17743,0,3,2,1
17744,0,338,329,9
17745,0,32,85,-53
17746,0,165,149,16
17747,0,34,39,-5
17749,0,8,26,-18
17750,0,21,71,-50
17751,0,59,24,35
17752,0,37,76,-39
17753,0,14,23,-9
17754,0,4,21,-17
17758,0,2,17,-15
17759,0,190,184,6
17760,0,17,13,4
17762,0,27,53,-26
17763,0,74,61,13
17764,0,542,500,42
17765,0,12,22,-10
17767,0,25,46,-21
17772,0,133,142,-9
17776,0,45,33,12
17779,0,39,39,0
17781,0,26,56,-30
17782,0,9,37,-28
17783,0,105,142,-37
17784,0,145,197,-52
17786,0,43,22,21
17787,0,201,190,11
17788,0,18,32,-14
17789,0,47,28,19
17792,0,80,53,27
17794,0,7,29,-22
17797,0,10,57,-47
17798,0,84,113,-29
17799,0,10,23,-13
17801,0,110,95,15
17802,0,13,26,-13
17803,0,12,10,2
17805,0,4,9,-5
17806,0,124,124,0
17807,0,1,1,0
17812,0,91,75,16
17815,0,22,15,7
17816,0,19,6,13
17817,0,10,26,-16
17818,0,107,132,-25
17819,0,4,3,1
17820,0,5,10,-5
17821,0,24,21,3
17822,0,18,16,2
17823,0,60,121,-61
17824,0,4,34,-30
17825,0,5,1,4
17827,0,21,48,-27
17828,0,22,59,-37
17829,0,5,8,-3
17830,0,4,1,3
17832,0,27,54,-27
17833,0,38,58,-20
17834,0,19,8,11
17835,0,81,31,50
17838,0,58,108,-50
17839,0,58,41,17
17845,0,49,13,36
17846,0,52,97,-45
17847,0,11,14,-3
17848,0,10,10,0
17849,0,2,43,-41
17850,0,57,99,-42
17851,0,454,427,27
17855,0,10,12,-2
17856,0,31,40,-9
17857,0,34,52,-18
17858,0,14,29,-15
17861,0,99,57,42
17862,0,3,4,-1
17864,0,12,10,2
17865,0,4,19,-15
17866,0,11,2,9
17867,0,43,56,-13
17868,0,39,57,-18
17869,0,5,20,-15
17870,0,71,120,-49
17874,0,41,17,24
17876,0,43,46,-3
17877,0,48,15,33
17878,0,47,42,5
17881,0,61,82,-21
17882,0,16,13,3
17883,0,1,7,-6
17884,0,46,38,8
17885,0,10,2,8
17887,0,3,2,1
17889,0,222,191,31
17890,0,1,5,-4
17891,0,91,87,4
17894,0,25,16,9
17895,0,1,7,-6
17896,0,39,36,3
17897,0,11,27,-16
17898,0,23,21,2
17899,0,103,82,21
17900,0,29,51,-22
17902,0,22,49,-27
17903,0,1,12,-11
17906,0,1,7,-6
17907,0,131,103,28
17910,0,5,7,-2
17911,0,68,23,45
17913,0,14,60,-46
17915,0,39,19,20
17917,0,1,58,-57
17921,0,4,28,-24
17922,0,29,32,-3
17923,0,5,8,-3
17924,0,12,21,-9
17925,0,6,26,-20
17927,0,20,29,-9
17928,0,33,44,-11
17930,0,770,802,-32
17931,0,6,1,5
17933,0,23,31,-8
17934,0,63,64,-1
17936,0,83,38,45
17939,0,25,12,13
17941,0,14,64,-50
17942,0,5,35,-30
17944,0,245,306,-61
17946,0,104,64,40
17948,0,48,51,-3
17949,0,3,4,-1
17951,0,65,67,-2
17952,0,2,1,1
17954,0,44,89,-45
17955,0,100,90,10
17956,0,24,70,-46
17957,0,16,39,-23
17960,0,26,69,-43
17962,0,10,26,-16
17963,0,10,13,-3
17964,0,5,17,-12
17965,0,34,27,7
17966,0,24,20,4
17967,0,58,58,0
17969,0,51,17,34
17970,0,30,19,11
17971,0,3,6,-3
17973,0,26,15,11
17974,0,1,57,-56
17977,0,22,46,-24
17978,0,18,49,-31
17979,0,26,61,-35
17980,0,44,51,-7
17984,0,30,34,-4
17986,0,89,43,46
17987,0,7,37,-30
17989,0,397,347,50
17991,0,22,26,-4
17993,0,15,59,-44
17994,0,107,70,37
17996,0,23,40,-17
17997,0,13,38,-25
17999,0,9,11,-2
18000,0,131,181,-50
18002,0,27,56,-29
18003,0,16,24,-8
18006,0,4,7,-3
18009,0,10,2,8
18011,0,16,30,-14
18013,0,171,216,-45
18014,0,28,29,-1
18015,0,6,59,-53
18017,0,16,31,-15
18018,0,89,119,-30
18019,0,5,27,-22
18020,0,84,115,-31
18021,0,17,9,8
18024,0,70,124,-54
18026,0,23,34,-11
18027,0,12,15,-3
18031,0,29,47,-18
18032,0,13,45,-32
18033,0,26,34,-8
18034,0,31,65,-34
18035,0,1,22,-21
18036,0,42,33,9
18037,0,29,44,-15
18040,0,7,10,-3
18041,0,15,12,3
18043,0,33,26,7
18045,0,42,20,22
18046,0,15,14,1
18047,0,3,5,-2
18048,0,44,24,20
18049,0,110,115,-5
18050,0,14,45,-31
18051,0,11,11,0
18052,0,15,13,2
18053,0,44,35,9
18055,0,59,19,40
18057,0,6,10,-4
18059,0,63,61,2
18061,0,27,56,-29
18062,0,68,46,22
18064,0,13,10,3
18067,0,66,38,28
18068,0,70,57,13
18070,0,6,2,4
18071,0,61,23,38
18074,0,53,12,41
18076,0,20,2,18
18078,0,5,20,-15
18080,0,49,89,-40
18081,0,292,340,-48
18082,0,148,121,27
18083,0,9,2,7
18084,0,136,169,-33
18085,0,32,42,-10
18087,0,50,42,8
18088,0,45,5,40
18090,0,132,111,21
18092,0,8,24,-16
18097,0,6,10,-4
18100,0,482,469,13
18101,0,495,544,-49
18103,0,15,27,-12
18105,0,63,58,5
18106,0,88,109,-21
18107,0,2,1,1
18109,0,11,23,-12
18110,0,53,28,25
18111,0,5,8,-3
18115,0,4,7,-3
18119,0,109,95,14
18120,0,9,9,0
18121,0,296,262,34
18123,0,2,9,-7
18124,0,9,40,-31
18125,0,9,55,-46
18127,0,24,4,20
18128,0,13,73,-60
18131,0,36,85,-49
18132,0,114,129,-15
18133,0,29,46,-17
18134,0,12,9,3
18135,0,74,34,40
18136,0,20,55,-35
18138,0,4,14,-10
18139,0,80,80,0
18140,0,129,149,-20
18141,0,13,34,-21
18142,0,50,71,-21
18143,0,2,29,-27
18147,0,32,37,-5
18148,0,39,61,-22
18149,0,7,32,-25
18150,0,46,60,-14
18151,0,28,26,2
18152,0,265,273,-8
18155,0,3,4,-1
18156,0,65,111,-46
18157,0,25,30,-5
18158,0,84,41,43
18160,0,82,38,44
18162,0,28,42,-14
18164,0,2,8,-6
18165,0,16,10,6
18166,0,4,25,-21
18168,0,49,109,-60
18169,0,13,9,4
18171,0,32,40,-8
18173,0,16,28,-12
18175,0,84,106,-22
18176,0,17,41,-24
18177,0,73,126,-53
18179,0,14,16,-2
18180,0,71,91,-20
18182,0,7,1,6
18183,0,25,24,1
18184,0,6,35,-29
18187,0,66,76,-10
18189,0,18,10,8
18192,0,83,56,27
18194,0,67,19,48
18195,0,5,2,3
18196,0,44,27,17
18197,0,31,70,-39
18201,0,36,20,16
18202,0,79,77,2
18203,0,75,74,1
18205,0,34,50,-16
18206,0,326,385,-59
18209,0,26,14,12
18210,0,1,11,-10
18211,0,54,45,9
18212,0,14,9,5
18213,0,18,6,12
18214,0,62,31,31
18217,0,10,22,-12
18218,0,98,51,47
18219,0,12,21,-9
18220,0,82,90,-8
18221,0,3,5,-2
18222,0,38,9,29
18224,0,5,2,3
18225,0,78,72,6
18226,0,22,18,4
18227,0,5,10,-5
18228,0,21,33,-12
18233,0,10,66,-56
18236,0,7,6,1
18238,0,64,64,0
18239,0,25,52,-27
18240,0,112,138,-26
18241,0,138,129,9
18243,0,20,16,4
18244,0,18,35,-17
18247,0,21,46,-25
18248,0,10,5,5
18253,0,32,2,30
18254,0,63,44,19
18255,0,21,64,-43
18257,0,113,171,-58
18258,0,13,14,-1
18259,0,84,35,49
18260,0,206,260,-54
18262,0,116,135,-19
18264,0,15,6,9
18265,0,22,6,16
18267,0,1,1,0
18268,0,39,45,-6
18269,0,10,8,2
18273,0,36,36,0
18274,0,39,96,-57
18276,0,16,15,1
18278,0,27,34,-7
18280,0,32,24,8
18281,0,9,16,-7
18284,0,9,32,-23
18285,0,328,315,13
18286,0,41,42,-1
18287,0,23,43,-20
18289,0,13,16,-3
18290,0,1,2,-1
18291,0,7,9,-2
18293,0,22,19,3
18295,0,19,13,6
18296,0,29,0,29
18297,0,17,3,14
18298,0,135,140,-5
18300,0,97,121,-24
18301,0,28,49,-21
18304,0,86,42,44
18307,0,8,6,2
18308,0,136,98,38
18313,0,24,10,14
18315,0,1,3,-2
18316,0,15,22,-7
18320,0,10,14,-4
18321,0,6,20,-14
18322,0,87,52,35
18324,0,3,17,-14
18325,0,15,11,4
18326,0,37,23,14
18328,0,9,33,-24
18329,0,64,98,-34
18330,0,4,26,-22
18331,0,63,13,50
18333,0,50,11,39
18334,0,21,39,-18
18336,0,46,16,30
18337,0,231,235,-4
18338,0,687,723,-36
18340,0,10,8,2
18342,0,6,31,-25
18343,0,86,70,16
18345,0,40,70,-30
18346,0,67,106,-39
18347,0,96,94,2
18348,0,32,64,-32
18349,0,28,6,22
18351,0,53,21,32
18352,0,65,39,26
18353,0,32,8,24
18356,0,23,29,-6
18358,0,98,74,24
18359,0,9,4,5
18360,0,92,152,-60
18361,0,16,33,-17
18364,0,2,2,0
18365,0,19,64,-45
18366,0,37,57,-20
18367,0,81,131,-50
18368,0,47,22,25
18370,0,12,35,-23
18371,0,15,16,-1
18372,0,8,16,-8
18374,0,21,12,9
18375,0,407,360,47
18377,0,30,45,-15
18378,0,25,53,-28
18380,0,83,29,54
18383,0,14,5,9
18384,0,17,65,-48
18385,0,6,5,1
18388,0,133,98,35
18389,0,9,4,5
18390,0,5,17,-12
18392,0,3,12,-9
18393,0,12,17,-5
18394,0,163,197,-34
18395,0,6,37,-31
18396,0,12,0,12
18397,0,8,65,-57
18400,0,54,41,13
18402,0,212,215,-3
18403,0,2,6,-4
18404,0,1,6,-5
18407,0,74,60,14
18408,0,103,97,6
18409,0,9,24,-15
18410,0,4,8,-4
18411,0,4,22,-18
18412,0,43,74,-31
18415,0,13,5,8
18419,0,49,7,42
18420,0,10,27,-17
18421,0,40,85,-45
18422,0,45,34,11
18423,0,31,42,-11
18424,0,14,21,-7
18429,0,4,13,-9
18432,0,175,133,42
18433,0,15,19,-4
18434,0,65,20,45
18436,0,1,5,-4
18437,0,5,2,3
18438,0,20,16,4
18439,0,7,2,5
18440,0,123,162,-39
18443,0,28,26,2
18444,0,2,9,-7
18448,0,48,26,22
18449,0,2,6,-4
18450,0,18,37,-19
18452,0,47,41,6
18456,0,4,56,-52
18457,0,129,111,18
18458,0,15,18,-3
18460,0,21,18,3
18461,0,249,282,-33
18462,0,14,8,6
18465,0,142,176,-34
18466,0,18,11,7
18467,0,87,93,-6
18470,0,2,18,-16
18471,0,80,103,-23
18472,0,2,3,-1
18475,0,141,102,39
18478,0,14,18,-4
18479,0,52,51,1
18480,0,121,67,54
18484,0,17,57,-40
18489,0,63,90,-27
18494,0,28,30,-2
18496,0,4,4,0
18497,0,13,6,7
18500,0,3,2,1
18502,0,382,349,33
18503,0,9,22,-13
18504,0,12,9,3
18506,0,112,163,-51
18508,0,3,9,-6
18509,0,76,105,-29
18510,0,15,14,1
18511,0,72,50,22
18512,0,3,28,-25
18513,0,34,26,8
18514,0,16,64,-48
18515,0,6,6,0
18516,0,52,101,-49
18517,0,2,12,-10
18518,0,23,36,-13
18519,0,8,4,4
18523,0,70,16,54
18525,0,91,69,22
18526,0,9,18,-9
18528,0,28,29,-1
18530,0,152,186,-34
18532,0,23,40,-17
18536,0,44,33,11
18538,0,35,48,-13
18539,0,24,21,3
18540,0,2,20,-18
18541,0,106,139,-33
18546,0,10,19,-9
18547,0,6,13,-7
18548,0,21,55,-34
18549,0,12,3,9
18550,0,24,19,5
18552,0,190,140,50
18553,0,1,6,-5
18555,0,2,4,-2
18556,0,13,4,9
18557,0,39,70,-31
18562,0,150,194,-44
18563,0,89,76,13
18565,0,65,31,34
18566,0,33,33,0
18567,0,24,51,-27
18570,0,28,35,-7
18571,0,2,8,-6
18572,0,15,44,-29
18573,0,25,66,-41
18574,0,30,38,-8
18575,0,2,27,-25
18576,0,30,24,6
18577,0,84,120,-36
18578,0,6,7,-1
18579,0,23,18,5
18581,0,70,121,-51
18585,0,204,192,12
18586,0,5,22,-17
18587,0,12,44,-32
18590,0,21,13,8
18591,0,45,27,18
18593,0,12,4,8
18594,0,18,25,-7
18599,0,31,17,14
18601,0,39,51,-12
18602,0,3,14,-11
18604,0,128,76,52
18605,0,55,21,34
18609,0,3,27,-24
18611,0,16,44,-28
18612,0,30,14,16
18613,0,14,9,5
18615,0,70,41,29
18616,0,18,39,-21
18618,0,96,101,-5
18619,0,6,19,-13
18620,0,3,2,1
18622,0,11,10,1
18627,0,55,2,53
18629,0,63,54,9
18630,0,230,221,9
18632,0,16,20,-4
18633,0,13,48,-35
18635,0,9,13,-4
18637,0,27,12,15
18640,0,69,72,-3
18641,0,208,215,-7
18646,0,26,17,9
18647,0,64,36,28
18648,0,33,53,-20
18649,0,58,119,-61
18650,0,38,24,14
18651,0,4,12,-8
18654,0,133,173,-40
18655,0,3,8,-5
18656,0,12,37,-25
18658,0,1,3,-2
18659,0,1,3,-2
18660,0,127,160,-33
18661,0,11,15,-4
18662,0,84,54,30
18663,0,9,14,-5
18664,0,4,6,-2
18665,0,13,17,-4
18668,0,45,88,-43
18669,0,1,6,-5
18670,0,32,27,5
18671,0,12,28,-16
18673,0,119,153,-34
18675,0,105,95,10
18676,0,48,19,29
18677,0,1,25,-24
18678,0,1,16,-15
18679,0,24,23,1
18683,0,27,69,-42
18686,0,19,71,-52
18687,0,43,27,16
18688,0,18,5,13
18689,0,4,7,-3
18690,0,17,12,5
18691,0,16,34,-18
18696,0,15,24,-9
18697,0,4,5,-1
18698,0,44,43,1
18701,0,21,39,-18
18702,0,21,19,2
18703,0,27,28,-1
18704,0,12,10,2
18706,0,68,103,-35
18707,0,16,8,8
18709,0,26,23,3
18711,0,30,26,4
18714,0,33,74,-41
18717,0,8,33,-25
18718,0,12,35,-23
18721,0,19,33,-14
18723,0,48,48,0
18724,0,3,16,-13
18725,0,106,84,22
18727,0,59,20,39
18729,0,205,167,38
18730,0,59,61,-2
18731,0,25,48,-23
18733,0,1,12,-11
18734,0,14,2,12
18735,0,2,15,-13
18736,0,102,145,-43
18737,0,65,98,-33
18738,0,16,10,6
18742,0,18,51,-33
18744,0,53,60,-7
18746,0,5,17,-12
18749,0,45,8,37
18750,0,20,3,17
18751,0,42,101,-59
18752,0,19,13,6
18755,0,2,10,-8
18756,0,10,14,-4
18757,0,72,132,-60
18758,0,5,63,-58
18759,0,10,13,-3
18761,0,96,75,21
18762,0,4,8,-4
18763,0,6,14,-8
18769,0,5,5,0
18770,0,136,130,6
18771,0,10,8,2
18772,0,142,126,16
18778,0,21,34,-13
18779,0,70,21,49
18784,0,38,2,36
18786,0,2,41,-39
18787,0,7,13,-6
18788,0,27,14,13
18789,0,19,4,15
18791,0,13,21,-8
18792,0,10,17,-7
18793,0,27,33,-6
18796,0,18,12,6
18797,0,40,34,6
18798,0,4,7,-3
18800,0,10,24,-14
18803,0,29,11,18
18804,0,9,3,6
18807,0,13,20,-7
18808,0,27,87,-60
18809,0,43,44,-1
18811,0,62,33,29
18812,0,110,71,39
18814,0,64,100,-36
18815,0,12,54,-42
18818,0,44,37,7
18820,0,79,42,37
18822,0,4,3,1
18823,0,39,73,-34
18824,0,14,69,-55
18825,0,9,23,-14
18826,0,24,81,-57
18827,0,80,93,-13
18829,0,1,39,-38
18830,0,58,36,22
18831,0,29,4,25
18833,0,15,10,5
18834,0,42,25,17
18836,0,30,38,-8
18837,0,11,3,8
18838,0,136,91,45
18840,0,19,34,-15
18842,0,87,110,-23
18846,0,22,42,-20
18848,0,65,119,-54
18850,0,3,15,-12
18851,0,15,14,1
18852,0,27,24,3
18853,0,31,21,10
18856,0,56,20,36
18857,0,20,53,-33
18858,0,5,7,-2
18859,0,42,36,6
18861,0,109,95,14
18862,0,26,54,-28
18863,0,47,46,1
18865,0,42,56,-14
18867,0,1,1,0
18868,0,46,15,31
18869,0,23,41,-18
18877,0,58,56,2
18879,0,6,8,-2
18882,0,54,48,6
18884,0,1369,1427,-58
18885,0,59,77,-18
18886,0,2,11,-9
18887,0,93,59,34
18888,0,35,67,-32
18890,0,78,43,35
18891,0,39,41,-2
18892,0,59,76,-17
18893,0,96,47,49
18895,0,214,216,-2
18899,0,187,141,46
18900,0,8,45,-37
18901,0,7,6,1
18902,0,56,113,-57
18903,0,4,23,-19
18904,0,11,2,9
18905,0,8,12,-4
18908,0,23,57,-34
18909,0,56,74,-18
18910,0,52,13,39
18912,0,97,51,46
18913,0,2,11,-9
18914,0,6,17,-11
18915,0,28,40,-12
18917,0,94,81,13
18918,0,24,4,20
18919,0,31,83,-52
18920,0,30,10,20
18921,0,47,41,6
18923,0,15,32,-17
18924,0,30,49,-19
18925,0,27,8,19
18926,0,116,177,-61
18927,0,48,31,17
18929,0,1332,1290,42
18933,0,83,60,23
18936,0,2,18,-16
18937,0,219,167,52
18938,0,19,13,6
18939,0,17,56,-39
18940,0,513,509,4
18942,0,2,59,-57
18945,0,71,43,28
18946,0,18,2,16
18948,0,3,15,-12
18949,0,13,20,-7
18950,0,6,19,-13
18951,0,48,43,5
18952,0,13,30,-17
18953,0,3,5,-2
18955,0,89,82,7
18958,0,26,15,11
18959,0,25,61,-36
18960,0,21,66,-45
18961,0,54,18,36
18962,0,13,2,11
18964,0,17,15,2
18967,0,9,23,-14
18968,0,28,37,-9
18969,0,57,44,13
18971,0,26,86,-60
18972,0,50,106,-56
18974,0,74,98,-24
18975,0,12,16,-4
18976,0,19,19,0
18977,0,5,13,-8
18980,0,16,12,4
18986,0,3,34,-31
18987,0,20,3,17
18990,0,8,44,-36
18991,0,5,22,-17
18992,0,188,150,38
18994,0,70,22,48
18996,0,10,10,0
18997,0,18,9,9
18998,0,313,329,-16
19000,0,18,2,16
19002,0,7,29,-22
19005,0,103,59,44
19006,0,1,1,0
19007,0,2,8,-6
19008,0,20,68,-48
19009,0,20,18,2
19011,0,5,7,-2
19012,0,35,29,6
19014,0,19,6,13
19015,0,11,22,-11
19016,0,4,36,-32
19017,0,3,10,-7
19018,0,4,13,-9
19019,0,11,7,4
19020,0,15,31,-16
19021,0,12,21,-9
19022,0,39,38,1
19023,0,5,16,-11
19024,0,5,12,-7
19025,0,2,4,-2
19028,0,3,6,-3
19030,0,7,18,-11
19032,0,10,2,8
19033,0,63,43,20
19037,0,6,7,-1
19038,0,1,35,-34
19039,0,122,145,-23
19040,0,2,15,-13
19041,0,4,16,-12
19044,0,1,8,-7
19046,0,503,529,-26
19047,0,8,6,2
19048,0,124,118,6
19049,0,43,21,22
19050,0,13,11,2
19053,0,13,26,-13
19055,0,56,38,18
19057,0,3,1,2
19059,0,228,230,-2
19061,0,166,218,-52
19064,0,13,55,-42
19065,0,11,4,7
19067,0,333,392,-59
19068,0,75,98,-23
19069,0,45,104,-59
19070,0,80,55,25
19072,0,2,16,-14
19073,0,4,4,0
19074,0,196,228,-32
19076,0,84,45,39
19077,0,3,29,-26
19079,0,10,10,0
19082,0,181,128,53
19083,0,12,57,-45
19084,0,3,2,1
19085,0,9,10,-1
19086,0,10,36,-26
19089,0,6,29,-23
19091,0,10,51,-41
19093,0,66,119,-53
19094,0,4,10,-6
19095,0,33,91,-58
19096,0,55,37,18
19097,0,129,119,10
19098,0,7,2,5
19100,0,42,103,-61
19103,0,1,15,-14
19104,0,28,56,-28
19105,0,29,33,-4
19106,0,11,8,3
19110,0,3,24,-21
19111,0,5,14,-9
19112,0,28,17,11
19116,0,4,8,-4
19118,0,3,1,2
19119,0,12,52,-40
19120,0,8,13,-5
19121,0,147,187,-40
19122,0,113,100,13
19123,0,184,214,-30
19127,0,50,108,-58
19128,0,288,292,-4
19133,0,1379,1376,3
19134,0,74,48,26
19137,0,28,43,-15
19141,0,34,41,-7
19145,0,42,53,-11
19146,0,2,21,-19
19147,0,83,143,-60
19151,0,138,178,-40
19152,0,96,73,23
19153,0,17,31,-14
19154,0,9,8,1
19155,0,11,34,-23
19157,0,116,110,6
19159,0,5,3,2
19160,0,16,22,-6
19161,0,78,76,2
19163,0,4,4,0
19165,0,12,34,-22
19168,0,5,6,-1
19169,0,5,16,-11
19170,0,70,103,-33
19171,0,173,211,-38
19172,0,22,34,-12
19173,0,37,92,-55
19174,0,2,6,-4
19178,0,6,22,-16
19179,0,20,11,9
19182,0,5,59,-54
19184,0,155,189,-34
19187,0,45,25,20
19188,0,42,102,-60
19189,0,19,30,-11
19190,0,40,69,-29
19191,0,12,1,11
19192,0,28,36,-8
19193,0,129,137,-8
19194,0,17,25,-8
19198,0,1,30,-29
19199,0,873,857,16
19203,0,64,110,-46
19204,0,3,15,-12
19205,0,7,22,-15
19206,0,2,20,-18
19208,0,34,11,23
19209,0,36,6,30
19210,0,21,38,-17
19212,0,35,25,10
19213,0,43,41,2
19215,0,12,1,11
19216,0,8,7,1
19219,0,18,45,-27
19220,0,1,3,-2
19223,0,29,22,7
19224,0,4,13,-9
19226,0,27,59,-32
19227,0,5,16,-11
19228,0,3,18,-15
19229,0,145,102,43
19230,0,99,136,-37
19232,0,16,20,-4
19233,0,241,283,-42
19235,0,6,43,-37
19237,0,3,1,2
19238,0,85,56,29
19240,0,51,1,50
19244,0,9,4,5
19245,0,55,45,10
19247,0,11,1,10
19248,0,1482,1519,-37
19250,0,31,64,-33
19251,0,85,112,-27
19253,0,4,3,1
19254,0,11,36,-25
19255,0,243,197,46
19256,0,66,16,50
19257,0,62,112,-50
19258,0,128,164,-36
19261,0,1,27,-26
19262,0,25,71,-46
19263,0,28,25,3
19264,0,46,17,29
19270,0,44,92,-48
19271,0,15,30,-15
19273,0,89,119,-30
19274,0,16,26,-10
19275,0,23,32,-9
19283,0,2176,2123,53
19284,0,34,85,-51
19285,0,3,9,-6
19289,0,1,16,-15
19291,0,41,62,-21
19293,0,78,91,-13
19294,0,11,28,-17
19295,0,1,5,-4
19296,0,72,58,14
19298,0,6,10,-4
19299,0,83,32,51
19300,0,79,31,48
19301,0,56,24,32
19302,0,66,88,-22
19303,0,21,69,-48
19305,0,8,21,-13
19310,0,16,22,-6
19311,0,42,23,19
19313,0,25,18,7
19314,0,3,11,-8
19315,0,54,39,15
19316,0,57,47,10
19317,0,85,145,-60
19318,0,2,12,-10
19323,0,5,8,-3
19324,0,29,20,9
19326,0,18,14,4
19327,0,71,130,-59
19328,0,34,30,4
19329,0,7,7,0
19331,0,166,203,-37
19332,0,62,53,9
19334,0,159,148,11
19336,0,19,24,-5
19337,0,8,20,-12
19338,0,42,17,25
19339,0,1,15,-14
19340,0,65,89,-24
19341,0,1,45,-44
19342,0,44,40,4
19343,0,316,347,-31
19344,0,50,83,-33
19345,0,57,60,-3
19346,0,88,36,52
19348,0,24,20,4
19349,0,15,39,-24
19351,0,4,8,-4
19352,0,187,197,-10
19353,0,16,57,-41
19354,0,11,10,1
19356,0,83,89,-6
19358,0,8,23,-15
19359,0,5,11,-6
19360,0,126,171,-45
19361,0,2,8,-6
19362,0,1638,1649,-11
19363,0,41,49,-8
19364,0,403,377,26
19365,0,11,68,-57
19369,0,70,27,43
19371,0,18,7,11
19372,0,37,48,-11
19373,0,17,18,-1
19375,0,6,1,5
19377,0,37,49,-12
19380,0,92,119,-27
19381,0,6,8,-2
19383,0,49,15,34
19388,0,789,835,-46
19389,0,76,103,-27
19390,0,12,19,-7
19391,0,24,19,5
19398,0,7,4,3
19401,0,58,40,18
19402,0,16,47,-31
19403,0,12,46,-34
19404,0,85,99,-14
19406,0,29,49,-20
19407,0,57,116,-59
19412,0,120,80,40
19413,0,53,30,23
19415,0,3,22,-19
19416,0,1,37,-36
19418,0,9,6,3
19419,0,58,17,41
19420,0,4,2,2
19421,0,7,23,-16
19423,0,121,153,-32
19424,0,22,24,-2
19425,0,5,14,-9
19426,0,16,11,5
19427,0,44,23,21
19431,0,42,27,15
19434,0,2,17,-15
19435,0,90,92,-2
19439,0,57,33,24
19440,0,165,116,49
19441,0,265,219,46
19444,0,4,3,1
19445,0,82,74,8
19446,0,22,2,20
19448,0,32,30,2
19452,0,31,77,-46
19454,0,54,37,17
19455,0,32,52,-20
19457,0,124,143,-19
19463,0,43,66,-23
19465,0,16,58,-42
19467,0,5,12,-7
19469,0,45,38,7
19471,0,47,62,-15
19472,0,5,13,-8
19473,0,59,58,1
19474,0,48,16,32
19475,0,3,18,-15
19477,0,3,5,-2
19478,0,57,32,25
19481,0,16,2,14
19483,0,13,45,-32
19485,0,23,16,7
19486,0,30,58,-28
19487,0,36,26,10
19489,0,61,35,26
19490,0,47,33,14
19491,0,43,55,-12
19492,0,20,19,1
19496,0,11,4,7
19497,0,3,0,3
19499,0,64,27,37
19501,0,64,36,28
19503,0,85,116,-31
19507,0,134,182,-48
19508,0,8,42,-34
19510,0,23,11,12
19513,0,25,17,8
19514,0,42,20,22
19515,0,3,4,-1
19517,0,5,28,-23
19518,0,437,446,-9
19519,0,55,29,26
19521,0,23,31,-8
19522,0,155,146,9
19523,0,60,49,11
19524,0,75,69,6
19525,0,20,53,-33
19526,0,25,64,-39
19527,0,33,37,-4
19528,0,8,6,2
19529,0,24,50,-26
19530,0,9,4,5
19535,0,13,2,11
19538,0,5,9,-4
19539,0,50,110,-60
19540,0,30,12,18
19542,0,38,84,-46
19544,0,1,15,-14
19548,0,140,133,7
19551,0,67,61,6
19555,0,14,10,4
19557,0,3,12,-9
19560,0,14,5,9
19561,0,10,2,8
19562,0,31,21,10
19563,0,19,55,-36
19564,0,231,197,34
19565,0,23,67,-44
19567,0,33,2,31
19569,0,33,81,-48
19570,0,56,42,14
19571,0,4,20,-16
19574,0,26,22,4
19576,0,81,52,29
19577,0,41,73,-32
19580,0,85,110,-25
19581,0,7,15,-8
19584,0,7,6,1
19585,0,13,36,-23
19586,0,18,44,-26
19588,0,2,43,-41
19589,0,6,11,-5
19590,0,3,24,-21
19591,0,11,3,8
19593,0,6,9,-3
19594,0,2,8,-6
19595,0,4,24,-20
19596,0,14,32,-18
19597,0,1003,994,9
19599,0,6,52,-46
19601,0,15,45,-30
19602,0,11,46,-35
19603,0,69,107,-38
19604,0,43,94,-51
19606,0,2,4,-2
19607,0,4,31,-27
19608,0,55,31,24
19609,0,8,2,6
19610,0,137,176,-39
19612,0,29,7,22
19613,0,53,96,-43
19614,0,15,27,-12
19615,0,69,82,-13
19616,0,113,82,31
19618,0,3,8,-5
19619,0,11,13,-2
19620,0,95,97,-2
19622,0,121,79,42
19626,0,25,31,-6
19627,0,56,66,-10
19629,0,24,56,-32
19633,0,12,73,-61
19635,0,19,58,-39
19636,0,2,10,-8
19637,0,225,190,35
19639,0,3,7,-4
19640,0,27,22,5
19641,0,10,3,7
19642,0,32,86,-54
19647,0,8,23,-15
19648,0,48,18,30
19652,0,371,427,-56
19653,0,66,29,37
19654,0,3,4,-1
19656,0,171,142,29
19658,0,8,45,-37
19663,0,29,18,11
19665,0,33,51,-18
19668,0,1,2,-1
19670,0,28,12,16
19671,0,28,8,20
19672,0,52,27,25
19674,0,6,1,5
19677,0,7,2,5
19678,0,39,10,29
19679,0,60,79,-19
19680,0,28,39,-11
19681,0,12,52,-40
19682,0,2,3,-1
19684,0,47,61,-14
19686,0,72,50,22
19687,0,7,34,-27
19688,0,33,33,0
19690,0,66,48,18
19693,0,3,15,-12
19694,0,44,71,-27
19695,0,51,39,12
19696,0,23,31,-8
19698,0,55,33,22
19699,0,6,16,-10
19702,0,22,20,2
19703,0,37,50,-13
19704,0,51,34,17
19705,0,8,2,6
19706,0,8,2,6
19707,0,19,14,5
19708,0,46,71,-25
19709,0,10,32,-22
19713,0,42,20,22
19714,0,22,48,-26
19716,0,5,4,1
19717,0,18,12,6
19718,0,5,2,3
19719,0,32,10,22
19721,0,48,64,-16
19726,0,78,36,42
19727,0,15,17,-2
19728,0,10,14,-4
19730,0,1,18,-17
19731,0,28,14,14
19732,0,27,12,15
19736,0,12,21,-9
19737,0,12,30,-18
19738,0,68,35,33
19739,0,22,31,-9
19740,0,61,15,46
19741,0,3,14,-11
19742,0,20,52,-32
19744,0,10,1,9
19745,0,74,78,-4
19746,0,18,69,-51
19747,0,17,39,-22
19748,0,44,10,34
19750,0,16,43,-27
19752,0,15,21,-6
19753,0,28,49,-21
19754,0,44,92,-48
19755,0,13,4,9
19756,0,15,24,-9
19758,0,43,28,15
19759,0,1,17,-16
19762,0,17,11,6
19764,0,122,77,45
19765,0,12,6,6
19767,0,14,1,13
19769,0,12,10,2
19771,0,38,31,7
19773,0,74,33,41
19774,0,14,7,7
19775,0,13,11,2
19778,0,4,28,-24
19780,0,13,32,-19
19782,0,23,30,-7
19783,0,36,28,8
19786,0,75,82,-7
19787,0,342,312,30
19790,0,34,19,15
19792,0,197,236,-39
19793,0,144,168,-24
19794,0,29,64,-35
19798,0,32,66,-34
19799,0,11,36,-25
19801,0,75,21,54
19803,0,6,19,-13
19805,0,4,7,-3
19806,0,2,15,-13
19807,0,8,37,-29
19808,0,2,33,-31
19809,0,137,185,-48
19810,0,6,19,-13
19812,0,164,179,-15
19813,0,10,33,-23
19817,0,91,131,-40
19824,0,1,6,-5
19826,0,349,355,-6
19829,0,25,24,1
19830,0,66,33,33
19832,0,16,27,-11
19836,0,83,58,25
19837,0,14,4,10
19838,0,37,12,25
19840,0,39,66,-27
19842,0,52,34,18
19845,0,30,8,22
19846,0,11,25,-14
19850,0,41,83,-42
19851,0,77,109,-32
19852,0,30,25,5
19853,0,77,73,4
19854,0,221,211,10
19855,0,20,23,-3
19857,0,237,251,-14
19859,0,172,170,2
19860,0,79,40,39
19862,0,10,2,8
19863,0,40,12,28
19866,0,14,44,-30
19867,0,181,138,43
19871,0,10,22,-12
19873,0,17,9,8
19874,0,15,64,-49
19875,0,11,19,-8
19877,0,57,5,52
19878,0,13,68,-55
19880,0,34,86,-52
19882,0,114,111,3
19883,0,1,25,-24
19884,0,77,64,13
19886,0,5,16,-11
19888,0,38,10,28
19889,0,52,58,-6
19891,0,8,13,-5
19892,0,18,22,-4
19893,0,7,19,-12
19894,0,67,20,47
19896,0,18,7,11
19897,0,35,40,-5
19898,0,23,15,8
19899,0,35,43,-8
19901,0,11,26,-15
19902,0,30,19,11
19903,0,49,85,-36
19904,0,9,3,6
19905,0,9,3,6
19907,0,129,118,11
19908,0,12,25,-13
19909,0,8,3,5
19910,0,22,26,-4
19911,0,32,7,25
19912,0,100,61,39
19914,0,4,0,4
19917,0,32,81,-49
19918,0,42,37,5
19922,0,268,236,32
19923,0,30,26,4
19925,0,147,111,36
19927,0,4,31,-27
19928,0,15,7,8
19932,0,111,78,33
19933,0,9,11,-2
19934,0,3,2,1
19935,0,11,51,-40
19937,0,1,1,0
19938,0,22,20,2
19939,0,61,61,0
19940,0,7,2,5
19941,0,58,109,-51
19942,0,34,63,-29
19944,0,1,10,-9
19946,0,1,2,-1
19947,0,43,25,18
19948,0,47,20,27
19949,0,57,83,-26
19954,0,102,114,-12
19955,0,43,64,-21
19956,0,25,42,-17
19957,0,33,14,19
19959,0,7,7,0
19960,0,49,11,38
19962,0,19,72,-53
19964,0,8,17,-9
19968,0,5,15,-10
19969,0,20,20,0
19973,0,25,69,-44
19975,0,30,8,22
19976,0,45,31,14
19978,0,16,3,13
19979,0,7,16,-9
19981,0,5,23,-18
19984,0,8,14,-6
19985,0,2,7,-5
19986,0,8,5,3
19988,0,20,51,-31
19989,0,142,103,39
19991,0,16,12,4
19995,0,7,28,-21
19998,0,2,8,-6
19999,0,15,26,-11
20000,0,6,3,3
20003,0,51,23,28
20005,0,4,18,-14
20008,0,299,270,29
20009,0,8,44,-36
20010,0,1,15,-14
20014,0,6,2,4
20017,0,29,63,-34
20022,0,454,430,24
20025,0,12,7,5
20026,0,12,13,-1
20027,0,15,31,-16
20028,0,31,72,-41
20029,0,3,7,-4
20031,0,23,41,-18
20032,0,166,163,3
20033,0,2,5,-3
20035,0,2,7,-5
20036,0,64,58,6
20037,0,70,82,-12
20038,0,20,36,-16
20039,0,2,26,-24
20041,0,64,42,22
20042,0,2,20,-18
20043,0,11,3,8
20044,0,2897,2856,41
20045,0,22,36,-14
20046,0,12,34,-22
20047,0,2,16,-14
20050,0,51,27,24
20051,0,12,10,2
20052,0,6,49,-43
20053,0,20,15,5
20054,0,9,24,-15
20056,0,8,2,6
20057,0,11,10,1
20058,0,412,451,-39
20060,0,62,22,40
20061,0,15,0,15
20062,0,251,261,-10
20063,0,27,16,11
20064,0,5,5,0
20066,0,34,8,26
20067,0,33,15,18
20069,0,3,6,-3
20072,0,3,4,-1
20073,0,18,34,-16
20076,0,2339,2369,-30
20077,0,5,14,-9
20078,0,187,151,36
20079,0,16,67,-51
20081,0,16,39,-23
20082,0,3,12,-9
20084,0,141,187,-46
20087,0,12,18,-6
20088,0,2,22,-20
20089,0,20,11,9
20090,0,3,52,-49
20091,0,15,61,-46
20096,0,17,11,6
20097,0,19,12,7
20099,0,74,49,25
20100,0,20,54,-34
20102,0,67,114,-47
20105,0,23,27,-4
20106,0,14,24,-10
20107,0,17,25,-8
20109,0,33,90,-57
20112,0,13,12,1
20113,0,16,33,-17
20114,0,24,35,-11
20115,0,39,7,32
20117,0,195,212,-17
20118,0,51,62,-11
20120,0,92,71,21
20122,0,12,12,0
20123,0,23,36,-13
20125,0,116,116,0
20127,0,145,130,15
20129,0,21,18,3
20130,0,15,20,-5
20131,0,3,4,-1
20132,0,44,51,-7
20133,0,110,132,-22
20135,0,12,32,-20
20138,0,42,3,39
20139,0,64,33,31
20140,0,26,28,-2
20141,0,171,223,-52
20142,0,139,145,-6
20143,0,48,94,-46
20145,0,162,168,-6
20151,0,1028,1049,-21
20154,0,22,36,-14
20155,0,59,49,10
20156,0,37,78,-41
20158,0,4,7,-3
20161,0,17,40,-23
20162,0,95,76,19
20163,0,43,27,16
20164,0,67,19,48
20165,0,95,61,34
20166,0,21,16,5
20167,0,23,64,-41
20169,0,1,10,-9
20170,0,142,121,21
20171,0,4,29,-25
20172,0,14,9,5
20173,0,79,117,-38
20174,0,26,9,17
20176,0,137,111,26
20178,0,109,107,2
20180,0,20,21,-1
20183,0,2,26,-24
20186,0,47,46,1
20188,0,761,783,-22
20190,0,17,30,-13
20191,0,7,39,-32
20193,0,101,62,39
20194,0,29,26,3
20197,0,12,73,-61
20200,0,7,18,-11
20203,0,75,73,2
20205,0,19,5,14
20206,0,200,247,-47
20207,0,29,38,-9
20208,0,52,29,23
20209,0,38,16,22
20210,0,25,27,-2
20213,0,2,26,-24
20214,0,6,10,-4
20216,0,168,225,-57
20217,0,1,16,-15
20219,0,3,5,-2
20220,0,41,75,-34
20222,0,13,23,-10
20223,0,86,114,-28
20224,0,27,16,11
20225,0,145,127,18
20228,0,2,18,-16
20231,0,36,77,-41
20232,0,11,10,1
20233,0,3,26,-23
20235,0,33,35,-2
20237,0,144,92,52
20238,0,88,96,-8
20241,0,7,27,-20
20243,0,37,69,-32
20244,0,46,31,15
20247,0,25,11,14
20248,0,14,68,-54
20249,0,189,168,21
20250,0,74,22,52
20252,0,75,136,-61
20253,0,26,44,-18
20254,0,11,29,-18
20255,0,31,17,14
20257,0,2,5,-3
20260,0,2,21,-19
20261,0,11,4,7
20263,0,29,39,-10
20264,0,227,205,22
20265,0,15,32,-17
20267,0,5,9,-4
20268,0,3,7,-4
20269,0,9,14,-5
20272,0,1,30,-29
20273,0,31,16,15
20275,0,111,146,-35
20276,0,1,6,-5
20277,0,2,7,-5
20279,0,22,75,-53
20281,0,35,12,23
20284,0,35,56,-21
20286,0,7,4,3
20287,0,13,8,5
20289,0,46,64,-18
20290,0,16,57,-41
20291,0,1,1,0
20292,0,15,8,7
20293,0,31,37,-6
20296,0,28,47,-19
20297,0,24,52,-28
20298,0,41,14,27
20299,0,30,13,17
20300,0,10,25,-15
20301,0,53,18,35
20303,0,8,33,-25
20305,0,68,14,54
20306,0,120,81,39
20307,0,33,57,-24
20308,0,25,45,-20
20310,0,88,34,54
20311,0,88,104,-16
20312,0,76,104,-28
20313,0,149,207,-58
20314,0,55,52,3
20316,0,17,22,-5
20317,0,4,9,-5
20322,0,100,68,32
20323,0,4,17,-13
20327,0,6,3,3
20328,0,60,67,-7
20329,0,76,40,36
20334,0,16,6,10
20335,0,15,19,-4
20336,0,85,56,29
20338,0,5,15,-10
20341,0,20,9,11
20343,0,7,22,-15
20344,0,49,0,49
20345,0,21,3,18
20346,0,84,113,-29
20347,0,2,45,-43
20349,0,3,3,0
20350,0,10,5,5
20352,0,3,3,0
20353,0,12,11,1
20355,0,29,25,4
20356,0,4,2,2
20358,0,179,204,-25
20359,0,26,76,-50
20362,0,87,50,37
20364,0,19,20,-1
20369,0,8,9,-1
20371,0,26,30,-4
20372,0,3,14,-11
20373,0,11,5,6
20375,0,41,33,8
20376,0,20,14,6
20380,0,3,8,-5
20382,0,485,512,-27
20383,0,39,17,22
20384,0,7,8,-1
20386,0,4,9,-5
20387,0,3,9,-6
20389,0,140,175,-35
20390,0,64,51,13
20391,0,110,64,46
20392,0,18,21,-3
20398,0,71,56,15
20399,0,45,21,24
20400,0,74,27,47
20401,0,16,13,3
20402,0,39,35,4
20403,0,200,186,14
20407,0,10,7,3
20408,0,161,164,-3
20409,0,49,20,29
20412,0,3,15,-12
20414,0,5,14,-9
20416,0,46,99,-53
20420,0,5,2,3
20423,0,81,131,-50
20427,0,3,1,2
20429,0,40,47,-7
20430,0,14,34,-20
20432,0,52,15,37
20433,0,33,21,12
20434,0,14,5,9
20436,0,37,21,16
20438,0,13,30,-17
20440,0,15,10,5
20441,0,23,8,15
20444,0,151,123,28
20446,0,16,74,-58
20447,0,19,55,-36
20448,0,46,15,31
20450,0,1,13,-12
20452,0,30,36,-6
20453,0,48,29,19
20454,0,28,41,-13
20455,0,10,20,-10
20456,0,28,24,4
20459,0,6,5,1
20461,0,33,18,15
20464,0,32,26,6
20465,0,33,4,29
20466,0,53,14,39
20468,0,4,19,-15
20470,0,39,89,-50
20472,0,51,71,-20
20474,0,123,87,36
20475,0,34,40,-6
20479,0,26,43,-17
20480,0,8,23,-15
20482,0,14,18,-4
20485,0,38,71,-33
20486,0,13,11,2
20487,0,250,212,38
20488,0,5,54,-49
20489,0,72,28,44
20490,0,15,18,-3
20492,0,15,32,-17
20494,0,83,75,8
20495,0,52,11,41
20497,0,173,198,-25
20498,0,20,36,-16
20499,0,66,36,30
20501,0,10,5,5
20502,0,23,33,-10
20503,0,4,22,-18
20506,0,59,41,18
20511,0,47,5,42
20512,0,26,7,19
20513,0,6,2,4
20514,0,51,75,-24
20516,0,14,14,0
20523,0,5,0,5
20524,0,2,6,-4
20525,0,56,37,19
20526,0,2,8,-6
20527,0,89,68,21
20528,0,4,8,-4
20529,0,34,76,-42
20530,0,40,69,-29
20531,0,23,4,19
20532,0,1,4,-3
20534,0,44,11,33
20535,0,8,0,8
20537,0,6,31,-25
20541,0,31,41,-10
20542,0,8,17,-9
20545,0,24,44,-20
20546,0,47,23,24
20547,0,116,143,-27
20548,0,3,5,-2
20553,0,7,1,6
20554,0,14,14,0
20556,0,19,15,4
20560,0,107,107,0
20563,0,65,62,3
20564,0,2,18,-16
20565,0,4,37,-33
20566,0,1,1,0
20567,0,62,68,-6
20568,0,142,104,38
20569,0,110,114,-4
20570,0,8,11,-3
20571,0,35,23,12
20573,0,60,39,21
20574,0,5,41,-36
20577,0,15,3,12
20578,0,10,10,0
20580,0,17,15,2
20581,0,13,17,-4
20585,0,3,18,-15
20586,0,44,7,37
20588,0,70,96,-26
20590,0,5,5,0
20592,0,125,160,-35
20593,0,50,43,7
20597,0,5,3,2
20598,0,25,29,-4
20602,0,7,3,4
20603,0,7,15,-8
20604,0,1,5,-4
20605,0,127,95,32
20606,0,37,46,-9
20609,0,12,63,-51
20614,0,43,80,-37
20615,0,2,6,-4
20617,0,39,7,32
20618,0,22,22,0
20620,0,58,83,-25
20621,0,31,89,-58
20624,0,20,19,1
20626,0,66,48,18
20632,0,336,348,-12
20633,0,9,64,-55
20634,0,95,51,44
20635,0,90,91,-1
20636,0,16,5,11
20639,0,1917,1907,10
20642,0,21,78,-57
20643,0,4,36,-32
20644,0,31,15,16
20645,0,37,66,-29
20646,0,27,54,-27
20647,0,24,2,22
20648,0,8,43,-35
20649,0,5,3,2
20651,0,4,25,-21
20654,0,6,3,3
20657,0,36,18,18
20658,0,4,49,-45
20659,0,40,26,14
20660,0,23,55,-32
20662,0,54,18,36
20663,0,38,15,23
20664,0,45,36,9
20665,0,85,71,14
20667,0,8,36,-28
20669,0,45,47,-2
20670,0,64,36,28
20671,0,35,40,-5
20674,0,44,48,-4
20675,0,26,9,17
20678,0,92,68,24
20679,0,9,20,-11
20680,0,27,48,-21
20681,0,10,37,-27
20682,0,37,44,-7
20684,0,8,60,-52
20685,0,993,1036,-43
20686,0,16,18,-2
20689,0,112,104,8
20691,0,80,51,29
20693,0,187,169,18
20694,0,6,17,-11
20697,0,1,8,-7
20698,0,205,181,24
20699,0,65,20,45
20703,0,13,31,-18
20705,0,4,8,-4
20709,0,50,74,-24
20710,0,71,78,-7
20711,0,17,12,5
20712,0,6,0,6
20713,0,52,36,16
20715,0,34,15,19
20717,0,33,7,26
20718,0,42,68,-26
20719,0,61,73,-12
20720,0,53,1,52
20721,0,3,12,-9
20722,0,9,37,-28
20724,0,19,10,9
20725,0,83,36,47
20726,0,77,115,-38
20728,0,24,14,10
20730,0,17,2,15
20731,0,40,7,33
20732,0,40,83,-43
20733,0,82,51,31
20738,0,33,34,-1
20739,0,8,16,-8
20740,0,16,8,8
20743,0,2,12,-10
20744,0,10,18,-8
20745,0,3,1,2
20747,0,100,157,-57
20749,0,337,344,-7
20750,0,1,30,-29
20751,0,162,143,19
20752,0,66,92,-26
20754,0,102,75,27
20755,0,41,40,1
20758,0,153,160,-7
20759,0,5,11,-6
20760,0,75,61,14
20764,0,29,52,-23
20765,0,23,19,4
20766,0,17,36,-19
20768,0,2,19,-17
20769,0,66,126,-60
20770,0,3,9,-6
20773,0,13,1,12
20774,0,12,20,-8
20775,0,16,17,-1
20778,0,43,47,-4
20779,0,39,79,-40
20781,0,8,35,-27
20782,0,6,54,-48
20784,0,48,29,19
20786,0,28,13,15
20788,0,40,21,19
20790,0,64,16,48
20791,0,38,22,16
20792,0,2,17,-15
20793,0,2,18,-16
20796,0,38,88,-50
20797,0,45,81,-36
20798,0,410,412,-2
20799,0,83,127,-44
20800,0,50,22,28
20802,0,74,74,0
20804,0,1,22,-21
20805,0,33,38,-5
20806,0,18,10,8
20807,0,59,30,29
20808,0,46,33,13
20809,0,3,21,-18
20810,0,33,12,21
20811,0,53,90,-37
20812,0,125,139,-14
20814,0,69,35,34
20815,0,23,40,-17
20816,0,162,165,-3
20819,0,657,627,30
20820,0,16,35,-19
20821,0,109,75,34
20823,0,8,4,4
20825,0,43,6,37
20826,0,317,294,23
20829,0,5,10,-5
20831,0,171,174,-3
20834,0,10,5,5
20835,0,63,47,16
20837,0,33,46,-13
20841,0,184,170,14
20842,0,13,3,10
20844,0,351,359,-8
20845,0,458,432,26
20847,0,21,12,9
20851,0,17,18,-1
20853,0,26,20,6
20854,0,43,35,8
20855,0,92,49,43
20856,0,8,58,-50
20857,0,2,9,-7
20858,0,16,1,15
20860,0,172,135,37
20861,0,9,9,0
20862,0,99,74,25
20863,0,124,115,9
20866,0,17,23,-6
20869,0,20,8,12
20870,0,25,42,-17
20871,0,19,12,7
20873,0,15,32,-17
20874,0,29,28,1
20876,0,2,11,-9
20879,0,2,16,-14
20881,0,66,12,54
20883,0,70,103,-33
20884,0,6,8,-2
20885,0,2,7,-5
20886,0,90,121,-31
20887,0,19,12,7
20888,0,6,2,4
20892,0,53,2,51
20893,0,16,7,9
20895,0,118,116,2
20896,0,8,4,4
20897,0,152,203,-51
20898,0,19,0,19
20899,0,27,75,-48
20900,0,3,9,-6
20902,0,98,119,-21
20905,0,32,19,13
20908,0,219,280,-61
20910,0,9,29,-20
20912,0,100,50,50
20913,0,3,14,-11
20915,0,23,34,-11
20916,0,3,10,-7
20922,0,34,75,-41
20925,0,30,14,16
20929,0,15,4,11
20931,0,30,9,21
20933,0,1,2,-1
20935,0,22,3,19
20936,0,10,4,6
20937,0,4,9,-5
20938,0,31,16,15
20939,0,2,7,-5
20941,0,14,20,-6
20942,0,19,37,-18
20945,0,40,49,-9
20946,0,154,182,-28
20948,0,13,27,-14
20949,0,56,39,17
20950,0,26,7,19
20951,0,6,29,-23
20953,0,254,281,-27
20954,0,699,679,20
20955,0,19,24,-5
20956,0,26,28,-2
20957,0,5,4,1
20958,0,18,75,-57
20960,0,19,9,10
20964,0,192,236,-44
20967,0,8,26,-18
20969,0,6,26,-20
20970,0,2,5,-3
20971,0,14,6,8
20973,0,47,90,-43
20974,0,1,2,-1
20975,0,42,38,4
20976,0,5,9,-4
20978,0,76,55,21
20979,0,7,9,-2
20980,0,2,10,-8
20982,0,7,19,-12
20983,0,43,81,-38
20985,0,31,32,-1
20986,0,21,20,1
20987,0,82,98,-16
20988,0,49,31,18
20989,0,29,86,-57
20990,0,22,14,8
20991,0,19,38,-19
20992,0,22,38,-16
20994,0,5,46,-41
20995,0,12,43,-31
20997,0,11,5,6
20999,0,19,67,-48
21000,0,162,161,1
21002,0,24,25,-1
21003,0,13,21,-8
21006,0,287,235,52
21007,0,19,2,17
21008,0,27,32,-5
21011,0,2,24,-22
21012,0,72,66,6
21016,0,3,29,-26
21019,0,57,36,21
21020,0,13,25,-12
21024,0,48,31,17
21027,0,28,6,22
21028,0,35,39,-4
21029,0,5,27,-22
21030,0,146,171,-25
21031,0,34,38,-4
21034,0,15,23,-8
21036,0,43,25,18
21038,0,29,33,-4
21039,0,35,49,-14
21041,0,295,307,-12
21046,0,26,12,14
21047,0,3,18,-15
21052,0,17,10,7
21053,0,7,15,-8
21054,0,3,4,-1
21055,0,29,60,-31
21057,0,14,14,0
21058,0,18,45,-27
21059,0,34,26,8
21060,0,147,103,44
21061,0,10,45,-35
21063,0,6,7,-1
21064,0,8,27,-19
21065,0,35,15,20
21066,0,8,41,-33
21069,0,8,8,0
21071,0,191,217,-26
21073,0,33,66,-33
21074,0,18,24,-6
21075,0,110,100,10
21076,0,15,5,10
21086,0,26,37,-11
21088,0,57,17,40
21089,0,44,40,4
21090,0,7,4,3
21091,0,12,14,-2
21094,0,58,34,24
21096,0,6,14,-8
21097,0,73,42,31
21098,0,20,22,-2
21099,0,15,6,9
21100,0,17,12,5
21101,0,287,270,17
21103,0,185,210,-25
21107,0,38,29,9
21108,0,50,4,46
21109,0,31,26,5
21110,0,53,50,3
21113,0,3,7,-4
21114,0,51,89,-38
21117,0,24,17,7
21120,0,33,26,7
21121,0,69,115,-46
21125,0,620,634,-14
21126,0,30,8,22
21129,0,40,1,39
21130,0,72,71,1
21131,0,55,41,14
21132,0,417,463,-46
21133,0,109,135,-26
21134,0,4,4,0
21135,0,32,68,-36
21136,0,7,23,-16
21138,0,5,2,3
21139,0,16,12,4
21143,0,17,1,16
21145,0,76,55,21
21146,0,22,4,18
21147,0,10,27,-17
21148,0,27,15,12
21150,0,32,45,-13
21151,0,16,12,4
21152,0,17,19,-2
21153,0,94,68,26
21155,0,61,106,-45
21157,0,121,150,-29
21159,0,12,65,-53
21160,0,33,41,-8
21161,0,13,20,-7
21163,0,99,106,-7
21164,0,31,47,-16
21165,0,66,72,-6
21166,0,35,32,3
21169,0,18,25,-7
21170,0,17,2,15
21171,0,73,97,-24
21172,0,63,20,43
21175,0,125,98,27
21176,0,3,22,-19
21177,0,50,32,18
21179,0,10,40,-30
21180,0,4,3,1
21185,0,6,8,-2
21186,0,4,42,-38
21187,0,1,28,-27
21188,0,28,50,-22
21189,0,11,17,-6
21190,0,8,46,-38
21191,0,16,51,-35
21192,0,46,45,1
21196,0,387,382,5
21199,0,17,8,9
21201,0,83,120,-37
21204,0,13,46,-33
21207,0,12,27,-15
21208,0,8,3,5
21210,0,7,10,-3
21211,0,187,227,-40
21213,0,81,34,47
21215,0,6,3,3
21216,0,8,24,-16
21217,0,18,10,8
21218,0,2,8,-6
21219,0,2,8,-6
21220,0,26,54,-28
21222,0,50,25,25
21223,0,57,95,-38
21227,0,10,56,-46
21230,0,34,62,-28
21233,0,109,94,15
21236,0,15,6,9
21237,0,3,6,-3
21238,0,156,197,-41
21239,0,16,8,8
21240,0,20,16,4
21241,0,41,51,-10
21242,0,1,1,0
21244,0,3,18,-15
21245,0,14,24,-10
21246,0,24,48,-24
21247,0,30,20,10
21250,0,68,57,11
21253,0,30,9,21
21255,0,22,7,15
21256,0,53,94,-41
21257,0,70,27,43
21258,0,3,3,0
21260,0,47,8,39
21261,0,68,70,-2
21265,0,32,22,10
21266,0,46,99,-53
21268,0,15,21,-6
21269,0,7,15,-8
21271,0,7,8,-1
21272,0,57,41,16
21275,0,26,55,-29
21276,0,1,11,-10
21277,0,4,8,-4
21278,0,37,63,-26
21280,0,80,42,38
21281,0,7,1,6
21282,0,17,54,-37
21283,0,43,43,0
21286,0,195,164,31
21287,0,117,116,1
21291,0,12,18,-6
21294,0,475,482,-7
21295,0,19,45,-26
21296,0,13,28,-15
21297,0,3,15,-12
21301,0,73,19,54
21302,0,157,110,47
21303,0,100,62,38
21304,0,183,150,33
21305,0,167,213,-46
21306,0,65,117,-52
21307,0,11,12,-1
21309,0,27,44,-17
21310,0,124,125,-1
21311,0,9,28,-19
21312,0,78,48,30
21314,0,3,7,-4
21315,0,10,22,-12
21316,0,5,3,2
21318,0,13,46,-33
21319,0,61,103,-42
21320,0,441,391,50
21322,0,44,14,30
21324,0,17,49,-32
21325,0,24,22,2
21331,0,8,58,-50
21332,0,19,58,-39
21333,0,27,12,15
21334,0,23,29,-6
21335,0,15,21,-6
21338,0,4,12,-8
21339,0,3,0,3
21343,0,143,142,1
21344,0,4,2,2
21346,0,85,81,4
21347,0,62,79,-17
21348,0,56,10,46
21350,0,33,48,-15
21351,0,1,8,-7
21353,0,100,116,-16
21355,0,4,20,-16
21356,0,20,7,13
21357,0,49,20,29
21358,0,19,21,-2
21362,0,46,32,14
21364,0,28,49,-21
21366,0,22,44,-22
21367,0,42,45,-3
21368,0,5,8,-3
21369,0,48,39,9
21370,0,76,23,53
21371,0,74,23,51
21373,0,15,1,14
21377,0,9,23,-14
21378,0,22,13,9
21381,0,25,39,-14
21382,0,83,54,29
21383,0,10,44,-34
21384,0,20,27,-7
21385,0,49,28,21
21386,0,15,51,-36
21388,0,111,135,-24
21390,0,12,21,-9
21392,0,55,8,47
21393,0,918,865,53
21394,0,142,189,-47
21395,0,6,21,-15
21396,0,21,3,18
21398,0,46,13,33
21399,0,5,16,-11
21408,0,22,46,-24
21411,0,22,45,-23
21415,0,12,30,-18
21416,0,44,25,19
21419,0,9,6,3
21420,0,59,27,32
21421,0,19,14,5
21423,0,76,48,28
21424,0,7,23,-16
21425,0,4,23,-19
21427,0,47,38,9
21430,0,101,64,37
21432,0,654,661,-7
21434,0,9,6,3
21437,0,10,0,10
21438,0,59,31,28
21439,0,35,24,11
21443,0,27,28,-1
21449,0,97,46,51
21450,0,6,5,1
21451,0,8,11,-3
21456,0,16,50,-34
21457,0,93,56,37
21464,0,6,10,-4
21467,0,36,52,-16
21468,0,46,16,30
21469,0,7,1,6
21473,0,15,59,-44
21477,0,24,55,-31
21480,0,7,12,-5
21482,0,20,45,-25
21483,0,22,54,-32
21484,0,9,7,2
21485,0,20,25,-5
21487,0,100,59,41
21488,0,284,242,42
21490,0,21,62,-41
21491,0,57,97,-40
21493,0,35,20,15
21496,0,3,16,-13
21497,0,10,6,4
21498,0,16,8,8
21499,0,13,27,-14
21501,0,47,70,-23
21502,0,8,19,-11
21503,0,66,24,42
21504,0,37,71,-34
21505,0,2,2,0
21507,0,6,18,-12
21508,0,13,14,-1
21510,0,10,11,-1
21511,0,13,30,-17
21513,0,35,60,-25
21515,0,223,206,17
21516,0,23,63,-40
21518,0,32,74,-42
21519,0,5,19,-14
21520,0,2,2,0
21523,0,46,69,-23
21524,0,22,49,-27
21525,0,1,45,-44
21527,0,18,9,9
21532,0,166,157,9
21533,0,12,33,-21
21536,0,1,43,-42
21539,0,44,89,-45
21541,0,36,65,-29
21542,0,6,7,-1
21546,0,66,23,43
21547,0,33,35,-2
21550,0,16,13,3
21551,0,37,33,4
21554,0,229,179,50
21556,0,23,42,-19
21558,0,104,100,4
21562,0,43,3,40
21564,0,2,9,-7
21568,0,18,4,14
21569,0,79,92,-13
21571,0,10,25,-15
21572,0,9,8,1
21576,0,35,28,7
21578,0,133,99,34
21579,0,188,139,49
21581,0,64,50,14
21582,0,34,70,-36
21584,0,52,11,41
21588,0,20,39,-19
21592,0,11,14,-3
21593,0,21,40,-19
21594,0,18,18,0
21595,0,1108,1151,-43
21596,0,61,104,-43
21597,0,41,33,8
21598,0,42,32,10
21600,0,121,162,-41
21601,0,31,33,-2
21602,0,1,9,-8
21604,0,63,66,-3
21605,0,229,290,-61
21607,0,14,23,-9
21610,0,10,20,-10
21611,0,68,16,52
21613,0,17,5,12
21614,0,20,76,-56
21615,0,92,73,19
21617,0,211,187,24
21619,0,11,0,11
21622,0,17,4,13
21623,0,38,67,-29
21625,0,3,31,-28
21630,0,8,25,-17
21632,0,210,166,44
21634,0,7,16,-9
21635,0,10,65,-55
21639,0,75,33,42
21640,0,77,67,10
21641,0,33,36,-3
21642,0,31,29,2
21643,0,10,26,-16
21644,0,25,21,4
21645,0,5,45,-40
21646,0,54,27,27
21647,0,47,45,2
21649,0,41,47,-6
21650,0,30,5,25
21651,0,12,26,-14
21652,0,2,7,-5
21654,0,15,11,4
21655,0,8,1,7
21656,0,18,22,-4
21657,0,26,45,-19
21658,0,14,34,-20
21662,0,48,51,-3
21663,0,11,32,-21
21664,0,61,48,13
21665,0,12,15,-3
21666,0,82,94,-12
21667,0,49,80,-31
21668,0,37,26,11
21669,0,13,6,7
21671,0,316,291,25
21672,0,17,14,3
21677,0,7,5,2
21678,0,184,236,-52
21679,0,3,12,-9
21683,0,84,32,52
21684,0,244,247,-3
21686,0,71,42,29
21687,0,57,31,26
21688,0,10,29,-19
21691,0,365,357,8
21692,0,683,654,29
21693,0,40,35,5
21694,0,9,21,-12
21695,0,6,22,-16
21697,0,27,45,-18
21699,0,122,103,19
21702,0,14,17,-3
21703,0,13,14,-1
21704,0,57,64,-7
21708,0,59,54,5
21709,0,9,15,-6
21711,0,3,18,-15
21712,0,20,18,2
21713,0,4,34,-30
21714,0,48,43,5
21715,0,6,14,-8
21716,0,4,13,-9
21719,0,96,95,1
21720,0,19,28,-9
21723,0,30,31,-1
21724,0,83,63,20
21725,0,55,51,4
21727,0,6,11,-5
21729,0,68,117,-49
21731,0,19,11,8
21732,0,8,3,5
21733,0,33,23,10
21736,0,13,10,3
21737,0,244,269,-25
21738,0,12,10,2
21739,0,7,4,3
21744,0,28,81,-53
21746,0,152,183,-31
21749,0,232,193,39
21751,0,109,125,-16
21752,0,48,63,-15
21754,0,17,31,-14
21756,0,4,3,1
21757,0,75,45,30
21758,0,31,5,26
21759,0,5,14,-9
21760,0,1,1,0
21761,0,29,82,-53
21762,0,3,13,-10
21763,0,6,5,1
21764,0,29,86,-57
21765,0,155,119,36
21773,0,15,25,-10
21774,0,14,14,0
21775,0,3,14,-11
21776,0,7,9,-2
21777,0,41,20,21
21780,0,105,101,4
21781,0,40,27,13
21782,0,19,34,-15
21787,0,10,34,-24
21788,0,16,23,-7
21789,0,22,22,0
21791,0,14,28,-14
21792,0,9,19,-10
21793,0,36,21,15
21794,0,62,31,31
21795,0,4,1,3
21796,0,15,70,-55
21797,0,22,47,-25
21800,0,12,14,-2
21801,0,92,153,-61
21803,0,41,21,20
21804,0,34,44,-10
21807,0,34,10,24
21808,0,123,133,-10
21810,0,53,64,-11
21814,0,12,17,-5
21818,0,33,69,-36
21821,0,7,25,-18
21823,0,16,43,-27
21825,0,215,178,37
21826,0,21,35,-14
21828,0,1,25,-24
21830,0,1,7,-6
21831,0,6,57,-51
21832,0,36,1,35
21834,0,1,3,-2
21836,0,11,4,7
21837,0,21,15,6
21838,0,22,49,-27
21841,0,37,14,23
21842,0,7,4,3
21845,0,82,46,36
21847,0,211,254,-43
21848,0,28,17,11
21849,0,4,12,-8
21850,0,56,68,-12
21851,0,52,5,47
21852,0,7,8,-1
21853,0,20,78,-58
21854,0,21,12,9
21855,0,344,371,-27
21858,0,47,44,3
21862,0,5,13,-8
21863,0,6,57,-51
21865,0,82,98,-16
21866,0,174,184,-10
21867,0,4,12,-8
21868,0,1,3,-2
21869,0,24,42,-18
21877,0,465,499,-34
21884,0,13,1,12
21886,0,49,29,20
21887,0,63,34,29
21888,0,10,9,1
21889,0,24,51,-27
21890,0,21,36,-15
21891,0,32,29,3
21892,0,43,16,27
21893,0,14,11,3
21894,0,1,25,-24
21895,0,11,10,1
21896,0,12,9,3
21897,0,16,4,12
21900,0,42,55,-13
21901,0,12,34,-22
21903,0,39,15,24
21904,0,14,12,2
21907,0,24,44,-20
21908,0,13,31,-18
21910,0,31,31,0
21912,0,1,23,-22
21913,0,94,114,-20
21914,0,19,11,8
21916,0,12,23,-11
21918,0,46,12,34
21919,0,163,146,17
21920,0,18,31,-13
21922,0,11,1,10
21923,0,12,11,1
21925,0,19,5,14
21928,0,28,33,-5
21929,0,13,21,-8
21932,0,122,128,-6
21934,0,73,113,-40
21936,0,427,382,45
21941,0,55,21,34
21945,0,21,2,19
21947,0,14,2,12
21951,0,35,31,4
21953,0,54,106,-52
21956,0,160,176,-16
21958,0,198,151,47
21962,0,89,95,-6
21964,0,52,42,10
21965,0,19,34,-15
21966,0,95,79,16
21967,0,16,4,12
21969,0,34,65,-31
21971,0,4,27,-23
21972,0,16,12,4
21973,0,45,41,4
21974,0,29,4,25
21975,0,2,5,-3
21977,0,445,428,17
21978,0,5,7,-2
21979,0,330,357,-27
21980,0,41,27,14
21981,0,1,12,-11
21984,0,22,13,9
21985,0,3,25,-22
21987,0,19,18,1
21992,0,27,7,20
21993,0,21,68,-47
21997,0,14,24,-10
21998,0,89,92,-3
22000,0,3,20,-17
22002,0,3,1,2
22004,0,15,10,5
22005,0,62,98,-36
22007,0,10,8,2
22008,0,9,25,-16
22010,0,6,21,-15
22011,0,33,82,-49
22012,0,34,12,22
22013,0,37,61,-24
22014,0,6,20,-14
22017,0,32,62,-30
22019,0,7,43,-36
22021,0,97,88,9
22023,0,2,15,-13
22031,0,2,21,-19
22034,0,13,37,-24
22035,0,32,42,-10
22036,0,61,36,25
22038,0,4,18,-14
22040,0,21,23,-2
22041,0,2,4,-2
22045,0,44,41,3
22049,0,12,25,-13
22050,0,101,98,3
22052,0,1,1,0
22055,0,108,67,41
22058,0,117,79,38
22060,0,77,129,-52
22061,0,15,72,-57
22062,0,11,24,-13
22066,0,33,58,-25
22067,0,163,182,-19
22070,0,137,84,53
22071,0,53,59,-6
22075,0,56,26,30
22076,0,36,32,4
22079,0,78,51,27
22080,0,2,1,1
22081,0,27,66,-39
22082,0,15,26,-11
22085,0,19,19,0
22087,0,277,285,-8
22090,0,81,142,-61
22091,0,34,27,7
22092,0,53,47,6
22093,0,5,33,-28
22094,0,7,18,-11
22095,0,99,71,28
22098,0,16,1,15
22099,0,62,47,15
22100,0,264,225,39
22102,0,70,50,20
22103,0,573,556,17
22104,0,23,84,-61
22105,0,2,21,-19
22106,0,1,2,-1
22107,0,25,24,1
22109,0,34,60,-26
22114,0,9,33,-24
22117,0,12,7,5
22118,0,35,34,1
22119,0,9,13,-4
22121,0,45,70,-25
22122,0,14,71,-57
22123,0,2,18,-16
22124,0,107,58,49
22127,0,9,18,-9
22128,0,4,8,-4
22129,0,6,1,5
22130,0,8,18,-10
22132,0,11,16,-5
22133,0,32,85,-53
22134,0,32,60,-28
22135,0,76,94,-18
22136,0,36,85,-49
22138,0,90,75,15
22139,0,59,60,-1
22140,0,248,302,-54
22141,0,11,50,-39
22144,0,127,148,-21
22145,0,5,11,-6
22146,0,10,2,8
22149,0,3,5,-2
22152,0,42,37,5
22153,0,114,79,35
22155,0,34,53,-19
22156,0,23,21,2
22157,0,8,31,-23
22160,0,148,145,3
22162,0,11,1,10
22164,0,114,164,-50
22168,0,119,98,21
22174,0,27,7,20
22175,0,1,4,-3
22176,0,8,1,7
22177,0,16,11,5
22180,0,25,5,20
22182,0,21,26,-5
22183,0,141,199,-58
22188,0,26,60,-34
22189,0,163,206,-43
22190,0,2,29,-27
22192,0,15,13,2
22194,0,61,93,-32
22195,0,29,19,10
22196,0,5,16,-11
22197,0,8,4,4
22198,0,24,22,2
22199,0,55,85,-30
22200,0,19,2,17
22202,0,22,48,-26
22205,0,13,40,-27
22206,0,61,7,54
22207,0,37,80,-43
22208,0,21,44,-23
22209,0,47,11,36
22212,0,14,17,-3
22213,0,52,74,-22
22214,0,13,19,-6
22215,0,15,9,6
22216,0,7,7,0
22217,0,5,12,-7
22218,0,21,3,18
22219,0,44,70,-26
22221,0,11,30,-19
22222,0,7,21,-14
22223,0,20,6,14
22224,0,2,1,1
22225,0,23,29,-6
22226,0,48,61,-13
22227,0,27,43,-16
22233,0,37,6,31
22234,0,4,19,-15
22236,0,34,77,-43
22238,0,13,22,-9
22239,0,23,42,-19
22241,0,10,10,0
22242,0,16,18,-2
22243,0,114,88,26
22245,0,3,14,-11
22247,0,8,5,3
22248,0,43,39,4
22249,0,8,42,-34
22250,0,2,43,-41
22251,0,50,77,-27
22253,0,85,126,-41
22255,0,1,6,-5
22256,0,1,10,-9
22257,0,84,67,17
22258,0,8,7,1
22259,0,29,11,18
22260,0,30,68,-38
22261,0,66,91,-25
22262,0,5,6,-1
22266,0,15,15,0
22269,0,21,55,-34
22270,0,6,55,-49
22271,0,2,13,-11
22272,0,4,17,-13
22273,0,10,32,-22
22274,0,13,35,-22
22276,0,41,9,32
22279,0,3,43,-40
22280,0,70,47,23
22281,0,54,35,19
22287,0,6,18,-12
22289,0,30,13,17
22290,0,59,17,42
22291,0,33,34,-1
22292,0,1,2,-1
22293,0,33,43,-10
22294,0,18,24,-6
22296,0,92,126,-34
22297,0,13,36,-23
22299,0,41,29,12
22300,0,65,14,51
22301,0,6,7,-1
22303,0,63,62,1
22304,0,43,74,-31
22305,0,124,131,-7
22307,0,10,34,-24
22313,0,139,106,33
22316,0,124,86,38
22319,0,21,20,1
22320,0,84,53,31
22321,0,16,76,-60
22322,0,7,16,-9
22323,0,8,23,-15
22324,0,11,4,7
22327,0,53,12,41
22328,0,3,1,2
22330,0,16,11,5
22332,0,38,26,12
22333,0,6,18,-12
22334,0,45,80,-35
22336,0,42,46,-4
22340,0,92,63,29
22341,0,71,44,27
22343,0,7,7,0
22345,0,30,42,-12
22346,0,32,60,-28
22347,0,22,42,-20
22349,0,54,8,46
22351,0,11,31,-20
22353,0,46,11,35
22354,0,56,60,-4
22355,0,37,28,9
22360,0,28,21,7
22362,0,26,0,26
22363,0,106,165,-59
22364,0,62,58,4
22365,0,223,175,48
22366,0,64,72,-8
22367,0,16,13,3
22372,0,21,30,-9
22374,0,165,157,8
22375,0,43,9,34
22377,0,24,63,-39
22378,0,155,119,36
22380,0,3,19,-16
22381,0,7,6,1
22382,0,17,28,-11
22385,0,13,4,9
22388,0,35,56,-21
22389,0,42,68,-26
22390,0,7,16,-9
22398,0,33,79,-46
22399,0,2,23,-21
22403,0,88,108,-20
22405,0,58,34,24
22406,0,8,19,-11
22407,0,17,30,-13
22408,0,4,6,-2
22409,0,26,57,-31
22410,0,36,76,-40
22411,0,21,24,-3
22412,0,238,203,35
22414,0,21,14,7
22415,0,26,69,-43
22417,0,14,28,-14
22419,0,5,30,-25
22420,0,55,29,26
22421,0,13,25,-12
22423,0,67,92,-25
22425,0,23,11,12
22428,0,96,58,38
22429,0,72,34,38
22430,0,22,11,11
22431,0,14,37,-23
22432,0,1,12,-11
22433,0,10,51,-41
22435,0,18,27,-9
22436,0,2,0,2
22438,0,5,27,-22
22439,0,18,17,1
22441,0,88,137,-49
22442,0,14,18,-4
22443,0,30,58,-28
22445,0,21,15,6
22446,0,25,19,6
22447,0,73,25,48
22449,0,10,11,-1
22450,0,50,11,39
22451,0,27,6,21
22452,0,15,21,-6
22454,0,10,10,0
22458,0,7,8,-1
22459,0,89,53,36
22461,0,12,11,1
22464,0,125,100,25
22465,0,21,27,-6
22466,0,42,53,-11
22467,0,17,22,-5
22468,0,20,17,3
22469,0,48,96,-48
22470,0,21,5,16
22471,0,111,114,-3
22478,0,13,40,-27
22479,0,19,21,-2
22480,0,25,56,-31
22481,0,16,23,-7
22482,0,6,18,-12
22484,0,23,64,-41
22487,0,37,54,-17
22488,0,13,46,-33
22491,0,592,575,17
22492,0,134,194,-60
22494,0,13,9,4
22495,0,17,18,-1
22499,0,4,3,1
22501,0,33,29,4
22504,0,4,37,-33
22505,0,44,23,21
22506,0,23,40,-17
22507,0,65,95,-30
22508,0,13,43,-30
22509,0,39,3,36
22510,0,12,16,-4
22512,0,33,19,14
22515,0,15,61,-46
22516,0,55,88,-33
22519,0,18,29,-11
22521,0,31,32,-1
22522,0,3,8,-5
22523,0,74,70,4
22527,0,2,7,-5
22528,0,280,244,36
22529,0,36,82,-46
22530,0,5,50,-45
22531,0,16,6,10
22532,0,114,106,8
22533,0,27,18,9
22535,0,42,25,17
22538,0,63,49,14
22542,0,30,5,25
22543,0,1,12,-11
22544,0,74,88,-14
22545,0,5,7,-2
22549,0,174,146,28
22550,0,55,79,-24
22551,0,167,221,-54
22554,0,10,11,-1
22555,0,8,1,7
22558,0,126,158,-32
22559,0,11,36,-25
22560,0,88,120,-32
22562,0,54,81,-27
22563,0,19,6,13
22564,0,80,122,-42
22565,0,6,34,-28
22566,0,14,21,-7
22567,0,2,35,-33
22568,0,99,81,18
22570,0,13,9,4
22572,0,408,389,19
22573,0,4,0,4
22575,0,2,2,0
22576,0,39,6,33
22577,0,45,59,-14
22578,0,20,55,-35
22581,0,6,20,-14
22582,0,2,17,-15
22583,0,11,13,-2
22587,0,254,215,39
22589,0,165,113,52
22591,0,3,16,-13
22593,0,95,94,1
22599,0,46,35,11
22600,0,55,40,15
22601,0,5,16,-11
22607,0,79,56,23
22608,0,42,35,7
22612,0,16,35,-19
22613,0,39,21,18
22614,0,68,59,9
22615,0,8,12,-4
22616,0,3,17,-14
22617,0,11,49,-38
22621,0,11,25,-14
22622,0,19,22,-3
22625,0,47,31,16
22626,0,13,74,-61
22630,0,5,10,-5
22631,0,4,35,-31
22632,0,15,5,10
22633,0,211,266,-55
22634,0,13,8,5
22635,0,16,4,12
22636,0,1,13,-12
22637,0,29,22,7
22638,0,206,235,-29
22639,0,10,45,-35
22641,0,10,16,-6
22642,0,31,90,-59
22645,0,12,9,3
22646,0,13,4,9
22651,0,7,34,-27
22652,0,165,180,-15
22655,0,5,40,-35
22656,0,118,97,21
22657,0,11,16,-5
22658,0,66,32,34
22660,0,13,17,-4
22662,0,24,50,-26
22663,0,2,56,-54
22664,0,26,16,10
22665,0,45,73,-28
22667,0,19,3,16
22670,0,2,18,-16
22674,0,107,80,27
22675,0,30,20,10
22677,0,12,1,11
22678,0,8,4,4
22682,0,79,52,27
22684,0,54,33,21
22685,0,26,17,9
22686,0,26,45,-19
22687,0,51,40,11
22688,0,33,61,-28
22690,0,34,23,11
22691,0,81,35,46
22692,0,89,126,-37
22693,0,2,5,-3
22694,0,6,56,-50
22695,0,6,22,-16
22697,0,405,392,13
22698,0,50,95,-45
22699,0,12,4,8
22700,0,59,115,-56
22703,0,87,82,5
22704,0,871,849,22
22705,0,11,12,-1
22710,0,19,61,-42
22711,0,119,79,40
22712,0,66,110,-44
22714,0,10,50,-40
22715,0,28,58,-30
22720,0,4,13,-9
22721,0,52,35,17
22723,0,51,79,-28
22724,0,442,433,9
22725,0,16,26,-10
22726,0,2,8,-6
22727,0,211,261,-50
22729,0,2,5,-3
22730,0,60,101,-41
22731,0,37,11,26
22732,0,1,3,-2
22733,0,16,7,9
22735,0,77,28,49
22737,0,85,76,9
22740,0,1,14,-13
22741,0,5,1,4
22742,0,21,20,1
22743,0,10,32,-22
22747,0,21,22,-1
22750,0,44,12,32
22751,0,118,75,43
22752,0,34,51,-17
22755,0,32,27,5
22757,0,193,219,-26
22758,0,13,16,-3
22760,0,54,14,40
22763,0,4,14,-10
22764,0,61,38,23
22767,0,209,178,31
22768,0,5,25,-20
22769,0,71,28,43
22772,0,78,51,27
22773,0,35,23,12
22775,0,1,6,-5
22776,0,3,27,-24
22778,0,12,0,12
22779,0,81,136,-55
22780,0,12,23,-11
22782,0,27,46,-19
22783,0,82,59,23
22786,0,4,13,-9
22787,0,81,70,11
22788,0,73,35,38
22790,0,44,61,-17
22791,0,97,131,-34
22792,0,41,26,15
22793,0,9,16,-7
22794,0,47,24,23
22795,0,13,13,0
22796,0,9,25,-16
22800,0,24,35,-11
22804,0,37,67,-30
22806,0,60,21,39
22807,0,18,22,-4
22809,0,195,182,13
22811,0,61,53,8
22813,0,10,21,-11
22814,0,46,58,-12
22815,0,7,24,-17
22816,0,13,62,-49
22817,0,2,4,-2
22818,0,6,6,0
22819,0,70,47,23
22820,0,6,7,-1
22822,0,27,37,-10
22823,0,12,20,-8
22824,0,8,45,-37
22825,0,45,46,-1
22826,0,62,79,-17
22827,0,45,33,12
22828,0,17,19,-2
22829,0,41,85,-44
22830,0,42,45,-3
22831,0,79,31,48
22832,0,39,79,-40
22838,0,31,80,-49
22839,0,18,2,16
22840,0,162,186,-24
22841,0,51,78,-27
22843,0,29,34,-5
22847,0,57,85,-28
22848,0,9,42,-33
22849,0,73,24,49
22850,0,108,97,11
22851,0,4,14,-10
22854,0,32,78,-46
22855,0,47,80,-33
22858,0,48,68,-20
22861,0,8,20,-12
22863,0,289,259,30
22864,0,3,13,-10
22865,0,5,8,-3
22866,0,16,30,-14
22868,0,4,4,0
22871,0,25,30,-5
22872,0,91,112,-21
22873,0,26,30,-4
22874,0,25,80,-55
22882,0,44,75,-31
22883,0,107,96,11
22884,0,8,38,-30
22885,0,11,48,-37
22886,0,4,21,-17
22888,0,179,225,-46
22889,0,185,191,-6
22891,0,2,3,-1
22892,0,44,102,-58
22893,0,9,28,-19
22894,0,24,23,1
22895,0,33,6,27
22900,0,10,45,-35
22901,0,149,121,28
22903,0,4,4,0
22906,0,2,2,0
22907,0,24,14,10
22908,0,29,39,-10
22910,0,65,111,-46
22911,0,30,25,5
22912,0,10,4,6
22914,0,28,43,-15
22917,0,4,2,2
22918,0,27,13,14
22921,0,8,6,2
22923,0,2,28,-26
22925,0,2,21,-19
22926,0,31,13,18
22928,0,58,10,48
22929,0,26,49,-23
22933,0,39,34,5
22934,0,264,229,35
22936,0,99,65,34
22937,0,8,25,-17
22938,0,21,30,-9
22940,0,2,12,-10
22941,0,3,4,-1
22944,0,1,2,-1
22945,0,42,63,-21
22946,0,18,20,-2
22947,0,42,55,-13
22951,0,1,4,-3
22952,0,17,20,-3
22954,0,9,54,-45
22957,0,49,59,-10
22958,0,30,15,15
22959,0,76,43,33
22960,0,48,48,0
22961,0,50,54,-4
22962,0,23,70,-47
22963,0,21,14,7
22964,0,21,27,-6
22965,0,52,85,-33
22966,0,12,69,-57
22967,0,50,63,-13
22969,0,43,37,6
22970,0,157,179,-22
22972,0,198,250,-52
22973,0,44,21,23
22975,0,8,26,-18
22976,0,78,40,38
22977,0,26,20,6
22978,0,2,6,-4
22980,0,52,92,-40
22982,0,1,12,-11
22983,0,303,267,36
22984,0,77,100,-23
22985,0,30,7,23
22989,0,37,80,-43
22991,0,62,43,19
22992,0,41,57,-16
22994,0,19,40,-21
22995,0,33,8,25
22997,0,86,144,-58
22998,0,25,17,8
23003,0,1,12,-11
23004,0,113,61,52
23005,0,33,40,-7
23006,0,12,11,1
23007,0,57,62,-5
23008,0,241,206,35
23009,0,170,180,-10
23010,0,16,10,6
23011,0,148,191,-43
23012,0,3,2,1
23015,0,29,37,-8
23016,0,41,17,24
23019,0,2,2,0
23020,0,31,83,-52
23021,0,118,161,-43
23022,0,13,15,-2
23023,0,65,34,31
23025,0,2,5,-3
23026,0,141,189,-48
23027,0,115,150,-35
23030,0,39,24,15
23033,0,17,1,16
23037,0,73,36,37
23038,0,249,207,42
23039,0,11,5,6
23040,0,19,16,3
23041,0,58,22,36
23044,0,6,11,-5
23047,0,15,64,-49
23049,0,11,20,-9
23051,0,12,17,-5
23053,0,19,7,12
23056,0,9,4,5
23057,0,51,19,32
23058,0,222,186,36
23060,0,9,17,-8
23062,0,1,23,-22
23063,0,3,15,-12
23064,0,2,5,-3
23067,0,129,188,-59
23072,0,52,57,-5
23074,0,71,30,41
23075,0,30,41,-11
23078,0,25,24,1
23080,0,20,21,-1
23081,0,11,14,-3
23083,0,62,11,51
23085,0,232,265,-33
23087,0,41,34,7
23091,0,8,2,6
23092,0,108,87,21
23093,0,7,23,-16
23094,0,3,11,-8
23095,0,2,11,-9
23099,0,4,4,0
23100,0,38,29,9
23102,0,35,30,5
23104,0,222,223,-1
23105,0,36,8,28
23107,0,24,32,-8
23108,0,52,34,18
23109,0,22,23,-1
23110,0,5,14,-9
23111,0,53,95,-42
23112,0,26,21,5
23116,0,19,1,18
23117,0,62,21,41
23118,0,110,114,-4
23120,0,42,31,11
23121,0,121,168,-47
23125,0,3,47,-44
23127,0,54,75,-21
23128,0,29,79,-50
23131,0,10,15,-5
23132,0,86,138,-52
23134,0,3,21,-18
23137,0,73,56,17
23138,0,29,34,-5
23139,0,25,6,19
23140,0,10,46,-36
23142,0,26,84,-58
23146,0,83,114,-31
23147,0,54,39,15
23149,0,39,31,8
23150,0,12,12,0
23151,0,33,59,-26
23152,0,21,21,0
23155,0,102,58,44
23157,0,101,50,51
23158,0,1,11,-10
23159,0,52,40,12
23162,0,52,17,35
23164,0,5,13,-8
23165,0,54,86,-32
23166,0,165,112,53
23167,0,277,294,-17
23168,0,6,20,-14
23170,0,45,23,22
23171,0,6,59,-53
23173,0,29,52,-23
23175,0,178,149,29
23177,0,27,53,-26
23178,0,47,23,24
23179,0,72,66,6
23180,0,58,44,14
23181,0,52,82,-30
23182,0,6,11,-5
23184,0,41,58,-17
23185,0,103,120,-17
23188,0,3,22,-19
23191,0,42,26,16
23193,0,1,3,-2
23194,0,2,8,-6
23196,0,25,16,9
23197,0,53,54,-1
23198,0,15,8,7
23200,0,15,11,4
23202,0,68,28,40
23203,0,13,20,-7
23204,0,1,2,-1
23205,0,8,16,-8
23206,0,2,2,0
23207,0,8,4,4
23208,0,111,83,28
23209,0,94,71,23
23214,0,3,11,-8
23216,0,26,17,9
23219,0,50,47,3
23220,0,5,21,-16
23221,0,167,195,-28
23222,0,7,23,-16
23223,0,7,53,-46
23225,0,6,10,-4
23226,0,18,10,8
23228,0,26,19,7
23230,0,23,33,-10
23232,0,59,57,2
23235,0,212,168,44
23239,0,176,181,-5
23240,0,1114,1121,-7
23243,0,12,28,-16
23246,0,10,14,-4
23248,0,9,16,-7
23249,0,4,50,-46
23251,0,54,25,29
23252,0,162,191,-29
23254,0,5,3,2
23255,0,195,155,40
23256,0,4,2,2
23258,0,5,46,-41
23259,0,36,10,26
23261,0,24,41,-17
23262,0,1,13,-12
23263,0,32,43,-11
23264,0,101,127,-26
23265,0,123,157,-34
23266,0,144,164,-20
23268,0,5,44,-39
23270,0,20,19,1
23271,0,30,60,-30
23272,0,1445,1474,-29
23273,0,10,10,0
23274,0,8,36,-28
23275,0,11,23,-12
23277,0,29,54,-25
23278,0,170,204,-34
23279,0,50,33,17
23281,0,41,19,22
23282,0,60,49,11
23283,0,18,8,10
23286,0,4,8,-4
23287,0,3,50,-47
23289,0,130,174,-44
23290,0,185,169,16
23291,0,32,69,-37
23292,0,19,32,-13
23293,0,1,7,-6
23294,0,5,19,-14
23297,0,14,23,-9
23298,0,41,30,11
23299,0,11,67,-56
23300,0,8,19,-11
23301,0,50,79,-29
23302,0,35,27,8
23304,0,86,39,47
23305,0,3,15,-12
23307,0,10,35,-25
23309,0,57,53,4
23310,0,23,28,-5
23311,0,5,26,-21
23312,0,3,21,-18
23313,0,4,48,-44
23316,0,87,64,23
23318,0,5,17,-12
23319,0,11,19,-8
23320,0,156,158,-2
23321,0,20,68,-48
23322,0,4,57,-53
23324,0,36,68,-32
23325,0,10,13,-3
23326,0,3,23,-20
23330,0,29,25,4
23331,0,9,4,5
23332,0,1,12,-11
23333,0,7,32,-25
23336,0,8,4,4
23338,0,36,18,18
23339,0,6,1,5
23340,0,56,109,-53
23341,0,1,2,-1
23342,0,61,48,13
23343,0,29,75,-46
23344,0,4,11,-7
23346,0,6,44,-38
23347,0,65,15,50
23348,0,11,4,7
23349,0,2,1,1
23350,0,13,3,10
23354,0,4,9,-5
23356,0,45,87,-42
23357,0,60,15,45
23358,0,25,25,0
23360,0,4,4,0
23361,0,36,32,4
23362,0,70,55,15
23365,0,107,82,25
23366,0,88,125,-37
23368,0,32,53,-21
23369,0,27,4,23
23370,0,25,5,20
23374,0,72,61,11
23375,0,43,13,30
23376,0,33,92,-59
23377,0,18,7,11
23378,0,1,7,-6
23379,0,18,38,-20
23380,0,11,2,9
23383,0,6,16,-10
23386,0,12,49,-37
23391,0,23,26,-3
23392,0,20,44,-24
23395,0,6,46,-40
23396,0,8,42,-34
23397,0,103,107,-4
23399,0,4,11,-7
23400,0,20,37,-17
23401,0,115,139,-24
23405,0,216,230,-14
23406,0,4,1,3
23408,0,21,21,0
23409,0,104,91,13
23412,0,87,61,26
23413,0,27,57,-30
23414,0,4,6,-2
23415,0,6,4,2
23419,0,4,13,-9
23420,0,70,21,49
23423,0,16,71,-55
23425,0,248,196,52
23429,0,15,47,-32
23432,0,8,20,-12
23438,0,98,129,-31
23439,0,36,18,18
23441,0,75,32,43
23443,0,119,138,-19
23444,0,13,22,-9
23445,0,34,11,23
23446,0,32,10,22
23447,0,135,154,-19
23448,0,33,14,19
23449,0,36,50,-14
23452,0,8,18,-10
23453,0,34,59,-25
23454,0,9,4,5
23455,0,51,29,22
23458,0,148,115,33
23459,0,41,59,-18
23460,0,325,347,-22
23462,0,31,16,15
23463,0,71,109,-38
23464,0,2,35,-33
23466,0,173,120,53
23467,0,13,48,-35
23468,0,12,32,-20
23469,0,13,33,-20
23473,0,84,117,-33
23474,0,9,15,-6
23475,0,17,28,-11
23477,0,9,6,3
23479,0,60,72,-12
23480,0,110,151,-41
23481,0,85,106,-21
23482,0,23,13,10
23483,0,12,36,-24
23486,0,27,21,6
23488,0,1,2,-1
23489,0,19,5,14
23491,0,19,26,-7
23493,0,255,238,17
23495,0,7,38,-31
23496,0,55,20,35
23497,0,74,127,-53
23498,0,112,160,-48
23500,0,138,84,54
23502,0,1449,1404,45
23503,0,23,15,8
23504,0,104,153,-49
23506,0,19,8,11
23507,0,9,16,-7
23510,0,28,7,21
23511,0,78,110,-32
23514,0,7,1,6
23515,0,83,133,-50
23518,0,39,88,-49
23520,0,25,14,11
23521,0,64,77,-13
23522,0,1,2,-1
23524,0,12,20,-8
23526,0,127,167,-40
23528,0,17,33,-16
23529,0,28,48,-20
23533,0,31,28,3
23534,0,53,24,29
23535,0,3,20,-17
23538,0,40,6,34
23540,0,4,41,-37
23541,0,5,9,-4
23542,0,40,7,33
23544,0,17,20,-3
23545,0,13,38,-25
23546,0,1,17,-16
23547,0,27,25,2
23549,0,22,19,3
23550,0,36,34,2
23551,0,23,38,-15
23556,0,4,7,-3
23557,0,39,63,-24
23558,0,25,26,-1
23559,0,11,52,-41
23561,0,140,165,-25
23562,0,174,165,9
23564,0,30,74,-44
23568,0,33,28,5
23569,0,3,3,0
23570,0,55,29,26
23571,0,14,3,11
23572,0,13,41,-28
23573,0,64,104,-40
23575,0,41,29,12
23576,0,3,1,2
23577,0,41,41,0
23578,0,18,60,-42
23579,0,63,39,24
23585,0,24,47,-23
23586,0,48,27,21
23587,0,8,6,2
23589,0,11,26,-15
23590,0,17,3,14
23591,0,18,4,14
23592,0,17,65,-48
23596,0,2,25,-23
23597,0,45,30,15
23598,0,7,7,0
23601,0,6,4,2
23603,0,6,9,-3
23607,0,2,11,-9
23609,0,43,44,-1
23610,0,49,85,-36
23611,0,1,8,-7
23616,0,21,22,-1
23617,0,19,28,-9
23620,0,138,90,48
23621,0,66,46,20
23622,0,62,76,-14
23623,0,16,17,-1
23624,0,2435,2444,-9
23625,0,20,40,-20
23626,0,49,47,2
23628,0,9,12,-3
23629,0,35,90,-55
23630,0,28,33,-5
23631,0,71,24,47
23633,0,41,35,6
23635,0,48,38,10
23636,0,22,32,-10
23638,0,317,319,-2
23639,0,2,14,-12
23642,0,6,11,-5
23644,0,92,93,-1
23646,0,16,17,-1
23647,0,68,81,-13
23648,0,17,30,-13
23650,0,79,122,-43
23651,0,8,7,1
23654,0,2,9,-7
23656,0,147,119,28
23657,0,74,22,52
23658,0,61,76,-15
23659,0,14,18,-4
23661,0,27,28,-1
23662,0,42,102,-60
23664,0,4,16,-12
23669,0,151,167,-16
23670,0,70,63,7
23672,0,87,40,47
23673,0,24,78,-54
23674,0,19,3,16
23675,0,39,92,-53
23676,0,11,38,-27
23677,0,11,14,-3
23679,0,57,57,0
23682,0,118,110,8
23685,0,9,9,0
23686,0,24,36,-12
23687,0,100,103,-3
23689,0,7,6,1
23690,0,52,10,42
23694,0,11,52,-41
23695,0,10,8,2
23696,0,10,8,2
23698,0,45,95,-50
23703,0,17,16,1
23704,0,6,13,-7
23706,0,31,66,-35
23708,0,10,12,-2
23709,0,94,144,-50
23710,0,36,63,-27
23711,0,456,501,-45
23713,0,36,49,-13
23714,0,94,81,13
23717,0,36,43,-7
23718,0,1,9,-8
23721,0,86,52,34
23722,0,28,10,18
23723,0,14,6,8
23724,0,105,90,15
23725,0,41,78,-37
23730,0,9,13,-4
23734,0,38,31,7
23736,0,100,102,-2
23739,0,4,2,2
23740,0,22,21,1
23742,0,10,54,-44
23749,0,31,64,-33
23750,0,70,46,24
23751,0,30,62,-32
23752,0,14,3,11
23753,0,2,4,-2
23754,0,7,15,-8
23755,0,13,17,-4
23756,0,14,50,-36
23757,0,21,22,-1
23758,0,54,40,14
23759,0,19,18,1
23760,0,4,2,2
23761,0,42,34,8
23763,0,13,25,-12
23764,0,5,28,-23
23766,0,6,16,-10
23767,0,155,154,1
23768,0,13,33,-20
23770,0,21,37,-16
23771,0,178,149,29
23772,0,26,21,5
23773,0,6,4,2
23776,0,15,29,-14
23777,0,91,94,-3
23779,0,2,4,-2
23781,0,134,81,53
23783,0,36,33,3
23785,0,65,102,-37
23786,0,36,5,31
23788,0,110,170,-60
23789,0,9,3,6
23790,0,62,38,24
23791,0,69,25,44
23794,0,52,20,32
23797,0,55,20,35
23799,0,124,83,41
23800,0,19,52,-33
23801,0,5,38,-33
23802,0,158,127,31
23803,0,1,1,0
23804,0,54,18,36
23806,0,6,21,-15
23807,0,65,114,-49
23809,0,10,64,-54
23810,0,26,22,4
23811,0,4,12,-8
23812,0,82,71,11
23817,0,20,63,-43
23819,0,16,32,-16
23822,0,88,52,36
23823,0,111,69,42
23824,0,4,3,1
23827,0,303,338,-35
23828,0,4,31,-27
23829,0,20,13,7
23831,0,58,94,-36
23832,0,2,7,-5
23833,0,48,81,-33
23836,0,4,11,-7
23838,0,9,2,7
23841,0,14,1,13
23844,0,60,115,-55
23848,0,24,3,21
23849,0,19,9,10
23850,0,1,16,-15
23852,0,128,150,-22
23853,0,73,102,-29
23855,0,107,84,23
23858,0,78,27,51
23859,0,33,14,19
23860,0,123,72,51
23861,0,9,19,-10
23862,0,19,31,-12
23863,0,42,47,-5
23865,0,5,4,1
23866,0,7,9,-2
23868,0,7,5,2
23872,0,5,12,-7
23873,0,68,37,31
23875,0,257,205,52
23876,0,162,175,-13
23878,0,41,3,38
23879,0,75,43,32
23880,0,4,7,-3
23882,0,2,47,-45
23884,0,10,4,6
23885,0,3,3,0
23886,0,5,24,-19
23888,0,29,11,18
23889,0,23,59,-36
23891,0,101,81,20
23893,0,104,98,6
23897,0,224,206,18
23898,0,330,288,42
23899,0,433,450,-17
23901,0,84,68,16
23903,0,6,0,6
23904,0,44,73,-29
23905,0,28,64,-36
23906,0,28,67,-39
23908,0,80,49,31
23909,0,2,0,2
23910,0,258,230,28
23911,0,29,51,-22
23913,0,71,27,44
23914,0,160,119,41
23916,0,25,16,9
23917,0,28,6,22
23918,0,14,35,-21
23921,0,95,67,28
23922,0,12,24,-12
23923,0,38,32,6
23924,0,32,58,-26
23925,0,42,40,2
23926,0,163,146,17
23927,0,70,38,32
23928,0,145,126,19
23930,0,3,25,-22
23932,0,22,25,-3
23934,0,9,11,-2
23936,0,73,35,38
23938,0,25,27,-2
23939,0,18,4,14
23940,0,78,43,35
23942,0,15,35,-20
23943,0,107,66,41
23948,0,5,3,2
23951,0,100,46,54
23952,0,19,70,-51
23955,0,18,16,2
23957,0,17,11,6
23958,0,14,28,-14
23959,0,11,17,-6
23961,0,7,4,3
23965,0,17,49,-32
23969,0,35,15,20
23973,0,41,24,17
23974,0,3,6,-3
23976,0,4,7,-3
23977,0,101,126,-25
23980,0,127,98,29
23981,0,117,66,51
23984,0,1696,1720,-24
23985,0,12,21,-9
23986,0,98,121,-23
23987,0,18,34,-16
23989,0,7,22,-15
23992,0,79,55,24
23993,0,204,202,2
24000,0,19,19,0
24001,0,60,24,36
24003,0,7,33,-26
24005,0,51,56,-5
24006,0,6,35,-29
24007,0,82,78,4
24008,0,27,17,10
24009,0,172,222,-50
24011,0,8,28,-20
24012,0,32,66,-34
24013,0,39,8,31
24014,0,26,19,7
24017,0,18,34,-16
24018,0,17,14,3
24019,0,5,29,-24
24020,0,52,7,45
24021,0,6,5,1
24024,0,52,26,26
24026,0,287,296,-9
24027,0,42,15,27
24029,0,15,68,-53
24030,0,109,58,51
24034,0,44,10,34
24037,0,97,113,-16
24039,0,15,39,-24
24043,0,33,20,13
24048,0,188,183,5
24051,0,17,7,10
24052,0,30,86,-56
24053,0,7,2,5
24054,0,10,13,-3
24059,0,5,44,-39
24060,0,77,30,47
24061,0,17,60,-43
24066,0,59,110,-51
24067,0,39,74,-35
24068,0,41,34,7
24070,0,207,219,-12
24072,0,62,18,44
24074,0,17,28,-11
24076,0,109,160,-51
24078,0,1,21,-20
24080,0,21,60,-39
24081,0,102,95,7
24082,0,155,122,33
24084,0,101,115,-14
24085,0,18,71,-53
24089,0,4,16,-12
24090,0,180,130,50
24091,0,44,9,35
24093,0,52,25,27
24094,0,12,4,8
24095,0,9,21,-12
24096,0,53,24,29
24098,0,33,72,-39
24100,0,47,38,9
24102,0,58,54,4
24104,0,99,94,5
24105,0,13,14,-1
24106,0,22,26,-4
24108,0,1,8,-7
24109,0,3,11,-8
24111,0,7,47,-40
24112,0,17,4,13
24113,0,13,11,2
24114,0,54,78,-24
24117,0,29,62,-33
24118,0,50,71,-21
24119,0,7,14,-7
24120,0,6,12,-6
24126,0,89,105,-16
24127,0,99,150,-51
24129,0,15,6,9
24130,0,2,11,-9
24131,0,15,20,-5
24132,0,271,280,-9
24133,0,9,33,-24
24135,0,15,25,-10
24140,0,46,27,19
24142,0,35,13,22
24143,0,21,21,0
24145,0,2,8,-6
24148,0,25,19,6
24151,0,18,29,-11
24154,0,12,18,-6
24156,0,39,74,-35
24160,0,25,27,-2
24161,0,75,45,30
24162,0,146,143,3
24163,0,78,64,14
24164,0,39,1,38
24166,0,81,115,-34
24169,0,2,4,-2
24170,0,1,3,-2
24173,0,3,10,-7
24177,0,9,21,-12
24179,0,15,23,-8
24180,0,823,783,40
24181,0,37,25,12
24182,0,49,49,0
24183,0,76,108,-32
24184,0,42,33,9
24185,0,12,40,-28
24186,0,3,31,-28
24187,0,268,274,-6
24188,0,3,18,-15
24189,0,71,43,28
24190,0,47,35,12
24194,0,21,29,-8
24195,0,10,34,-24
24199,0,14,17,-3
24200,0,38,9,29
24201,0,81,85,-4
24202,0,3,5,-2
24204,0,13,15,-2
24206,0,14,21,-7
24207,0,18,46,-28
24209,0,10,16,-6
24211,0,306,262,44
24212,0,1,7,-6
24213,0,2,38,-36
24214,0,25,6,19
24216,0,27,21,6
24217,0,23,14,9
24218,0,27,72,-45
24220,0,20,55,-35
24223,0,26,38,-12
24227,0,4,22,-18
24229,0,15,48,-33
24232,0,208,258,-50
24233,0,33,35,-2
24236,0,99,77,22
24238,0,13,42,-29
24239,0,7,21,-14
24240,0,110,97,13
24242,0,6,8,-2
24243,0,355,416,-61
24247,0,31,75,-44
24248,0,3,25,-22
24249,0,31,27,4
24250,0,65,16,49
24251,0,31,12,19
24252,0,3,12,-9
24254,0,2,0,2
24255,0,10,10,0
24256,0,4,10,-6
24259,0,26,9,17
24260,0,115,126,-11
24261,0,12,12,0
24262,0,2,11,-9
24264,0,2,4,-2
24268,0,43,24,19
24270,0,7,15,-8
24271,0,2,28,-26
24272,0,9,22,-13
24274,0,207,265,-58
24276,0,33,52,-19
24281,0,32,43,-11
24282,0,6,8,-2
24284,0,9,6,3
24286,0,8,4,4
24287,0,27,24,3
24289,0,1,6,-5
24291,0,23,21,2
24292,0,29,55,-26
24293,0,26,31,-5
24295,0,29,33,-4
24296,0,3,17,-14
24297,0,21,68,-47
24299,0,68,16,52
24301,0,121,93,28
24302,0,38,25,13
24303,0,24,17,7
24304,0,8,19,-11
24306,0,102,79,23
24307,0,88,87,1
24309,0,47,58,-11
24310,0,42,47,-5
24311,0,94,53,41
24312,0,16,44,-28
24313,0,2,12,-10
24314,0,14,12,2
24315,0,13,14,-1
24316,0,124,90,34
24318,0,28,11,17
24320,0,106,83,23
24321,0,64,59,5
24322,0,29,35,-6
24324,0,42,20,22
24325,0,31,21,10
24326,0,44,19,25
24329,0,54,54,0
24330,0,2,12,-10
24331,0,20,20,0
24333,0,12,16,-4
24335,0,65,11,54
24336,0,12,19,-7
24337,0,25,28,-3
24338,0,48,86,-38
24340,0,5,9,-4
24342,0,127,143,-16
24345,0,5,5,0
24348,0,9,57,-48
24349,0,34,63,-29
24352,0,55,35,20
24353,0,27,79,-52
24355,0,15,12,3
24357,0,13,3,10
24359,0,545,597,-52
24360,0,9,24,-15
24363,0,14,9,5
24367,0,31,2,29
24369,0,43,47,-4
24373,0,1,1,0
24375,0,15,3,12
24376,0,4,25,-21
24377,0,112,133,-21
24378,0,10,28,-18
24379,0,11,35,-24
24381,0,39,37,2
24382,0,69,21,48
24383,0,44,27,17
24384,0,647,615,32
24385,0,48,44,4
24387,0,35,8,27
24388,0,40,84,-44
24389,0,52,18,34
24390,0,8,21,-13
24391,0,196,223,-27
24392,0,27,27,0
24393,0,39,45,-6
24394,0,32,32,0
24397,0,146,153,-7
24398,0,362,349,13
24400,0,12,16,-4
24403,0,20,42,-22
24404,0,2,3,-1
24410,0,60,26,34
24412,0,193,238,-45
24413,0,25,27,-2
24414,0,332,391,-59
24416,0,30,53,-23
24419,0,15,12,3
24422,0,36,21,15
24426,0,124,93,31
24430,0,8,45,-37
24433,0,1,9,-8
24434,0,55,23,32
24435,0,38,14,24
24440,0,14,31,-17
24441,0,2,3,-1
24443,0,122,165,-43
24445,0,33,80,-47
24446,0,456,497,-41
24449,0,74,31,43
24450,0,23,28,-5
24455,0,13,8,5
24456,0,11,40,-29
24457,0,375,354,21
24458,0,85,130,-45
24460,0,41,6,35
24462,0,47,20,27
24463,0,37,26,11
24464,0,36,64,-28
24466,0,15,17,-2
24472,0,5,1,4
24473,0,24,10,14
24474,0,20,27,-7
24475,0,4,25,-21
24478,0,18,78,-60
24479,0,97,54,43
24480,0,51,64,-13
24481,0,183,130,53
24482,0,33,13,20
24483,0,119,82,37
24484,0,119,119,0
24485,0,6,42,-36
24486,0,80,105,-25
24488,0,33,31,2
24491,0,36,31,5
24492,0,6,2,4
24493,0,150,169,-19
24495,0,63,59,4
24499,0,48,53,-5
24500,0,29,21,8
24501,0,14,22,-8
24502,0,34,50,-16
24503,0,24,23,1
24506,0,24,8,16
24507,0,50,79,-29
24512,0,29,2,27
24513,0,181,144,37
24514,0,14,37,-23
24515,0,47,22,25
24516,0,7,25,-18
24517,0,58,51,7
24518,0,30,43,-13
24520,0,2,5,-3
24521,0,25,21,4
24522,0,20,51,-31
24524,0,8,47,-39
24526,0,97,69,28
24527,0,94,58,36
24530,0,12,9,3
24534,0,88,128,-40
24535,0,39,10,29
24536,0,17,29,-12
24538,0,8,1,7
24540,0,35,49,-14
24542,0,5,3,2
24544,0,33,31,2
24547,0,3,7,-4
24548,0,5,3,2
24551,0,5,1,4
24556,0,77,43,34
24558,0,15,7,8
24559,0,20,77,-57
24561,0,76,66,10
24563,0,18,15,3
24566,0,35,37,-2
24568,0,21,31,-10
24570,0,85,89,-4
24571,0,27,18,9
24572,0,123,85,38
24573,0,19,8,11
24574,0,4,49,-45
24576,0,42,32,10
24578,0,5,28,-23
24579,0,4,16,-12
24580,0,29,71,-42
24581,0,8,40,-32
24582,0,7,30,-23
24583,0,21,45,-24
24586,0,33,13,20
24588,0,12,40,-28
24592,0,3,22,-19
24593,0,31,41,-10
24596,0,28,33,-5
24597,0,14,14,0
24598,0,17,35,-18
24600,0,30,27,3
24602,0,152,185,-33
24605,0,48,5,43
24606,0,82,128,-46
24609,0,37,23,14
24610,0,11,20,-9
24611,0,1,18,-17
24613,0,8,6,2
24614,0,41,32,9
24616,0,7,22,-15
24617,0,38,62,-24
24622,0,6,20,-14
24624,0,14,24,-10
24626,0,22,15,7
24627,0,45,52,-7
24628,0,47,75,-28
24631,0,55,7,48
24632,0,10,20,-10
24634,0,18,14,4
24637,0,72,33,39
24639,0,4,16,-12
24640,0,40,6,34
24641,0,7,1,6
24642,0,28,49,-21
24644,0,2,4,-2
24645,0,185,182,3
24646,0,51,25,26
24647,0,17,35,-18
24648,0,68,34,34
24651,0,124,128,-4
24653,0,14,27,-13
24657,0,77,30,47
24658,0,5,6,-1
24659,0,6,20,-14
24660,0,95,89,6
24661,0,39,40,-1
24663,0,38,47,-9
24665,0,3,17,-14
24666,0,3,15,-12
24667,0,3,5,-2
24674,0,3,4,-1
24675,0,38,63,-25
24680,0,29,35,-6
24681,0,12,33,-21
24682,0,15,4,11
24684,0,16,17,-1
24685,0,106,160,-54
24687,0,28,18,10
24688,0,94,53,41
24689,0,112,135,-23
24690,0,99,88,11
24692,0,16,43,-27
24693,0,23,20,3
24694,0,47,73,-26
24696,0,9,5,4
24697,0,9,18,-9
24698,0,35,61,-26
24699,0,89,54,35
24702,0,24,45,-21
24703,0,6,25,-19
24704,0,47,35,12
24707,0,62,21,41
24711,0,26,26,0
24712,0,73,77,-4
24714,0,1,34,-33
24715,0,90,60,30
24717,0,74,38,36
24721,0,23,61,-38
24722,0,1,13,-12
24725,0,3,14,-11
24727,0,18,27,-9
24728,0,14,2,12
24731,0,5,3,2
24732,0,9,5,4
24734,0,21,78,-57
24737,0,7,21,-14
24740,0,34,44,-10
24741,0,213,173,40
24742,0,33,58,-25
24743,0,18,75,-57
24744,0,19,17,2
24745,0,63,78,-15
24746,0,10,13,-3
24747,0,22,8,14
24750,0,2,15,-13
24752,0,25,13,12
24756,0,60,85,-25
24758,0,6,10,-4
24759,0,74,38,36
24760,0,8,35,-27
24761,0,25,41,-16
24762,0,90,83,7
24763,0,25,67,-42
24766,0,21,24,-3
24767,0,9,7,2
24768,0,24,19,5
24769,0,5,15,-10
24771,0,11,18,-7
24776,0,37,65,-28
24777,0,32,38,-6
24778,0,5,4,1
24779,0,55,10,45
24781,0,1,39,-38
24784,0,16,28,-12
24785,0,5,2,3
24786,0,3,38,-35
24790,0,23,9,14
24791,0,34,55,-21
24793,0,1,4,-3
24794,0,445,501,-56
24796,0,31,49,-18
24798,0,17,39,-22
24802,0,93,68,25
24805,0,18,8,10
24806,0,63,63,0
24809,0,3,20,-17
24810,0,64,52,12
24811,0,2,54,-52
24814,0,557,512,45
24815,0,21,29,-8
24816,0,335,283,52
24817,0,9,20,-11
24823,0,46,78,-32
24824,0,24,23,1
24827,0,11,10,1
24829,0,204,169,35
24831,0,11,21,-10
24832,0,49,87,-38
24833,0,18,19,-1
24835,0,32,1,31
24836,0,5,7,-2
24837,0,2,8,-6
24839,0,83,53,30
24840,0,23,65,-42
24845,0,1,50,-49
24846,0,4,13,-9
24848,0,84,81,3
24851,0,35,60,-25
24854,0,5,10,-5
24855,0,39,27,12
24857,0,38,77,-39
24858,0,33,34,-1
24860,0,3,24,-21
24861,0,28,43,-15
24863,0,5,23,-18
24867,0,4,35,-31
24876,0,223,197,26
24877,0,341,317,24
24879,0,137,110,27
24880,0,39,45,-6
24884,0,50,78,-28
24887,0,2,7,-5
24888,0,9,31,-22
24891,0,11,16,-5
24892,0,13,33,-20
24894,0,19,17,2
24897,0,35,11,24
24901,0,27,86,-59
24904,0,48,19,29
24907,0,1,2,-1
24908,0,3,60,-57
24909,0,4,17,-13
24910,0,7,13,-6
24911,0,12,47,-35
24912,0,1,4,-3
24913,0,3,7,-4
24916,0,2,2,0
24917,0,45,2,43
24919,0,12,4,8
24920,0,12,40,-28
24921,0,30,52,-22
24924,0,49,101,-52
24925,0,26,65,-39
24926,0,15,19,-4
24927,0,1,7,-6
24929,0,19,47,-28
24931,0,70,130,-60
24933,0,267,299,-32
24934,0,12,46,-34
24935,0,30,22,8
24937,0,9,26,-17
24938,0,90,40,50
24939,0,10,6,4
24940,0,20,24,-4
24941,0,100,46,54
24942,0,4,26,-22
24944,0,62,57,5
24945,0,56,34,22
24948,0,93,57,36
24949,0,11,5,6
24950,0,13,34,-21
24951,0,10,17,-7
24952,0,16,9,7
24954,0,17,41,-24
24955,0,157,195,-38
24956,0,2,10,-8
24957,0,8,37,-29
24958,0,46,45,1
24959,0,51,55,-4
24960,0,49,87,-38
24961,0,22,73,-51
24963,0,35,33,2
24965,0,17,8,9
24966,0,20,24,-4
24968,0,7,16,-9
24969,0,161,112,49
24971,0,31,22,9
24972,0,38,17,21
24973,0,45,35,10
24974,0,10,7,3
24976,0,61,26,35
24977,0,2,9,-7
24978,0,9,4,5
24979,0,2,2,0
24981,0,79,47,32
24983,0,246,248,-2
24985,0,98,56,42
24987,0,55,114,-59
24988,0,47,75,-28
24989,0,24,11,13
24990,0,8,8,0
24992,0,18,7,11
24994,0,23,11,12
24996,0,22,12,10
24998,0,4,18,-14
24999,0,20,55,-35
25001,0,22,65,-43
25003,0,46,39,7
25004,0,65,52,13
25006,0,5,5,0
25007,0,29,2,27
25008,0,130,90,40
25009,0,6,24,-18
25010,0,94,128,-34
25011,0,17,52,-35
25012,0,2,22,-20
25014,0,8,7,1
25015,0,17,20,-3
25016,0,5,11,-6
25018,0,117,158,-41
25019,0,8,2,6
25020,0,11,10,1
25022,0,5,10,-5
25026,0,5,4,1
25030,0,32,59,-27
25032,0,81,41,40
25035,0,16,3,13
25036,0,1,40,-39
25038,0,15,27,-12
25040,0,12,7,5
25041,0,10,15,-5
25042,0,11,16,-5
25043,0,38,59,-21
25045,0,618,616,2
25046,0,9,9,0
25050,0,157,160,-3
25051,0,13,22,-9
25053,0,21,16,5
25054,0,12,5,7
25057,0,68,84,-16
25059,0,14,18,-4
25063,0,18,1,17
25064,0,1,0,1
25066,0,195,199,-4
25067,0,5,5,0
25068,0,16,28,-12
25069,0,27,11,16
25070,0,43,40,3
25072,0,6,34,-28
25074,0,455,431,24
25076,0,57,35,22
25077,0,39,33,6
25079,0,8,7,1
25081,0,4,9,-5
25082,0,13,21,-8
25083,0,70,29,41
25086,0,20,18,2
25087,0,16,5,11
25088,0,13,63,-50
25089,0,238,246,-8
25090,0,210,209,1
25092,0,30,78,-48
25093,0,73,117,-44
25097,0,9,1,8
25099,0,2,2,0
25100,0,60,72,-12
25101,0,2,17,-15
25104,0,22,8,14
25112,0,92,146,-54
25115,0,36,67,-31
25116,0,36,68,-32
25118,0,44,13,31
25120,0,53,39,14
25126,0,26,6,20
25127,0,13,1,12
25128,0,40,56,-16
25130,0,33,51,-18
25131,0,6,25,-19
25133,0,20,58,-38
25136,0,40,1,39
25139,0,45,74,-29
25140,0,54,31,23
25141,0,5,23,-18
25142,0,22,30,-8
25143,0,38,16,22
25144,0,26,49,-23
25149,0,3,10,-7
25151,0,33,44,-11
25153,0,30,43,-13
25154,0,23,38,-15
25157,0,8,40,-32
25158,0,85,61,24
25161,0,621,660,-39
25162,0,18,22,-4
25163,0,26,35,-9
25164,0,73,26,47
25167,0,31,1,30
25170,0,360,364,-4
25171,0,2,9,-7
25172,0,52,104,-52
25175,0,30,12,18
25177,0,10,7,3
25178,0,6,27,-21
25179,0,47,65,-18
25181,0,14,14,0
25182,0,1,14,-13
25183,0,50,39,11
25185,0,63,28,35
25187,0,11,22,-11
25188,0,52,48,4
25189,0,37,26,11
25190,0,11,2,9
25191,0,30,35,-5
25193,0,62,98,-36
25194,0,128,152,-24
25196,0,15,25,-10
25197,0,6,9,-3
25198,0,5,16,-11
25199,0,7,21,-14
25200,0,23,5,18
25201,0,3,42,-39
25202,0,23,9,14
25204,0,952,913,39
25206,0,101,84,17
25209,0,27,28,-1
25213,0,26,25,1
25218,0,16,16,0
25220,0,18,19,-1
25221,0,1,8,-7
25225,0,40,42,-2
25226,0,265,304,-39
25229,0,14,19,-5
25230,0,64,80,-16
25233,0,91,65,26
25235,0,6,5,1
25237,0,22,48,-26
25242,0,6,15,-9
25245,0,5,12,-7
25247,0,74,108,-34
25250,0,28,78,-50
25254,0,2,1,1
25255,0,4,19,-15
25256,0,104,80,24
25260,0,12,6,6
25261,0,171,232,-61
25262,0,6,16,-10
25265,0,37,31,6
25266,0,73,44,29
25267,0,98,46,52
25268,0,40,63,-23
25272,0,58,70,-12
25273,0,16,32,-16
25274,0,12,14,-2
25276,0,92,58,34
25279,0,284,329,-45
25280,0,11,30,-19
25281,0,53,20,33
25283,0,39,62,-23
25284,0,3,3,0
25285,0,3,6,-3
25286,0,13,24,-11
25288,0,2,18,-16
25292,0,82,32,50
25293,0,6,11,-5
25294,0,25,38,-13
25297,0,15,22,-7
25300,0,2,5,-3
25302,0,99,80,19
25303,0,25,0,25
25305,0,63,26,37
25308,0,235,244,-9
25309,0,397,398,-1
25311,0,2,8,-6
25312,0,92,95,-3
25317,0,47,25,22
25318,0,76,137,-61
25319,0,44,16,28
25320,0,147,176,-29
25323,0,25,82,-57
25326,0,230,229,1
25329,0,4,7,-3
25330,0,25,14,11
25331,0,8,28,-20
25333,0,14,11,3
25335,0,4,2,2
25336,0,74,63,11
25341,0,5,27,-22
25343,0,61,106,-45
25345,0,18,38,-20
25346,0,45,95,-50
25349,0,19,20,-1
25350,0,33,32,1
25354,0,38,27,11
25355,0,19,45,-26
25360,0,54,10,44
25364,0,21,48,-27
25365,0,52,9,43
25366,0,66,50,16
25367,0,29,25,4
25368,0,43,72,-29
25369,0,23,30,-7
25370,0,11,42,-31
25371,0,14,1,13
25372,0,6,2,4
25373,0,21,56,-35
25374,0,74,30,44
25375,0,56,13,43
25381,0,72,65,7
25383,0,1,26,-25
25385,0,12,11,1
25386,0,145,118,27
25387,0,25,50,-25
25388,0,125,181,-56
25392,0,1,1,0
25396,0,8,34,-26
25397,0,19,44,-25
25399,0,27,30,-3
25400,0,551,557,-6
25403,0,14,21,-7
25404,0,43,62,-19
25406,0,6,9,-3
25407,0,10,32,-22
25408,0,185,159,26
25409,0,4,16,-12
25411,0,11,36,-25
25412,0,41,35,6
25414,0,11,21,-10
25415,0,92,83,9
25416,0,71,58,13
25417,0,33,12,21
25418,0,39,37,2
25419,0,20,19,1
25420,0,13,14,-1
25421,0,1,1,0
25422,0,1,2,-1
25427,0,12,24,-12
25429,0,11,3,8
25430,0,78,29,49
25431,0,1633,1590,43
25432,0,328,320,8
25434,0,3,16,-13
25435,0,75,35,40
25436,0,71,70,1
25438,0,9,18,-9
25442,0,18,37,-19
25443,0,41,40,1
25444,0,48,69,-21
25445,0,26,39,-13
25446,0,32,36,-4
25447,0,27,73,-46
25448,0,29,11,18
25449,0,351,319,32
25451,0,102,139,-37
25452,0,8,16,-8
25453,0,10,29,-19
25454,0,42,99,-57
25456,0,5,50,-45
25458,0,244,261,-17
25459,0,24,11,13
25460,0,21,8,13
25461,0,49,48,1
25463,0,32,22,10
25464,0,3,14,-11
25466,0,26,13,13
25468,0,6,12,-6
25469,0,46,59,-13
25471,0,50,44,6
25473,0,12,24,-12
25474,0,52,30,22
25478,0,66,50,16
25480,0,20,27,-7
25481,0,12,32,-20
25482,0,443,439,4
25490,0,2,1,1
25492,0,7,5,2
25495,0,67,68,-1
25496,0,43,89,-46
25499,0,67,96,-29
25500,0,13,20,-7
25501,0,5,6,-1
25502,0,6,17,-11
25505,0,6,3,3
25506,0,10,31,-21
25510,0,49,73,-24
25514,0,11,17,-6
25515,0,31,34,-3
25520,0,4,25,-21
25521,0,38,93,-55
25522,0,1,46,-45
25523,0,58,23,35
25525,0,3,5,-2
25526,0,7,1,6
25527,0,52,35,17
25529,0,7,6,1
25531,0,34,18,16
25532,0,6,1,5
25536,0,17,11,6
25537,0,118,92,26
25538,0,7,4,3
25540,0,14,14,0
25541,0,9,12,-3
25542,0,41,93,-52
25544,0,64,114,-50
25545,0,12,13,-1
25546,0,143,149,-6
25547,0,107,81,26
25549,0,9,22,-13
25551,0,14,7,7
25553,0,46,18,28
25554,0,35,35,0
25557,0,59,30,29
25558,0,50,59,-9
25559,0,1,3,-2
25560,0,9,23,-14
25562,0,77,55,22
25563,0,27,50,-23
25564,0,61,66,-5
25565,0,54,15,39
25566,0,2,9,-7
25567,0,98,138,-40
25568,0,100,60,40
25570,0,9,2,7
25572,0,19,20,-1
25574,0,42,41,1
25576,0,19,61,-42
25577,0,102,57,45
25578,0,20,18,2
25581,0,14,51,-37
25583,0,7,24,-17
25585,0,20,62,-42
25586,0,6,14,-8
25588,0,35,22,13
25591,0,5,20,-15
25594,0,14,7,7
25595,0,29,62,-33
25598,0,9,15,-6
25602,0,48,32,16
25603,0,59,56,3
25604,0,1,9,-8
25607,0,3,7,-4
25608,0,46,42,4
25610,0,95,108,-13
25612,0,54,64,-10
25614,0,98,58,40
25616,0,5,27,-22
25617,0,8,20,-12
25618,0,22,26,-4
25620,0,35,22,13
25623,0,22,49,-27
25624,0,1172,1152,20
25625,0,18,10,8
25626,0,7,1,6
25627,0,58,32,26
25628,0,108,128,-20
25629,0,16,19,-3
25630,0,8,11,-3
25631,0,38,17,21
25632,0,237,273,-36
25634,0,2,6,-4
25635,0,6,29,-23
25636,0,3,26,-23
25639,0,72,33,39
25640,0,13,49,-36
25642,0,22,29,-7
25645,0,31,38,-7
25646,0,16,22,-6
25647,0,13,68,-55
25648,0,2,8,-6
25652,0,133,92,41
25654,0,63,55,8
25655,0,53,66,-13
25656,0,110,74,36
25657,0,121,139,-18
25662,0,14,16,-2
25663,0,1,15,-14
25667,0,36,96,-60
25668,0,55,63,-8
25669,0,23,41,-18
25673,0,10,23,-13
25677,0,3,24,-21
25678,0,3,6,-3
25679,0,5,9,-4
25681,0,5,1,4
25682,0,56,64,-8
25683,0,14,48,-34
25685,0,79,59,20
25686,0,57,27,30
25688,0,13,24,-11
25689,0,224,245,-21
25691,0,28,59,-31
25692,0,43,39,4
25694,0,188,172,16
25695,0,19,37,-18
25696,0,38,13,25
25699,0,26,73,-47
25700,0,28,29,-1
25702,0,24,14,10
25708,0,3,44,-41
25709,0,3,16,-13
25710,0,22,25,-3
25711,0,35,16,19
25713,0,20,29,-9
25714,0,22,30,-8
25717,0,5,14,-9
25718,0,32,27,5
25719,0,24,4,20
25721,0,6,15,-9
25722,0,36,28,8
25723,0,174,121,53
25725,0,13,17,-4
25726,0,556,573,-17
25727,0,39,30,9
25729,0,14,15,-1
25731,0,5,4,1
25733,0,2,6,-4
25734,0,47,33,14
25737,0,88,55,33
25739,0,31,24,7
25741,0,6,59,-53
25742,0,15,12,3
25745,0,25,36,-11
25746,0,53,73,-20
25750,0,12,19,-7
25752,0,20,35,-15
25753,0,52,2,50
25756,0,15,57,-42
25758,0,9,20,-11
25761,0,15,25,-10
25762,0,2,11,-9
25763,0,6,9,-3
25764,0,3,10,-7
25765,0,120,131,-11
25766,0,17,32,-15
25767,0,96,66,30
25768,0,48,99,-51
25770,0,40,89,-49
25774,0,4,13,-9
25776,0,653,689,-36
25783,0,22,10,12
25788,0,42,80,-38
25789,0,28,12,16
25790,0,47,40,7
25791,0,15,43,-28
25792,0,14,26,-12
25794,0,234,247,-13
25795,0,1,1,0
25796,0,5,2,3
25799,0,12,14,-2
25800,0,61,58,3
25803,0,3,8,-5
25804,0,18,4,14
25805,0,26,29,-3
25807,0,11,65,-54
25808,0,52,56,-4
25810,0,44,61,-17
25811,0,6,27,-21
25812,0,23,79,-56
25813,0,11,31,-20
25814,0,52,70,-18
25815,0,84,105,-21
25816,0,40,6,34
25817,0,14,26,-12
25818,0,30,89,-59
25820,0,9,22,-13
25821,0,25,2,23
25823,0,14,8,6
25824,0,296,271,25
25828,0,37,56,-19
25831,0,83,45,38
25832,0,10,39,-29
25833,0,23,18,5
25834,0,6,11,-5
25836,0,40,49,-9
25837,0,66,54,12
25838,0,13,14,-1
25840,0,9,12,-3
25841,0,24,66,-42
25842,0,15,19,-4
25843,0,168,164,4
25844,0,113,70,43
25845,0,44,70,-26
25846,0,14,7,7
25847,0,135,130,5
25850,0,11,27,-16
25851,0,37,29,8
25852,0,7,10,-3
25853,0,481,439,42
25856,0,1,7,-6
25857,0,38,37,1
25858,0,18,9,9
25861,0,18,4,14
25862,0,29,17,12
25863,0,3,0,3
25864,0,8,17,-9
25866,0,9,35,-26
25867,0,47,79,-32
25868,0,6,33,-27
25869,0,113,145,-32
25870,0,6,13,-7
25872,0,7,11,-4
25873,0,31,20,11
25874,0,7,48,-41
25875,0,12,23,-11
25876,0,7,23,-16
25878,0,25,12,13
25881,0,29,48,-19
25882,0,25,22,3
25885,0,64,28,36
25889,0,4,13,-9
25891,0,7,26,-19
25892,0,65,63,2
25895,0,7,5,2
25896,0,10,20,-10
25899,0,78,52,26
25901,0,12,64,-52
25902,0,15,10,5
25904,0,114,105,9
25905,0,60,82,-22
25906,0,1,6,-5
25907,0,46,19,27
25909,0,43,53,-10
25910,0,77,58,19
25913,0,67,38,29
25914,0,32,20,12
25915,0,98,95,3
25916,0,5,8,-3
25917,0,10,11,-1
25918,0,59,51,8
25919,0,21,21,0
25920,0,59,100,-41
25923,0,30,3,27
25924,0,26,23,3
25926,0,1,3,-2
25927,0,9,6,3
25930,0,46,42,4
25931,0,8,64,-56
25932,0,105,152,-47
25933,0,19,14,5
25934,0,111,140,-29
25936,0,4,6,-2
25937,0,2,35,-33
25941,0,24,36,-12
25945,0,8,22,-14
25953,0,198,215,-17
25955,0,11,57,-46
25956,0,22,20,2
25957,0,33,6,27
25958,0,53,60,-7
25959,0,17,15,2
25960,0,28,14,14
25964,0,9,15,-6
25965,0,5,3,2
25966,0,17,17,0
25967,0,14,6,8
25968,0,3,4,-1
25969,0,13,12,1
25970,0,5,24,-19
25971,0,42,14,28
25974,0,3,15,-12
25978,0,6,18,-12
25979,0,82,119,-37
25980,0,2,18,-16
25981,0,21,17,4
25982,0,100,84,16
25985,0,32,11,21
25988,0,18,20,-2
25989,0,1,10,-9
25990,0,8,13,-5
25991,0,37,89,-52
25993,0,31,30,1
25994,0,9,63,-54
25996,0,53,45,8
25997,0,5,12,-7
26000,0,31,42,-11
26003,0,92,99,-7
26004,0,34,31,3
26005,0,14,34,-20
26006,0,12,46,-34
26007,0,96,101,-5
26008,0,44,62,-18
26009,0,21,13,8
26010,0,2,11,-9
26011,0,17,27,-10
26012,0,3,19,-16
26013,0,108,133,-25
26014,0,58,27,31
26016,0,12,6,6
26018,0,52,4,48
26019,0,23,75,-52
26020,0,31,20,11
26021,0,619,623,-4
26022,0,10,8,2
26023,0,60,35,25
26025,0,112,103,9
26026,0,6,2,4
26027,0,1,19,-18
26030,0,7,36,-29
26031,0,9,5,4
26033,0,50,6,44
26034,0,4,2,2
26035,0,17,4,13
26037,0,7,9,-2
26040,0,121,182,-61
26041,0,10,4,6
26045,0,31,87,-56
26047,0,9,31,-22
26048,0,42,89,-47
26049,0,54,53,1
26050,0,2,4,-2
26052,0,26,15,11
26053,0,30,8,22
26054,0,36,69,-33
26056,0,3,9,-6
26058,0,38,7,31
26063,0,18,6,12
26065,0,85,145,-60
26066,0,156,206,-50
26068,0,4,3,1
26069,0,10,61,-51
26073,0,2,14,-12
26074,0,35,27,8
26075,0,42,12,30
26076,0,22,5,17
26077,0,6,10,-4
26078,0,46,43,3
26079,0,427,436,-9
26080,0,80,90,-10
26081,0,113,80,33
26083,0,36,7,29
26084,0,14,13,1
26086,0,46,90,-44
26088,0,40,14,26
26090,0,27,39,-12
26092,0,308,357,-49
26093,0,8,8,0
26094,0,294,326,-32
26095,0,1,9,-8
26096,0,16,13,3
26097,0,107,135,-28
26098,0,59,23,36
26100,0,24,25,-1
26101,0,14,17,-3
26102,0,9,25,-16
26105,0,29,13,16
26108,0,1,15,-14
26109,0,35,20,15
26115,0,51,58,-7
26116,0,24,41,-17
26117,0,7,5,2
26119,0,15,23,-8
26123,0,8,22,-14
26125,0,7,9,-2
26127,0,49,46,3
26128,0,3,7,-4
26130,0,10,46,-36
26133,0,35,37,-2
26140,0,46,12,34
26141,0,298,306,-8
26142,0,7,9,-2
26144,0,10,23,-13
26145,0,161,214,-53
26146,0,39,56,-17
26148,0,214,264,-50
26150,0,25,63,-38
26152,0,48,17,31
26153,0,49,109,-60
26154,0,8,24,-16
26156,0,108,159,-51
26158,0,15,3,12
26159,0,33,94,-61
26160,0,17,64,-47
26161,0,3,22,-19
26162,0,4,37,-33
26164,0,81,65,16
26165,0,75,105,-30
26167,0,45,42,3
26169,0,28,28,0
26170,0,33,57,-24
26171,0,52,36,16
26172,0,21,34,-13
26173,0,9,21,-12
26174,0,77,91,-14
26175,0,7,1,6
26177,0,4,30,-26
26178,0,58,14,44
26179,0,50,33,17
26180,0,5,9,-4
26182,0,14,1,13
26184,0,55,52,3
26185,0,34,10,24
26186,0,29,43,-14
26188,0,24,16,8
26189,0,66,92,-26
26191,0,29,11,18
26192,0,36,57,-21
26194,0,10,27,-17
26195,0,24,15,9
26196,0,31,65,-34
26197,0,2,3,-1
26199,0,33,45,-12
26200,0,45,70,-25
26201,0,3,9,-6
26203,0,6,44,-38
26205,0,5,10,-5
26208,0,3,5,-2
26212,0,11,4,7
26213,0,16,13,3
26214,0,105,64,41
26215,0,5,25,-20
26219,0,7,47,-40
26224,0,270,273,-3
26225,0,6,27,-21
26226,0,42,10,32
26227,0,1,11,-10
26228,0,166,162,4
26229,0,73,26,47
26231,0,18,53,-35
26232,0,8,31,-23
26234,0,10,50,-40
26237,0,11,27,-16
26238,0,13,1,12
26239,0,5,5,0
26242,0,9,8,1
26243,0,14,67,-53
26244,0,2,2,0
26245,0,28,38,-10
26249,0,50,55,-5
26250,0,6,7,-1
26252,0,37,81,-44
26254,0,42,21,21
26255,0,9,7,2
26256,0,111,120,-9
26259,0,19,22,-3
26262,0,15,16,-1
26265,0,51,101,-50
26266,0,133,87,46
26268,0,11,17,-6
26269,0,1,4,-3
26270,0,18,52,-34
26271,0,15,22,-7
26273,0,25,16,9
26274,0,45,15,30
26275,0,76,71,5
26278,0,29,10,19
26279,0,16,28,-12
26282,0,231,238,-7
26283,0,33,48,-15
26284,0,1,11,-10
26286,0,22,9,13
26289,0,71,103,-32
26290,0,1,15,-14
26292,0,237,205,32
26293,0,95,58,37
26294,0,22,14,8
26295,0,109,121,-12
26296,0,32,18,14
26297,0,6,20,-14
26298,0,4,5,-1
26299,0,141,183,-42
26300,0,5,8,-3
26301,0,11,36,-25
26302,0,46,30,16
26303,0,29,20,9
26305,0,67,28,39
26306,0,40,32,8
26307,0,26,24,2
26308,0,1,48,-47
26312,0,50,12,38
26313,0,50,27,23
26315,0,54,94,-40
26316,0,149,110,39
26317,0,4,13,-9
26319,0,36,62,-26
26321,0,12,73,-61
26322,0,66,42,24
26325,0,28,40,-12
26326,0,18,10,8
26328,0,12,1,11
26331,0,158,130,28
26333,0,7,1,6
26334,0,13,2,11
26339,0,36,64,-28
26340,0,6,17,-11
26342,0,26,21,5
26343,0,26,15,11
26344,0,89,131,-42
26346,0,86,124,-38
26348,0,42,23,19
26349,0,34,11,23
26350,0,2,7,-5
26351,0,3,30,-27
26352,0,75,33,42
26353,0,10,26,-16
26355,0,79,112,-33
26356,0,44,18,26
26358,0,18,62,-44
26361,0,80,97,-17
26364,0,17,71,-54
26366,0,154,158,-4
26370,0,15,20,-5
26371,0,11,7,4
26374,0,1,6,-5
26375,0,13,26,-13
26376,0,47,3,44
26377,0,1165,1224,-59
26378,0,22,20,2
26379,0,44,47,-3
26381,0,9,31,-22
26383,0,28,8,20
26384,0,86,103,-17
26385,0,65,92,-27
26386,0,33,87,-54
26390,0,14,18,-4
26391,0,48,41,7
26392,0,50,62,-12
26393,0,38,39,-1
26394,0,25,5,20
26396,0,33,63,-30
26399,0,51,54,-3
26401,0,227,213,14
26402,0,28,21,7
26404,0,112,90,22
26405,0,5,20,-15
26406,0,41,31,10
26407,0,1,6,-5
26408,0,4,17,-13
26413,0,116,106,10
26415,0,16,31,-15
26419,0,61,112,-51
26420,0,87,62,25
26422,0,6,17,-11
26425,0,143,113,30
26426,0,6,2,4
26427,0,66,63,3
26428,0,37,6,31
26429,0,2,21,-19
26431,0,29,49,-20
26432,0,90,99,-9
26440,0,895,903,-8
26442,0,5,13,-8
26443,0,1,3,-2
26444,0,9,56,-47
26445,0,7,11,-4
26446,0,47,93,-46
26447,0,26,15,11
26448,0,57,53,4
26449,0,26,19,7
26450,0,112,101,11
26454,0,9,2,7
26455,0,91,103,-12
26456,0,4,2,2
26457,0,114,62,52
26458,0,25,22,3
26459,0,5,18,-13
26466,0,30,32,-2
26467,0,61,43,18
26468,0,2,11,-9
26469,0,62,91,-29
26470,0,41,85,-44
26471,0,11,6,5
26473,0,28,28,0
26475,0,110,113,-3
26476,0,33,27,6
26477,0,7,1,6
26479,0,7,15,-8
26481,0,21,13,8
26482,0,1,15,-14
26483,0,77,120,-43
26484,0,13,26,-13
26485,0,72,46,26
26488,0,54,48,6
26489,0,12,58,-46
26490,0,88,110,-22
26491,0,15,12,3
26492,0,41,18,23
26494,0,24,53,-29
26495,0,23,46,-23
26496,0,124,89,35
26497,0,63,52,11
26498,0,88,85,3
26499,0,35,46,-11
26502,0,62,15,47
26504,0,1,23,-22
26505,0,12,12,0
26506,0,56,28,28
26507,0,41,39,2
26508,0,1,2,-1
26511,0,10,2,8
26513,0,270,283,-13
26514,0,208,178,30
26515,0,34,41,-7
26516,0,9,17,-8
26517,0,31,32,-1
26518,0,1,53,-52
26521,0,15,24,-9
26522,0,136,186,-50
26524,0,18,52,-34
26525,0,5,24,-19
26527,0,41,58,-17
26530,0,65,55,10
26532,0,58,97,-39
26534,0,10,20,-10
26536,0,37,73,-36
26538,0,7,6,1
26539,0,13,32,-19
26540,0,444,431,13
26541,0,16,8,8
26542,0,21,39,-18
26543,0,189,193,-4
26547,0,10,57,-47
26550,0,1,5,-4
26551,0,28,27,1
26552,0,58,55,3
26555,0,221,193,28
26557,0,74,68,6
26558,0,50,88,-38
26559,0,53,24,29
26560,0,84,96,-12
26561,0,20,4,16
26562,0,2,59,-57
26563,0,168,183,-15
26564,0,11,6,5
26566,0,1,23,-22
26568,0,7,12,-5
26571,0,4,1,3
26573,0,78,60,18
26575,0,128,138,-10
26577,0,44,24,20
26578,0,92,84,8
26581,0,11,2,9
26582,0,19,13,6
26585,0,3,24,-21
26589,0,19,18,1
26591,0,235,226,9
26592,0,56,27,29
26594,0,4,4,0
26595,0,4,10,-6
26597,0,210,166,44
26601,0,48,10,38
26603,0,307,337,-30
26604,0,3,15,-12
26608,0,659,658,1
26609,0,32,33,-1
26610,0,12,16,-4
26611,0,45,11,34
26612,0,3,12,-9
26615,0,65,126,-61
26617,0,112,70,42
26619,0,25,11,14
26620,0,39,91,-52
26622,0,21,46,-25
26623,0,77,116,-39
26626,0,79,123,-44
26627,0,28,32,-4
26628,0,74,41,33
26629,0,8,29,-21
26632,0,7,58,-51
26633,0,14,3,11
26634,0,62,37,25
26635,0,48,80,-32
26636,0,84,114,-30
26637,0,53,77,-24
26639,0,20,22,-2
26643,0,2,12,-10
26644,0,16,26,-10
26646,0,42,70,-28
26648,0,7,25,-18
26651,0,101,122,-21
26653,0,27,25,2
26654,0,8,2,6
26655,0,31,13,18
26656,0,1,1,0
26660,0,11,12,-1
26661,0,1,1,0
26662,0,15,23,-8
26663,0,104,163,-59
26664,0,75,85,-10
26665,0,56,77,-21
26667,0,65,32,33
26668,0,12,19,-7
26670,0,2,20,-18
26673,0,19,28,-9
26674,0,19,8,11
26676,0,390,424,-34
26677,0,154,194,-40
26678,0,304,324,-20
26679,0,49,41,8
26682,0,200,205,-5
26684,0,64,43,21
26685,0,3,27,-24
26686,0,46,14,32
26687,0,56,33,23
26689,0,101,84,17
26690,0,43,36,7
26692,0,321,351,-30
26693,0,8,10,-2
26694,0,3,4,-1
26695,0,7,10,-3
26696,0,12,23,-11
26697,0,13,15,-2
26698,0,357,308,49
26699,0,19,3,16
26705,0,154,153,1
26706,0,6,2,4
26707,0,20,24,-4
26708,0,20,44,-24
26710,0,16,22,-6
26711,0,35,5,30
26712,0,5,6,-1
26713,0,105,145,-40
26714,0,13,42,-29
26715,0,14,37,-23
26716,0,37,33,4
26717,0,15,35,-20
26718,0,11,19,-8
26719,0,2,16,-14
26720,0,66,93,-27
26721,0,5,36,-31
26723,0,5,58,-53
26725,0,26,9,17
26727,0,17,33,-16
26731,0,4,2,2
26733,0,184,184,0
26734,0,13,9,4
26737,0,40,35,5
26738,0,3,27,-24
26740,0,62,92,-30
26742,0,17,21,-4
26743,0,21,23,-2
26745,0,57,38,19
26746,0,24,12,12
26747,0,56,60,-4
26749,0,40,16,24
26750,0,11,21,-10
26751,0,24,17,7
26752,0,77,39,38
26755,0,15,33,-18
26757,0,52,59,-7
26758,0,56,73,-17
26759,0,5,30,-25
26761,0,11,56,-45
26762,0,14,1,13
26763,0,66,41,25
26765,0,9,20,-11
26766,0,39,29,10
26767,0,5,18,-13
26769,0,4,20,-16
26770,0,40,19,21
26771,0,7,9,-2
26772,0,39,19,20
26774,0,13,10,3
26776,0,113,93,20
26777,0,29,25,4
26780,0,17,18,-1
26781,0,16,31,-15
26782,0,30,50,-20
26783,0,13,10,3
26784,0,1,10,-9
26786,0,9,15,-6
26791,0,26,4,22
26793,0,129,157,-28
26797,0,221,215,6
26798,0,16,14,2
26799,0,24,37,-13
26800,0,22,44,-22
26802,0,2,16,-14
26804,0,13,14,-1
26805,0,117,114,3
26808,0,33,34,-1
26810,0,19,26,-7
26811,0,43,94,-51
26812,0,8,18,-10
26813,0,56,11,45
26815,0,26,23,3
26817,0,7,23,-16
26818,0,67,39,28
26819,0,8,14,-6
26820,0,52,12,40
26821,0,12,3,9
26823,0,30,32,-2
26824,0,5,3,2
26825,0,10,21,-11
26826,0,17,27,-10
26828,0,13,18,-5
26830,0,159,108,51
26831,0,2,12,-10
26836,0,5,7,-2
26838,0,875,843,32
26840,0,1,7,-6
26841,0,4,6,-2
26842,0,39,50,-11
26843,0,9,6,3
26844,0,31,58,-27
26846,0,2,10,-8
26847,0,86,56,30
26848,0,158,165,-7
26849,0,23,20,3
26850,0,19,9,10
26851,0,86,92,-6
26852,0,19,41,-22
26853,0,4,19,-15
26854,0,83,138,-55
26855,0,17,49,-32
26856,0,54,89,-35
26859,0,78,83,-5
26860,0,88,46,42
26862,0,4,4,0
26864,0,87,148,-61
26868,0,2,10,-8
26872,0,38,11,27
26873,0,16,8,8
26874,0,22,14,8
26878,0,6,3,3
26879,0,17,10,7
26880,0,10,7,3
26883,0,15,53,-38
26884,0,336,307,29
26885,0,220,185,35
26886,0,31,10,21
26887,0,26,33,-7
26888,0,105,70,35
26889,0,4,2,2
26890,0,156,122,34
26891,0,68,101,-33
26895,0,15,30,-15
26896,0,4,4,0
26897,0,28,18,10
26898,0,48,26,22
26899,0,13,13,0
26900,0,27,38,-11
26901,0,50,97,-47
26903,0,3,10,-7
26904,0,13,7,6
26905,0,79,45,34
26906,0,15,21,-6
26908,0,9,47,-38
26909,0,48,71,-23
26916,0,13,18,-5
26919,0,19,23,-4
26920,0,18,24,-6
26924,0,10,17,-7
26925,0,39,41,-2
26927,0,4,57,-53
26929,0,23,80,-57
26930,0,35,32,3
26931,0,16,42,-26
26932,0,489,441,48
26934,0,20,30,-10
26935,0,190,243,-53
26936,0,80,140,-60
26937,0,37,51,-14
26940,0,119,158,-39
26942,0,21,40,-19
26943,0,7,16,-9
26944,0,3036,3053,-17
26948,0,3,14,-11
26949,0,857,857,0
26951,0,8,49,-41
26953,0,4,25,-21
26954,0,64,45,19
26955,0,25,49,-24
26957,0,16,58,-42
26958,0,34,17,17
26961,0,10,1,9
26964,0,133,183,-50
26965,0,14,8,6
26966,0,26,39,-13
26967,0,110,99,11
26968,0,6,44,-38
26970,0,5,6,-1
26971,0,179,163,16
26972,0,236,236,0
26974,0,4,20,-16
26975,0,115,148,-33
26976,0,54,62,-8
26978,0,43,44,-1
26979,0,48,28,20
26980,0,7,5,2
26981,0,33,33,0
26982,0,18,11,7
26983,0,6,3,3
26987,0,44,71,-27
26988,0,2,4,-2
26989,0,35,62,-27
26990,0,7,7,0
26992,0,9,64,-55
26993,0,1,2,-1
26994,0,24,18,6
26996,0,45,59,-14
26997,0,16,16,0
27002,0,98,54,44
27003,0,40,53,-13
27005,0,3,8,-5
27006,0,36,10,26
27007,0,45,44,1
27008,0,10,1,9
27010,0,131,138,-7
27013,0,38,79,-41
27014,0,24,74,-50
27015,0,5,13,-8
27019,0,70,125,-55
27020,0,26,21,5
27021,0,41,84,-43
27022,0,45,63,-18
27023,0,8,49,-41
27024,0,60,86,-26
27025,0,37,23,14
27027,0,26,25,1
27029,0,50,23,27
27030,0,22,7,15
27031,0,9,21,-12
27034,0,25,59,-34
27035,0,7,7,0
27040,0,12,69,-57
27041,0,5,39,-34
27043,0,40,21,19
27044,0,30,40,-10
27045,0,4,61,-57
27047,0,30,83,-53
27048,0,22,62,-40
27049,0,30,55,-25
27052,0,17,17,0
27053,0,43,28,15
27055,0,14,8,6
27057,0,97,145,-48
27061,0,6,48,-42
27062,0,13,34,-21
27066,0,19,26,-7
27067,0,8,17,-9
27069,0,24,14,10
27071,0,3,18,-15
27073,0,9,14,-5
27074,0,19,9,10
27075,0,52,47,5
27077,0,22,41,-19
27078,0,33,65,-32
27079,0,7,1,6
27081,0,2,42,-40
27083,0,30,14,16
27084,0,19,24,-5
27086,0,4,24,-20
27088,0,31,75,-44
27089,0,10,30,-20
27091,0,33,24,9
27092,0,5,9,-4
27094,0,18,38,-20
27097,0,9,29,-20
27099,0,7,56,-49
27100,0,3,26,-23
27102,0,130,136,-6
27103,0,32,65,-33
27105,0,17,12,5
27106,0,19,27,-8
27107,0,6,19,-13
27110,0,16,15,1
27113,0,71,88,-17
27114,0,54,94,-40
27116,0,39,1,38
27117,0,5,6,-1
27124,0,97,93,4
27125,0,7,18,-11
27126,0,60,42,18
27127,0,88,51,37
27130,0,40,15,25
27131,0,5,50,-45
27132,0,76,108,-32
27133,0,14,52,-38
27134,0,72,58,14
27135,0,10,11,-1
27136,0,52,17,35
27137,0,8,22,-14
27139,0,33,32,1
27142,0,18,9,9
27143,0,33,23,10
27144,0,67,31,36
27147,0,54,43,11
27149,0,10,17,-7
27150,0,49,76,-27
27152,0,74,108,-34
27153,0,50,34,16
27154,0,31,24,7
27156,0,1,28,-27
27157,0,71,77,-6
27158,0,3,7,-4
27164,0,50,90,-40
27166,0,60,50,10
27167,0,27,10,17
27169,0,20,55,-35
27171,0,30,60,-30
27174,0,57,89,-32
27175,0,21,21,0
27178,0,3,12,-9
27180,0,7,49,-42
27181,0,49,25,24
27182,0,25,24,1
27184,0,66,45,21
27187,0,24,15,9
27188,0,54,39,15
27189,0,3,14,-11
27191,0,112,138,-26
27193,0,12,22,-10
27196,0,26,9,17
27197,0,290,268,22
27198,0,1,4,-3
27199,0,20,0,20
27200,0,13,0,13
27201,0,3,4,-1
27202,0,18,20,-2
27203,0,50,30,20
27204,0,15,37,-22
27207,0,6,21,-15
27209,0,33,10,23
27213,0,35,70,-35
27214,0,7,12,-5
27216,0,97,45,52
27217,0,24,23,1
27218,0,6,34,-28
27220,0,25,46,-21
27221,0,5,3,2
27222,0,20,12,8
27223,0,99,68,31
27225,0,21,18,3
27226,0,279,244,35
27227,0,2,0,2
27228,0,4,2,2
27231,0,43,48,-5
27232,0,12,5,7
27234,0,3,14,-11
27235,0,3,15,-12
27236,0,90,68,22
27237,0,9,3,6
27239,0,2,31,-29
27240,0,21,51,-30
27241,0,27,20,7
27242,0,5,2,3
27243,0,41,8,33
27244,0,31,13,18
27245,0,184,213,-29
27246,0,2,6,-4
27247,0,43,69,-26
27248,0,19,24,-5
27249,0,124,87,37
27250,0,373,341,32
27251,0,27,78,-51
27252,0,30,60,-30
27253,0,21,20,1
27255,0,88,116,-28
27257,0,37,18,19
27260,0,90,45,45
27261,0,3,7,-4
27265,0,29,38,-9
27266,0,2,0,2
27269,0,70,79,-9
27271,0,75,112,-37
27272,0,27,51,-24
27273,0,55,53,2
27275,0,18,29,-11
27276,0,40,43,-3
27278,0,324,375,-51
27280,0,46,38,8
27282,0,64,36,28
27285,0,14,33,-19
27286,0,3,11,-8
27288,0,1,19,-18
27289,0,55,83,-28
27290,0,3,1,2
27291,0,9,14,-5
27292,0,8,67,-59
27296,0,250,201,49
27297,0,24,23,1
27298,0,2,20,-18
27299,0,56,10,46
27300,0,32,63,-31
27303,0,86,45,41
27304,0,30,8,22
27307,0,127,124,3
27309,0,13,28,-15
27310,0,34,34,0
27311,0,14,24,-10
27312,0,26,40,-14
27313,0,136,92,44
27314,0,42,51,-9
27315,0,5,8,-3
27320,0,15,6,9
27321,0,30,2,28
27325,0,62,100,-38
27326,0,53,31,22
27327,0,7,35,-28
27329,0,29,32,-3
27330,0,28,10,18
27332,0,22,69,-47
27333,0,42,12,30
27334,0,34,59,-25
27337,0,8,11,-3
27338,0,6,10,-4
27339,0,97,117,-20
27340,0,64,23,41
27342,0,7,34,-27
27343,0,1,1,0
27344,0,8,4,4
27345,0,16,41,-25
27346,0,8,18,-10
27349,0,82,40,42
27350,0,60,54,6
27353,0,25,35,-10
27354,0,20,48,-28
27355,0,4,36,-32
27356,0,49,90,-41
27359,0,6,29,-23
27360,0,1,1,0
27363,0,10,10,0
27364,0,77,47,30
27365,0,3,26,-23
27366,0,25,30,-5
27367,0,16,3,13
27372,0,4,15,-11
27374,0,59,73,-14
27375,0,63,10,53
27377,0,9,13,-4
27379,0,24,29,-5
27380,0,15,63,-48
27383,0,147,95,52
27385,0,746,762,-16
27386,0,17,6,11
27387,0,4,2,2
27388,0,27,53,-26
27390,0,3,6,-3
27391,0,32,32,0
27392,0,64,60,4
27393,0,5,28,-23
27394,0,29,38,-9
27395,0,15,32,-17
27397,0,5,15,-10
27398,0,19,11,8
27401,0,58,41,17
27403,0,6,7,-1
27404,0,45,65,-20
27405,0,22,51,-29
27406,0,33,30,3
27407,0,2,20,-18
27408,0,61,83,-22
27409,0,17,31,-14
27410,0,10,64,-54
27411,0,53,21,32
27413,0,19,28,-9
27414,0,63,17,46
27416,0,44,15,29
27422,0,43,2,41
27424,0,15,4,11
27425,0,50,108,-58
27431,0,136,151,-15
27434,0,61,43,18
27436,0,59,48,11
27437,0,10,66,-56
27438,0,15,35,-20
27445,0,17,3,14
27446,0,453,455,-2
27448,0,22,36,-14
27449,0,345,291,54
27451,0,15,17,-2
27452,0,15,25,-10
27453,0,10,31,-21
27456,0,7,17,-10
27459,0,17,6,11
27460,0,41,43,-2
27461,0,21,31,-10
27462,0,5,8,-3
27463,0,15,61,-46
27464,0,66,26,40
27466,0,9,44,-35
27467,0,1,9,-8
27468,0,23,30,-7
27469,0,55,94,-39
27472,0,9,60,-51
27474,0,16,44,-28
27479,0,31,85,-54
27480,0,542,520,22
27481,0,77,110,-33
27482,0,241,257,-16
27483,0,17,42,-25
27484,0,23,36,-13
27485,0,1,31,-30
27486,0,40,27,13
27491,0,65,35,30
27492,0,22,25,-3
27494,0,39,5,34
27495,0,60,21,39
27496,0,104,70,34
27497,0,61,28,33
27498,0,143,185,-42
27499,0,89,41,48
27501,0,24,20,4
27504,0,5,2,3
27509,0,35,61,-26
27511,0,11,13,-2
27513,0,225,281,-56
27514,0,6,23,-17
27516,0,101,100,1
27519,0,29,28,1
27520,0,54,51,3
27529,0,137,99,38
27530,0,36,96,-60
27533,0,16,35,-19
27534,0,16,41,-25
27536,0,26,1,25
27537,0,3,20,-17
27539,0,26,16,10
27540,0,48,47,1
27541,0,82,64,18
27542,0,27,57,-30
27543,0,12,23,-11
27544,0,16,8,8
27546,0,8,24,-16
27547,0,285,301,-16
27548,0,34,56,-22
27549,0,18,4,14
27550,0,58,81,-23
27552,0,31,67,-36
27554,0,4,3,1
27555,0,1,2,-1
27557,0,96,103,-7
27558,0,36,40,-4
27559,0,146,150,-4
27560,0,16,13,3
27562,0,17,33,-16
27564,0,82,41,41
27565,0,7,24,-17
27569,0,62,41,21
27570,0,12,19,-7
27572,0,7,7,0
27575,0,1,5,-4
27576,0,28,45,-17
27577,0,94,41,53
27578,0,2,0,2
27579,0,87,81,6
27580,0,51,86,-35
27581,0,32,60,-28
27583,0,29,35,-6
27585,0,23,50,-27
27586,0,2,9,-7
27589,0,224,234,-10
27591,0,16,21,-5
27592,0,41,59,-18
27593,0,23,29,-6
27594,0,122,101,21
27596,0,12,18,-6
27597,0,15,42,-27
27599,0,15,16,-1
27600,0,19,11,8
27601,0,65,63,2
27602,0,96,148,-52
27603,0,9,3,6
27604,0,9,11,-2
27606,0,45,78,-33
27607,0,18,20,-2
27610,0,1,6,-5
27612,0,9,57,-48
27614,0,12,2,10
27615,0,26,30,-4
27616,0,6,16,-10
27621,0,50,38,12
27622,0,57,73,-16
27625,0,8,16,-8
27627,0,280,317,-37
27628,0,51,61,-10
27629,0,16,18,-2
27634,0,70,34,36
27635,0,3,24,-21
27637,0,3,3,0
27638,0,10,22,-12
27640,0,16,29,-13
27642,0,19,1,18
27643,0,210,164,46
27644,0,20,13,7
27645,0,143,152,-9
27647,0,42,73,-31
27648,0,23,57,-34
27649,0,6,8,-2
27650,0,20,26,-6
27651,0,125,133,-8
27653,0,26,78,-52
27654,0,192,205,-13
27657,0,14,21,-7
27661,0,197,214,-17
27663,0,29,77,-48
27664,0,14,20,-6
27665,0,76,69,7
27666,0,34,17,17
27668,0,25,82,-57
27669,0,48,7,41
27672,0,23,48,-25
27673,0,497,452,45
27674,0,250,230,20
27675,0,47,96,-49
27676,0,9,11,-2
27678,0,188,189,-1
27679,0,34,60,-26
27680,0,23,51,-28
27681,0,33,57,-24
27682,0,1,10,-9
27683,0,33,31,2
27686,0,16,32,-16
27687,0,8,2,6
27690,0,58,119,-61
27692,0,29,89,-60
27693,0,2,6,-4
27696,0,28,49,-21
27698,0,44,84,-40
27699,0,73,38,35
27700,0,3,4,-1
27702,0,19,38,-19
27703,0,198,200,-2
27706,0,7,2,5
27707,0,24,1,23
27708,0,43,27,16
27712,0,27,22,5
27713,0,12,15,-3
27715,0,131,142,-11
27716,0,12,46,-34
27717,0,12,44,-32
27719,0,42,81,-39
27720,0,189,140,49
27721,0,554,522,32
27722,0,90,87,3
27723,0,38,37,1
27724,0,108,169,-61
27725,0,82,48,34
27726,0,13,5,8
27727,0,19,9,10
27730,0,28,26,2
27732,0,13,61,-48
27733,0,22,27,-5
27734,0,23,27,-4
27737,0,6,14,-8
27738,0,21,74,-53
27739,0,19,21,-2
27740,0,3,19,-16
27742,0,61,21,40
27743,0,46,19,27
27744,0,41,46,-5
27745,0,22,15,7
27746,0,5,2,3
27747,0,84,85,-1
27748,0,41,8,33
27750,0,20,20,0
27751,0,10,64,-54
27752,0,43,78,-35
27754,0,1010,1030,-20
27755,0,101,162,-61
27757,0,5,6,-1
27758,0,10,14,-4
27760,0,40,73,-33
27763,0,96,98,-2
27765,0,162,110,52
27769,0,42,101,-59
27770,0,56,72,-16
27773,0,4,7,-3
27775,0,6,4,2
27776,0,33,15,18
27777,0,5,28,-23
27779,0,4,28,-24
27780,0,9,5,4
27781,0,85,60,25
27782,0,62,50,12
27783,0,41,11,30
27784,0,30,44,-14
27785,0,429,407,22
27786,0,41,35,6
27787,0,6,2,4
27789,0,7,32,-25
27796,0,17,15,2
27798,0,5,41,-36
27799,0,10,4,6
27801,0,8,18,-10
27803,0,16,5,11
27807,0,43,43,0
27810,0,115,79,36
27811,0,40,60,-20
27812,0,9,14,-5
27813,0,58,47,11
27814,0,1,9,-8
27818,0,24,13,11
27819,0,25,70,-45
27823,0,82,109,-27
27825,0,24,45,-21
27828,0,9,50,-41
27829,0,57,88,-31
27830,0,37,45,-8
27831,0,12,7,5
27832,0,29,28,1
27833,0,65,49,16
27835,0,51,40,11
27839,0,46,79,-33
27840,0,1,2,-1
27841,0,58,44,14
27842,0,9,32,-23
27844,0,29,8,21
27845,0,20,31,-11
27849,0,6,14,-8
27851,0,15,17,-2
27855,0,21,29,-8
27856,0,16,19,-3
27857,0,42,17,25
27859,0,14,9,5
27861,0,107,151,-44
27863,0,79,53,26
27864,0,3,10,-7
27865,0,4,4,0
27866,0,31,32,-1
27867,0,98,82,16
27868,0,47,16,31
27869,0,53,17,36
27870,0,30,68,-38
27871,0,17,19,-2
27872,0,15,27,-12
27874,0,214,181,33
27876,0,30,88,-58
27878,0,54,45,9
27880,0,19,22,-3
27882,0,12,43,-31
27883,0,91,69,22
27884,0,33,59,-26
27885,0,12,10,2
27886,0,15,11,4
27888,0,62,89,-27
27891,0,20,17,3
27892,0,112,161,-49
27893,0,53,39,14
27897,0,7,31,-24
27899,0,77,102,-25
27900,0,60,94,-34
27901,0,86,80,6
27905,0,2,14,-12
27906,0,29,43,-14
27908,0,28,45,-17
27909,0,5,4,1
27910,0,40,52,-12
27913,0,21,45,-24
27914,0,30,18,12
27916,0,30,11,19
27917,0,13,4,9
27920,0,28,42,-14
27921,0,11,25,-14
27922,0,78,60,18
27923,0,57,90,-33
27925,0,17,19,-2
27926,0,228,183,45
27927,0,746,703,43
27928,0,257,302,-45
27929,0,111,95,16
27930,0,66,48,18
27931,0,48,52,-4
27932,0,9,21,-12
27934,0,81,77,4
27939,0,25,27,-2
27941,0,11,23,-12
27945,0,81,89,-8
27946,0,9,22,-13
27950,0,8,33,-25
27951,0,13,26,-13
27956,0,7,8,-1
27957,0,19,34,-15
27959,0,30,89,-59
27960,0,27,84,-57
27962,0,66,19,47
27963,0,133,136,-3
27964,0,21,34,-13
27965,0,3,30,-27
27967,0,27,76,-49
27969,0,227,222,5
27970,0,15,34,-19
27971,0,12,65,-53
27977,0,75,72,3
27979,0,29,53,-24
27981,0,3,3,0
27982,0,2,54,-52
27983,0,12,12,0
27984,0,11,5,6
27986,0,43,67,-24
27990,0,15,24,-9
27991,0,82,143,-61
27992,0,42,27,15
27993,0,20,25,-5
27995,0,53,39,14
27996,0,6,21,-15
27997,0,98,154,-56
27998,0,2,9,-7
27999,0,25,29,-4
28000,0,25,8,17
28002,0,20,30,-10
28003,0,11,14,-3
28006,0,18,17,1
28007,0,33,11,22
28008,0,20,24,-4
28009,0,17,3,14
28015,0,29,26,3
28016,0,3,1,2
28020,0,95,45,50
28021,0,22,25,-3
28023,0,19,9,10
28024,0,24,36,-12
28028,0,25,47,-22
28029,0,13,25,-12
28031,0,16,14,2
28032,0,38,70,-32
28033,0,9,44,-35
28036,0,65,23,42
28037,0,1,16,-15
28039,0,22,44,-22
28040,0,3,5,-2
28041,0,66,43,23
28042,0,108,96,12
28043,0,53,90,-37
28044,0,43,96,-53
28045,0,13,13,0
28047,0,48,58,-10
28050,0,34,84,-50
28053,0,24,46,-22
28054,0,88,136,-48
28055,0,52,33,19
28057,0,41,52,-11
28059,0,183,143,40
28061,0,3,2,1
28063,0,51,79,-28
28064,0,2,15,-13
28066,0,37,91,-54
28067,0,10,24,-14
28068,0,23,41,-18
28070,0,42,89,-47
28073,0,20,41,-21
28074,0,26,37,-11
28075,0,59,103,-44
28077,0,128,169,-41
28078,0,162,202,-40
28079,0,43,23,20
28080,0,30,45,-15
28081,0,8,15,-7
28082,0,151,138,13
28083,0,209,165,44
28085,0,37,51,-14
28086,0,160,129,31
28089,0,66,26,40
28090,0,10,11,-1
28091,0,7,3,4
28092,0,24,2,22
28093,0,93,112,-19
28094,0,33,58,-25
28095,0,24,55,-31
28097,0,24,15,9
28098,0,255,236,19
28099,0,20,22,-2
28103,0,3,8,-5
28104,0,25,27,-2
28105,0,48,73,-25
28108,0,52,65,-13
28109,0,1,17,-16
28111,0,113,96,17
28114,0,5,4,1
28116,0,88,126,-38
28118,0,2,23,-21
28122,0,24,48,-24
28123,0,13,14,-1
28126,0,48,106,-58
28127,0,37,22,15
28128,0,81,110,-29
28130,0,47,6,41
28132,0,23,31,-8
28133,0,16,17,-1
28134,0,5,40,-35
28135,0,7,57,-50
28136,0,106,141,-35
28137,0,60,118,-58
28138,0,26,80,-54
28140,0,26,1,25
28142,0,17,33,-16
28143,0,38,61,-23
28144,0,7,18,-11
28145,0,17,59,-42
28146,0,20,22,-2
28147,0,10,40,-30
28149,0,109,117,-8
28156,0,37,8,29
28163,0,124,120,4
28164,0,6,2,4
28166,0,25,48,-23
28167,0,16,28,-12
28171,0,91,123,-32
28172,0,32,5,27
28173,0,3,3,0
28175,0,47,79,-32
28179,0,335,342,-7
28180,0,28,49,-21
28182,0,16,26,-10
28183,0,25,10,15
28184,0,201,180,21
28185,0,1,0,1
28186,0,12,26,-14
28188,0,23,81,-58
28190,0,76,26,50
28191,0,9,51,-42
28193,0,4,27,-23
28194,0,9,10,-1
28196,0,22,1,21
28199,0,54,32,22
28200,0,24,17,7
28201,0,49,8,41
28202,0,193,186,7
28204,0,35,27,8
28206,0,25,12,13
28207,0,41,7,34
28210,0,20,9,11
28213,0,64,41,23
28214,0,78,93,-15
28215,0,9,38,-29
28216,0,48,15,33
28219,0,9,16,-7
28220,0,50,75,-25
28222,0,2,3,-1
28223,0,74,64,10
28224,0,10,11,-1
28225,0,163,109,54
28228,0,7,7,0
28229,0,2,36,-34
28230,0,4,12,-8
28234,0,132,124,8
28236,0,143,147,-4
28242,0,27,68,-41
28243,0,20,51,-31
28244,0,41,4,37
28245,0,69,51,18
28246,0,8,65,-57
28247,0,124,104,20
28248,0,25,20,5
28249,0,73,129,-56
28250,0,3,46,-43
28253,0,55,24,31
28255,0,3,21,-18
28257,0,32,19,13
28258,0,54,57,-3
28261,0,2,11,-9
28264,0,77,37,40
28265,0,161,117,44
28266,0,30,28,2
28267,0,27,63,-36
28269,0,20,18,2
28270,0,101,81,20
28271,0,110,86,24
28272,0,39,93,-54
28273,0,9,12,-3
28277,0,12,27,-15
28278,0,67,44,23
28280,0,26,30,-4
28283,0,11,2,9
28284,0,8,2,6
28285,0,13,7,6
28287,0,29,5,24
28291,0,8,23,-15
28292,0,22,18,4
28293,0,15,51,-36
28294,0,13,9,4
28297,0,57,91,-34
28298,0,56,115,-59
28299,0,14,11,3
28301,0,42,23,19
28304,0,110,89,21
28306,0,85,138,-53
28308,0,67,79,-12
28309,0,2,28,-26
28310,0,9,31,-22
28311,0,39,54,-15
28312,0,34,50,-16
28313,0,104,129,-25
28314,0,71,96,-25
28315,0,15,26,-11
28317,0,45,13,32
28319,0,51,15,36
28320,0,64,125,-61
28321,0,8,31,-23
28322,0,1,14,-13
28323,0,91,131,-40
28326,0,8,23,-15
28327,0,49,11,38
28328,0,8,2,6
28329,0,2,21,-19
28330,0,10,13,-3
28332,0,22,1,21
28333,0,45,27,18
28334,0,17,51,-34
28335,0,71,63,8
28336,0,21,31,-10
28337,0,27,25,2
28341,0,15,45,-30
28342,0,91,58,33
28343,0,28,9,19
28344,0,70,34,36
28345,0,18279,18292,-13
28346,0,7,7,0
28347,0,8,20,-12
28349,0,133,165,-32
28350,0,38,74,-36
28351,0,47,72,-25
28352,0,31,32,-1
28354,0,93,65,28
28359,0,8,8,0
28360,0,13,26,-13
28361,0,147,151,-4
28366,0,9,14,-5
28368,0,5,8,-3
28369,0,24,12,12
28370,0,20,48,-28
28371,0,1,8,-7
28372,0,15,25,-10
28373,0,5,16,-11
28374,0,4,9,-5
28375,0,63,79,-16
28376,0,18,56,-38
28378,0,14,9,5
28379,0,28,16,12
28380,0,31,29,2
28381,0,11,35,-24
28382,0,9,0,9
28383,0,8,9,-1
28384,0,26,78,-52
28385,0,6,5,1
28386,0,18,3,15
28387,0,4,10,-6
28388,0,45,11,34
28389,0,66,99,-33
28390,0,4,9,-5
28391,0,48,16,32
28392,0,68,58,10
28393,0,17,3,14
28395,0,32,28,4
28396,0,47,70,-23
28397,0,14,40,-26
28399,0,15,38,-23
28400,0,9,5,4
28401,0,22,39,-17
28402,0,3,17,-14
28403,0,5,27,-22
28404,0,38,17,21
28405,0,84,75,9
28407,0,12,1,11
28408,0,14,16,-2
28409,0,30,17,13
28410,0,21,21,0
28411,0,7,5,2
28413,0,26,40,-14
28415,0,15,13,2
28420,0,6,12,-6
28421,0,76,33,43
28424,0,18,18,0
28425,0,1,28,-27
28426,0,31,5,26
28430,0,1,3,-2
28432,0,26,33,-7
28433,0,10,4,6
28434,0,2,4,-2
28436,0,344,351,-7
28442,0,19,66,-47
28450,0,89,77,12
28451,0,99,57,42
28453,0,12,7,5
28454,0,10,30,-20
28455,0,63,43,20
28456,0,14,2,12
28457,0,87,36,51
28459,0,13,40,-27
28461,0,74,35,39
28463,0,24,30,-6
28464,0,9,7,2
28466,0,5,9,-4
28467,0,52,28,24
28468,0,75,102,-27
28469,0,9,18,-9
28471,0,30,22,8
28472,0,103,129,-26
28473,0,46,30,16
28474,0,12,12,0
28478,0,83,51,32
28479,0,43,13,30
28480,0,6,4,2
28482,0,4,19,-15
28485,0,28,75,-47
28486,0,872,905,-33
28487,0,15,34,-19
28488,0,18,32,-14
28489,0,65,110,-45
28493,0,1,11,-10
28496,0,10,34,-24
28499,0,177,236,-59
28500,0,22,21,1
28502,0,41,4,37
28503,0,10,11,-1
28504,0,24,6,18
28506,0,36,23,13
28507,0,64,31,33
28509,0,89,120,-31
28510,0,4,41,-37
28512,0,36,62,-26
28515,0,2,60,-58
28516,0,10,6,4
28518,0,129,110,19
28520,0,64,52,12
28521,0,14,13,1
28522,0,25,28,-3
28524,0,42,44,-2
28527,0,7,56,-49
28528,0,13,7,6
28530,0,185,133,52
28531,0,1,8,-7
28533,0,156,177,-21
28534,0,22,27,-5
28535,0,11,8,3
28536,0,96,45,51
28537,0,16,70,-54
28539,0,13,3,10
28540,0,11,9,2
28541,0,25,27,-2
28542,0,1,12,-11
28543,0,7,60,-53
28546,0,7,27,-20
28547,0,20,51,-31
28548,0,43,74,-31
28552,0,305,274,31
28553,0,203,257,-54
28556,0,64,116,-52
28561,0,16,10,6
28563,0,9,52,-43
28564,0,65,35,30
28565,0,26,64,-38
28566,0,29,24,5
28574,0,29,24,5
28575,0,18,52,-34
28577,0,4,63,-59
28581,0,4,2,2
28582,0,45,76,-31
28585,0,22,36,-14
28586,0,134,178,-44
28587,0,8,8,0
28590,0,70,92,-22
28591,0,58,82,-24
28592,0,38,26,12
28593,0,212,232,-20
28594,0,35,36,-1
28595,0,3,5,-2
28597,0,8,19,-11
28598,0,24,31,-7
28599,0,109,67,42
28602,0,89,83,6
28604,0,75,46,29
28608,0,33,20,13
28609,0,3,25,-22
28611,0,29,31,-2
28613,0,40,91,-51
28616,0,3,8,-5
28619,0,17,40,-23
28620,0,4,20,-16
28621,0,18,42,-24
28622,0,7,67,-60
28624,0,482,438,44
28626,0,8,15,-7
28627,0,25,23,2
28628,0,2,11,-9
28629,0,531,525,6
28630,0,14,56,-42
28632,0,75,81,-6
28636,0,6,14,-8
28639,0,39,98,-59
28640,0,52,77,-25
28641,0,20,23,-3
28642,0,26,12,14
28645,0,2,3,-1
28647,0,5,44,-39
28649,0,105,116,-11
28650,0,27,12,15
28651,0,190,206,-16
28656,0,32,60,-28
28657,0,1,10,-9
28660,0,12,51,-39
28664,0,27,12,15
28665,0,25,27,-2
28666,0,2,6,-4
28667,0,5,21,-16
28671,0,269,248,21
28673,0,40,7,33
28677,0,77,69,8
28678,0,16,7,9
28679,0,76,110,-34
28680,0,18,25,-7
28681,0,107,69,38
28682,0,41,20,21
28684,0,22,31,-9
28685,0,75,57,18
28686,0,2,13,-11
28689,0,10,15,-5
28690,0,36,53,-17
28692,0,18,4,14
28693,0,73,32,41
28694,0,24,12,12
28696,0,70,75,-5
28698,0,11,29,-18
28701,0,25,56,-31
28702,0,108,56,52
28704,0,33,19,14
28705,0,62,84,-22
28709,0,5,3,2
28713,0,11,18,-7
28718,0,95,51,44
28719,0,37,23,14
28720,0,202,153,49
28722,0,69,99,-30
28723,0,13,48,-35
28725,0,126,150,-24
28726,0,5,49,-44
28727,0,45,42,3
28728,0,17,39,-22
28730,0,22,40,-18
28731,0,43,78,-35
28733,0,43,45,-2
28734,0,1,7,-6
28735,0,87,99,-12
28736,0,44,94,-50
28738,0,5,18,-13
28739,0,37,8,29
28740,0,31,39,-8
28741,0,10,16,-6
28742,0,44,13,31
28744,0,13,23,-10
28747,0,43,35,8
28748,0,78,39,39
28749,0,99,106,-7
28750,0,10,0,10
28755,0,38,60,-22
28756,0,12,20,-8
28757,0,15,48,-33
28758,0,67,51,16
28759,0,5,2,3
28760,0,97,46,51
28761,0,335,372,-37
28762,0,30,24,6
28763,0,25,22,3
28765,0,51,49,2
28766,0,7,4,3
28767,0,16,1,15
28768,0,18,8,10
28769,0,6,2,4
28773,0,23,4,19
28774,0,5,11,-6
28775,0,27,22,5
28776,0,5,33,-28
28777,0,2,0,2
28778,0,65,51,14
28779,0,9,11,-2
28780,0,8,10,-2
28782,0,12,3,9
28783,0,68,112,-44
28784,0,3,9,-6
28785,0,12,3,9
28790,0,2,16,-14
28791,0,56,70,-14
28792,0,8,12,-4
28794,0,189,219,-30
28796,0,3,11,-8
28798,0,57,17,40
28800,0,18,26,-8
28802,0,113,169,-56
28803,0,9,5,4
28805,0,25,3,22
28806,0,3,3,0
28807,0,12,17,-5
28810,0,8,48,-40
28813,0,97,74,23
28814,0,7,21,-14
28816,0,95,91,4
28817,0,2,17,-15
28818,0,95,122,-27
28819,0,9,40,-31
28821,0,66,120,-54
28822,0,51,26,25
28824,0,62,100,-38
28826,0,25,15,10
28828,0,1,31,-30
28833,0,28,32,-4
28835,0,88,95,-7
28836,0,8,5,3
28837,0,105,130,-25
28839,0,139,106,33
28840,0,13,2,11
28841,0,95,151,-56
28847,0,21,68,-47
28848,0,8,34,-26
28849,0,45,32,13
28850,0,16,2,14
28851,0,209,175,34
28853,0,24,35,-11
28854,0,15,53,-38
28856,0,68,66,2
28861,0,1582,1631,-49
28864,0,8,38,-30
28866,0,237,229,8
28867,0,81,112,-31
28868,0,176,224,-48
28869,0,42,81,-39
28871,0,14,39,-25
28873,0,1,3,-2
28874,0,101,59,42
28875,0,12,10,2
28876,0,22,9,13
28877,0,25,8,17
28878,0,21,30,-9
28879,0,37,72,-35
28880,0,7,9,-2
28881,0,179,216,-37
28885,0,9,2,7
28887,0,58,58,0
28888,0,6,41,-35
28895,0,70,71,-1
28897,0,14,7,7
28898,0,44,71,-27
28900,0,52,30,22
28901,0,42,8,34
28903,0,5,7,-2
28904,0,96,65,31
28905,0,29,64,-35
28906,0,49,110,-61
28909,0,32,42,-10
28910,0,2,15,-13
28911,0,228,200,28
28913,0,9,70,-61
28914,0,115,153,-38
28916,0,88,75,13
28919,0,144,116,28
28920,0,159,149,10
28923,0,19,6,13
28926,0,5,2,3
28927,0,7,42,-35
28928,0,19,52,-33
28929,0,13,11,2
28930,0,51,112,-61
28935,0,28,24,4
28936,0,922,951,-29
28938,0,129,141,-12
28939,0,74,32,42
28941,0,57,25,32
28943,0,15,12,3
28944,0,200,261,-61
28946,0,100,63,37
28947,0,56,62,-6
28948,0,42,19,23
28949,0,12,7,5
28952,0,81,82,-1
28953,0,7,45,-38
28955,0,38,47,-9
28956,0,2,18,-16
28958,0,3,23,-20
28959,0,198,210,-12
28960,0,39,55,-16
28961,0,4,1,3
28962,0,9,52,-43
28963,0,36,57,-21
28964,0,2,37,-35
28965,0,54,43,11
28968,0,42,15,27
28970,0,9,7,2
28972,0,21,11,10
28973,0,55,26,29
28974,0,52,75,-23
28975,0,14,16,-2
28976,0,2,8,-6
28978,0,7,18,-11
28979,0,47,100,-53
28980,0,349,321,28
28981,0,43,25,18
28983,0,56,57,-1
28985,0,85,102,-17
28986,0,1,37,-36
28987,0,128,177,-49
28988,0,3,2,1
28989,0,143,106,37
28990,0,4,13,-9
28993,0,20,31,-11
28994,0,16,8,8
28996,0,10,39,-29
28997,0,40,38,2
28998,0,2,2,0
28999,0,33,38,-5
29000,0,3,3,0
29001,0,12,43,-31
29002,0,49,78,-29
29004,0,62,85,-23
29006,0,491,542,-51
29007,0,28,37,-9
29008,0,63,75,-12
29010,0,16,62,-46
29013,0,37,43,-6
29014,0,208,194,14
29017,0,13,8,5
29018,0,18,15,3
29019,0,12,13,-1
29020,0,35,35,0
29021,0,32,4,28
29022,0,97,141,-44
29023,0,16,52,-36
29024,0,22,66,-44
29025,0,33,52,-19
29027,0,15,20,-5
29029,0,17,23,-6
29031,0,3,17,-14
29032,0,3,22,-19
29035,0,30,27,3
29036,0,72,68,4
29040,0,181,158,23
29045,0,24,35,-11
29046,0,35,16,19
29050,0,7,19,-12
29051,0,23,54,-31
29053,0,30,34,-4
29054,0,7,25,-18
29055,0,8,13,-5
29056,0,144,94,50
29057,0,5,43,-38
29058,0,182,181,1
29059,0,646,616,30
29061,0,19,19,0
29063,0,7,7,0
29064,0,2,6,-4
29065,0,213,260,-47
29066,0,62,61,1
29068,0,17,24,-7
29069,0,23,41,-18
29070,0,58,18,40
29073,0,66,110,-44
29075,0,39,46,-7
29076,0,14,22,-8
29078,0,129,157,-28
29080,0,17,12,5
29081,0,356,308,48
29082,0,7,12,-5
29083,0,11,13,-2
29084,0,118,115,3
29085,0,2,16,-14
29086,0,57,112,-55
29088,0,3,1,2
29096,0,27,43,-16
29097,0,4,33,-29
29098,0,14,17,-3
29099,0,18,21,-3
29100,0,21,77,-56
29102,0,16,31,-15
29103,0,65,107,-42
29104,0,7,27,-20
29105,0,56,90,-34
29106,0,85,84,1
29109,0,25,47,-22
29110,0,58,33,25
29113,0,155,174,-19
29117,0,10,13,-3
29120,0,58,37,21
29122,0,13,28,-15
29123,0,20,38,-18
29125,0,16,0,16
29127,0,28,9,19
29128,0,29,48,-19
29131,0,2,7,-5
29133,0,1,2,-1
29135,0,31,70,-39
29136,0,6,5,1
29138,0,2,6,-4
29139,0,4,5,-1
29141,0,77,128,-51
29143,0,29,23,6
29145,0,85,32,53
29147,0,2,14,-12
29148,0,36,26,10
29152,0,466,489,-23
29154,0,32,60,-28
29155,0,36,28,8
29157,0,67,24,43
29158,0,39,28,11
29161,0,9,9,0
29162,0,193,172,21
29164,0,76,47,29
29169,0,30,17,13
29170,0,15,27,-12
29172,0,87,67,20
29173,0,19,11,8
29174,0,6,26,-20
29176,0,50,101,-51
29177,0,3,1,2
29178,0,15,3,12
29179,0,51,45,6
29180,0,15,15,0
29181,0,36,16,20
29182,0,38,6,32
29183,0,148,120,28
29185,0,55,25,30
29186,0,12,3,9
29187,0,4,8,-4
29188,0,3,11,-8
29190,0,7,59,-52
29193,0,58,102,-44
29194,0,227,173,54
29195,0,7,13,-6
29197,0,30,49,-19
29200,0,5,13,-8
29202,0,63,66,-3
29204,0,34,38,-4
29205,0,6,4,2
29209,0,20,57,-37
29210,0,11,27,-16
29212,0,37,97,-60
29214,0,43,23,20
29215,0,11,1,10
29216,0,3,10,-7
29218,0,79,26,53
29220,0,5,7,-2
29222,0,61,112,-51
29223,0,25,9,16
29226,0,29,69,-40
29227,0,76,56,20
29230,0,20,47,-27
29232,0,41,62,-21
29233,0,29,66,-37
29234,0,2,5,-3
29235,0,56,70,-14
29236,0,43,52,-9
29237,0,67,72,-5
29241,0,190,187,3
29242,0,17,63,-46
29243,0,5,1,4
29244,0,81,98,-17
29245,0,7,19,-12
29246,0,10,5,5
29247,0,5,44,-39
29249,0,5,11,-6
29252,0,267,232,35
29253,0,25,47,-22
29254,0,9,18,-9
29255,0,48,7,41
29257,0,100,91,9
29260,0,3,8,-5
29261,0,27,23,4
29262,0,3,26,-23
29263,0,5,17,-12
29265,0,141,94,47
29266,0,23,28,-5
29267,0,3,6,-3
29268,0,29,58,-29
29269,0,4,2,2
29270,0,12,24,-12
29271,0,31,22,9
29275,0,22,25,-3
29277,0,31,88,-57
29278,0,20,33,-13
29280,0,22,40,-18
29281,0,5,11,-6
29282,0,249,199,50
29284,0,8,9,-1
29285,0,1035,991,44
29291,0,59,31,28
29292,0,11,9,2
29293,0,6,14,-8
29294,0,426,398,28
29295,0,256,285,-29
29299,0,6,24,-18
29300,0,209,163,46
29301,0,63,77,-14
29303,0,29,20,9
29304,0,34,13,21
29305,0,58,28,30
29306,0,282,340,-58
29307,0,66,22,44
29308,0,5,9,-4
29309,0,48,24,24
29311,0,26,60,-34
29312,0,19,17,2
29319,0,163,177,-14
29321,0,24,6,18
29322,0,11,4,7
29324,0,1,17,-16
29326,0,5,46,-41
29327,0,29,22,7
29328,0,26,5,21
29329,0,45,42,3
29330,0,62,107,-45
29333,0,36,39,-3
29335,0,4,1,3
29336,0,34,33,1
29337,0,1,41,-40
29338,0,81,104,-23
29340,0,65,27,38
29341,0,26,83,-57
29342,0,57,30,27
29343,0,25,67,-42
29344,0,87,148,-61
29345,0,3,31,-28
29346,0,70,59,11
29349,0,3,21,-18
29352,0,14,18,-4
29355,0,7,8,-1
29356,0,24,25,-1
29357,0,5,10,-5
29358,0,47,17,30
29359,0,7,7,0
29361,0,20,47,-27
29363,0,49,58,-9
29364,0,10,46,-36
29368,0,171,188,-17
29369,0,227,269,-42
29372,0,115,95,20
29374,0,55,97,-42
29375,0,34,36,-2
29382,0,15,18,-3
29383,0,20,8,12
29385,0,89,37,52
29386,0,14,16,-2
29387,0,16,32,-16
29389,0,57,68,-11
29391,0,86,119,-33
29392,0,29,49,-20
29394,0,35,22,13
29397,0,39,21,18
29400,0,14,32,-18
29401,0,23,13,10
29402,0,89,43,46
29404,0,23,54,-31
29405,0,57,50,7
29406,0,78,92,-14
29407,0,20,31,-11
29408,0,34,28,6
29409,0,65,87,-22
29411,0,25,33,-8
29412,0,7,7,0
29413,0,35,20,15
29416,0,17,8,9
29417,0,22,15,7
29420,0,21,20,1
29421,0,28,25,3
29422,0,108,75,33
29425,0,109,127,-18
29426,0,4,53,-49
29429,0,65,44,21
29430,0,9,6,3
29431,0,51,94,-43
29432,0,12,1,11
29433,0,4,9,-5
29435,0,14,28,-14
29439,0,13,17,-4
29442,0,23,12,11
29444,0,28,10,18
29446,0,29,41,-12
29447,0,15,28,-13
29450,0,73,45,28
29451,0,73,19,54
29452,0,7,2,5
29453,0,79,77,2
29455,0,189,222,-33
29458,0,27,48,-21
29461,0,8,66,-58
29463,0,11,16,-5
29465,0,72,112,-40
29466,0,7,13,-6
29467,0,22,22,0
29472,0,120,94,26
29473,0,36,56,-20
29475,0,11,25,-14
29476,0,5,10,-5
29477,0,128,108,20
29478,0,14,32,-18
29480,0,200,212,-12
29481,0,14,17,-3
29483,0,7,51,-44
29484,0,19,33,-14
29486,0,24,10,14
29487,0,25,50,-25
29488,0,20,23,-3
29493,0,1,4,-3
29495,0,72,38,34
29497,0,29,84,-55
29498,0,31,12,19
29499,0,53,37,16
29501,0,960,945,15
29502,0,53,69,-16
29503,0,28,29,-1
29508,0,5,62,-57
29509,0,18,8,10
29511,0,5,9,-4
29513,0,5,3,2
29514,0,36,16,20
29517,0,295,279,16
29518,0,84,55,29
29520,0,34,44,-10
29521,0,1,8,-7
29523,0,3,4,-1
29524,0,16,7,9
29525,0,22,41,-19
29526,0,50,46,4
29527,0,86,120,-34
29528,0,1,26,-25
29530,0,3,21,-18
29531,0,29,19,10
29534,0,65,11,54
29535,0,6,26,-20
29536,0,38,53,-15
29537,0,32,65,-33
29538,0,17,10,7
29539,0,24,18,6
29540,0,45,3,42
29541,0,156,109,47
29542,0,10,5,5
29547,0,36,20,16
29548,0,11,10,1
29555,0,29,13,16
29556,0,6,2,4
29557,0,107,56,51
29558,0,6,32,-26
29560,0,11,44,-33
29561,0,25,13,12
29562,0,46,13,33
29563,0,3,10,-7
29565,0,43,2,41
29567,0,50,49,1
29568,0,53,25,28
29569,0,9,3,6
29571,0,11,41,-30
29572,0,6,15,-9
29573,0,53,11,42
29577,0,11,9,2
29579,0,11,14,-3
29580,0,11,33,-22
29583,0,77,43,34
29584,0,112,60,52
29588,0,12,14,-2
29589,0,5,0,5
29590,0,9,48,-39
29591,0,24,28,-4
29592,0,174,137,37
29595,0,138,98,40
29596,0,36,1,35
29598,0,15,14,1
29601,0,3,33,-30
29604,0,662,695,-33
29605,0,9,21,-12
29607,0,12,59,-47
29608,0,16,76,-60
29611,0,195,186,9
29612,0,13,1,12
29614,0,35,75,-40
29616,0,28,2,26
29619,0,47,44,3
29620,0,9,61,-52
29621,0,48,5,43
29624,0,58,56,2
29625,0,91,69,22
29626,0,81,75,6
29628,0,28,43,-15
29629,0,27,49,-22
29633,0,69,38,31
29635,0,8,6,2
29636,0,12,12,0
29639,0,47,85,-38
29640,0,40,49,-9
29643,0,61,16,45
29644,0,6,10,-4
29645,0,54,13,41
29648,0,3,14,-11
29651,0,20,35,-15
29652,0,41,48,-7
29655,0,141,93,48
29657,0,22,28,-6
29658,0,21,33,-12
29659,0,30,31,-1
29662,0,112,139,-27
29663,0,39,13,26
29669,0,4,2,2
29673,0,2,11,-9
29674,0,33,15,18
29678,0,3,15,-12
29679,0,35,89,-54
29681,0,39,88,-49
29684,0,19,13,6
29685,0,11,21,-10
29687,0,38,22,16
29688,0,35,6,29
29691,0,58,47,11
29693,0,1,12,-11
29698,0,31,28,3
29701,0,164,161,3
29704,0,6,2,4
29705,0,6,67,-61
29707,0,35,31,4
29708,0,45,66,-21
29709,0,36,49,-13
29710,0,29,63,-34
29711,0,73,34,39
29712,0,34,41,-7
29714,0,4,14,-10
29715,0,299,355,-56
29716,0,11,14,-3
29718,0,2,9,-7
29719,0,13,56,-43
29720,0,124,144,-20
29723,0,2,4,-2
29725,0,8,21,-13
29728,0,33,38,-5
29730,0,63,104,-41
29731,0,11,25,-14
29732,0,41,47,-6
29733,0,12,25,-13
29734,0,21,51,-30
29735,0,51,17,34
29736,0,100,85,15
29737,0,66,40,26
29739,0,13,24,-11
29740,0,11,24,-13
29747,0,53,91,-38
29749,0,6,15,-9
29750,0,2,22,-20
29751,0,46,49,-3
29754,0,44,16,28
29756,0,90,36,54
29757,0,1,1,0
29758,0,27,15,12
29759,0,18,11,7
29760,0,30,26,4
29761,0,47,19,28
29763,0,8,53,-45
29764,0,6,7,-1
29766,0,26,27,-1
29767,0,6,22,-16
29768,0,5,8,-3
29769,0,82,89,-7
29770,0,9,17,-8
29773,0,48,61,-13
29774,0,15,47,-32
29775,0,8,15,-7
29778,0,137,177,-40
29779,0,37,56,-19
29784,0,16,2,14
29786,0,15,4,11
29791,0,40,11,29
29792,0,12,5,7
29793,0,76,57,19
29796,0,270,288,-18
29797,0,4,2,2
29798,0,28,2,26
29799,0,45,86,-41
29801,0,73,25,48
29803,0,96,140,-44
29804,0,64,31,33
29806,0,85,81,4
29808,0,15,31,-16
29809,0,26,23,3
29810,0,53,19,34
29811,0,3,1,2
29812,0,124,87,37
29813,0,74,94,-20
29814,0,149,182,-33
29819,0,2,4,-2
29821,0,4,13,-9
29822,0,163,210,-47
29823,0,104,62,42
29825,0,23,12,11
29826,0,9,35,-26
29827,0,38,81,-43
29829,0,2437,2390,47
29831,0,2,2,0
29832,0,42,11,31
29836,0,7,47,-40
29837,0,77,77,0
29838,0,24,25,-1
29839,0,417,461,-44
29840,0,2,45,-43
29841,0,14,24,-10
29844,0,20,8,12
29846,0,34,64,-30
29853,0,93,128,-35
29854,0,52,35,17
29861,0,246,279,-33
29862,0,33,53,-20
29864,0,10,14,-4
29865,0,4,4,0
29866,0,45,31,14
29869,0,11,24,-13
29870,0,2,0,2
29874,0,46,60,-14
29875,0,7,49,-42
29878,0,292,277,15
29881,0,10,18,-8
29882,0,7,5,2
29883,0,33,27,6
29884,0,17,17,0
29885,0,22,49,-27
29887,0,59,88,-29
29890,0,26,66,-40
29891,0,60,80,-20
29893,0,18,21,-3
29894,0,22,31,-9
29895,0,19,13,6
29896,0,42,46,-4
29898,0,10,14,-4
29900,0,325,276,49
29902,0,101,74,27
29903,0,70,59,11
29907,0,44,61,-17
29908,0,7,1,6
29915,0,56,29,27
29916,0,4,16,-12
29917,0,4,9,-5
29918,0,38,13,25
29919,0,2,38,-36
29920,0,5,62,-57
29921,0,18,8,10
29924,0,3,8,-5
29925,0,26,80,-54
29928,0,48,53,-5
29930,0,75,68,7
29931,0,41,17,24
29933,0,1,14,-13
29934,0,48,80,-32
29935,0,4,6,-2
29936,0,111,98,13
29939,0,2,1,1
29940,0,10,14,-4
29941,0,62,53,9
29942,0,34,22,12
29944,0,79,29,50
29945,0,40,8,32
29947,0,14,52,-38
29948,0,27,9,18
29950,0,97,54,43
29952,0,24,29,-5
29956,0,401,393,8
29958,0,64,11,53
29959,0,145,152,-7
29962,0,85,90,-5
29963,0,80,54,26
29964,0,15,15,0
29965,0,170,180,-10
29966,0,92,49,43
29967,0,137,108,29
29968,0,2,2,0
29969,0,48,101,-53
29970,0,196,161,35
29972,0,43,24,19
29975,0,187,238,-51
29976,0,16,3,13
29977,0,20,7,13
29978,0,2,7,-5
29979,0,18,61,-43
29980,0,12,24,-12
29983,0,16,48,-32
29985,0,3,3,0
29987,0,21,17,4
29988,0,2,16,-14
29990,0,61,64,-3
29992,0,7,22,-15
29994,0,34,24,10
29995,0,4,1,3
29997,0,15,11,4
29998,0,144,201,-57
30004,0,112,87,25
30005,0,122,74,48
30006,0,112,69,43
30009,0,5,24,-19
30010,0,5,9,-4
30011,0,16,31,-15
30012,0,107,58,49
30013,0,10,30,-20
30016,0,38,35,3
30017,0,94,51,43
30018,0,14,14,0
30019,0,106,145,-39
30020,0,2,50,-48
30021,0,38,80,-42
30023,0,10,36,-26
30024,0,2,1,1
30027,0,40,40,0
30028,0,47,90,-43
30029,0,40,13,27
30030,0,14,19,-5
30031,0,114,125,-11
30033,0,64,88,-24
30034,0,415,424,-9
30035,0,17,70,-53
30038,0,44,49,-5
30039,0,20,3,17
30040,0,8,1,7
30041,0,17,63,-46
30043,0,51,54,-3
30046,0,28,50,-22
30047,0,40,8,32
30049,0,26,54,-28
30050,0,18,38,-20
30051,0,47,2,45
30053,0,12,40,-28
30057,0,40,53,-13
30058,0,1,30,-29
30059,0,20,78,-58
30060,0,84,53,31
30062,0,4,2,2
30063,0,24,20,4
30067,0,51,108,-57
30069,0,18,33,-15
30074,0,32,19,13
30075,0,25,73,-48
30077,0,69,34,35
30078,0,1,17,-16
30079,0,1,17,-16
30082,0,120,122,-2
30083,0,7,13,-6
30084,0,36,11,25
30085,0,247,250,-3
30088,0,3,49,-46
30090,0,4,23,-19
30093,0,31,44,-13
30094,0,6,5,1
30095,0,49,44,5
30099,0,1,5,-4
30100,0,6,52,-46
30102,0,11,39,-28
30103,0,11,27,-16
30104,0,4,4,0
30106,0,99,77,22
30108,0,9,7,2
30110,0,119,68,51
30111,0,23,56,-33
30112,0,9,3,6
30116,0,15,26,-11
30118,0,21,12,9
30119,0,2,10,-8
30121,0,25,46,-21
30122,0,6,18,-12
30123,0,26,19,7
30124,0,197,227,-30
30125,0,167,219,-52
30126,0,4,33,-29
30127,0,7,15,-8
30129,0,56,31,25
30132,0,3,43,-40
30135,0,58,66,-8
30137,0,11,14,-3
30138,0,91,81,10
30139,0,38,54,-16
30140,0,55,87,-32
30141,0,2,15,-13
30142,0,5,51,-46
30145,0,8,1,7
30146,0,24,18,6
30148,0,23,48,-25
30149,0,11,25,-14
30151,0,13,4,9
30152,0,340,372,-32
30155,0,42,35,7
30156,0,122,107,15
30158,0,19,21,-2
30159,0,25,36,-11
30161,0,51,60,-9
30163,0,32,12,20
30166,0,22,16,6
30168,0,56,46,10
30169,0,87,133,-46
30170,0,1,50,-49
30173,0,76,24,52
30174,0,122,110,12
30176,0,2,7,-5
30178,0,17,17,0
30179,0,16,11,5
30181,0,6,21,-15
30182,0,25,24,1
30184,0,140,163,-23
30187,0,44,57,-13
30188,0,10,9,1
30189,0,996,959,37
30190,0,10,63,-53
30192,0,15,21,-6
30193,0,145,96,49
30197,0,109,97,12
30199,0,11,18,-7
30200,0,10,23,-13
30201,0,51,1,50
30202,0,17,44,-27
30203,0,107,89,18
30206,0,16,41,-25
30209,0,41,31,10
30211,0,62,51,11
30212,0,6,13,-7
30213,0,12,16,-4
30214,0,6,12,-6
30215,0,18,45,-27
30216,0,23,15,8
30217,0,31,56,-25
30220,0,14,55,-41
30222,0,26,20,6
30223,0,24,4,20
30224,0,25,6,19
30225,0,43,33,10
30227,0,120,125,-5
30228,0,18,55,-37
30229,0,56,56,0
30230,0,91,71,20
30231,0,33,69,-36
30232,0,27,45,-18
30233,0,29,72,-43
30234,0,2,60,-58
30235,0,8,38,-30
30237,0,43,73,-30
30239,0,27,44,-17
30240,0,39,1,38
30242,0,24,14,10
30244,0,1,3,-2
30246,0,30,30,0
30248,0,15,1,14
30249,0,20,18,2
30250,0,260,275,-15
30252,0,63,76,-13
30253,0,12,7,5
30256,0,29,25,4
30257,0,7,29,-22
30258,0,25,17,8
30260,0,22,18,4
30261,0,24,51,-27
30262,0,21,32,-11
30264,0,45,40,5
30265,0,12,15,-3
30266,0,3,12,-9
30267,0,19,39,-20
30268,0,13,45,-32
30269,0,56,95,-39
30270,0,69,54,15
30272,0,106,91,15
30273,0,30,13,17
30274,0,94,56,38
30275,0,4,6,-2
30277,0,21,45,-24
30279,0,23,19,4
30280,0,36,14,22
30281,0,10,28,-18
30282,0,163,111,52
30283,0,1,18,-17
30285,0,24,40,-16
30286,0,45,69,-24
30287,0,6,3,3
30288,0,55,17,38
30289,0,3,3,0
30291,0,10,4,6
30292,0,44,87,-43
30293,0,12,5,7
30294,0,37,47,-10
30295,0,49,58,-9
30296,0,56,60,-4
30298,0,4,8,-4
30299,0,120,113,7
30300,0,2,8,-6
30304,0,48,44,4
30305,0,8,6,2
30310,0,2,29,-27
30311,0,26,7,19
30313,0,61,51,10
30314,0,183,162,21
30315,0,102,148,-46
30316,0,1,4,-3
30319,0,4,14,-10
30320,0,65,75,-10
30324,0,10,36,-26
30325,0,74,71,3
30328,0,52,26,26
30329,0,86,97,-11
30330,0,59,84,-25
30332,0,11,12,-1
30334,0,2011,2004,7
30335,0,59,29,30
30336,0,25,33,-8
30337,0,29,17,12
30339,0,28,67,-39
30340,0,12,55,-43
30345,0,28,48,-20
30346,0,9,42,-33
30347,0,16,4,12
30348,0,1,1,0
30350,0,40,28,12
30354,0,20,8,12
30356,0,25,18,7
30358,0,20,80,-60
30359,0,65,14,51
30361,0,22,8,14
30362,0,22,3,19
30364,0,4,13,-9
30366,0,77,80,-3
30370,0,64,78,-14
30371,0,11,64,-53
30373,0,129,112,17
30374,0,4,20,-16
30375,0,2,19,-17
30383,0,3,56,-53
30384,0,12,14,-2
30385,0,12,9,3
30387,0,10,28,-18
30388,0,1,4,-3
30389,0,4,7,-3
30390,0,7,6,1
30392,0,12,7,5
30393,0,8,21,-13
30395,0,52,13,39
30396,0,3,38,-35
30399,0,54,80,-26
30400,0,204,155,49
30404,0,22,5,17
30405,0,21,28,-7
30407,0,92,133,-41
30408,0,112,131,-19
30411,0,46,80,-34
30413,0,3,12,-9
30414,0,6,9,-3
30415,0,7,22,-15
30417,0,14,12,2
30418,0,29,3,26
30420,0,8,36,-28
30423,0,3,13,-10
30424,0,2,5,-3
30429,0,48,50,-2
30431,0,1,32,-31
30432,0,3,14,-11
30433,0,2035,2095,-60
30435,0,24,35,-11
30436,0,62,42,20
30437,0,69,55,14
30439,0,53,39,14
30440,0,8,11,-3
30441,0,40,44,-4
30443,0,92,94,-2
30444,0,41,28,13
30445,0,3,13,-10
30446,0,27,85,-58
30450,0,46,36,10
30451,0,68,55,13
30453,0,6,14,-8
30455,0,163,198,-35
30456,0,26,43,-17
30457,0,6,36,-30
30463,0,4,8,-4
30464,0,37,63,-26
30466,0,45,20,25
30467,0,38,7,31
30469,0,53,45,8
30471,0,124,106,18
30472,0,2,33,-31
30474,0,8,5,3
30475,0,1954,2004,-50
30478,0,44,41,3
30480,0,42,96,-54
30481,0,10,12,-2
30483,0,23,69,-46
30486,0,1,36,-35
30487,0,5,1,4
30489,0,13,9,4
30492,0,36,27,9
30497,0,22,35,-13
30498,0,26,46,-20
30500,0,34,23,11
30501,0,40,75,-35
30502,0,2,1,1
30508,0,24,41,-17
30509,0,9,4,5
30512,0,13,47,-34
30513,0,32,55,-23
30514,0,47,24,23
30517,0,5,9,-4
30520,0,88,122,-34
30522,0,168,140,28
30523,0,33,61,-28
30524,0,13,10,3
30525,0,12,18,-6
30526,0,1,1,0
30529,0,23,45,-22
30530,0,7,12,-5
30532,0,46,89,-43
30533,0,21,15,6
30535,0,17,16,1
30536,0,9,43,-34
30538,0,7,11,-4
30542,0,42,8,34
30543,0,7,5,2
30545,0,16,31,-15
30546,0,61,75,-14
30547,0,235,231,4
30548,0,76,72,4
30551,0,8,3,5
30554,0,47,22,25
30555,0,4,25,-21
30556,0,75,58,17
30562,0,317,364,-47
30563,0,8,7,1
30564,0,49,58,-9
30568,0,16,24,-8
30570,0,6,19,-13
30573,0,39,36,3
30574,0,2,2,0
30575,0,13,17,-4
30577,0,31,4,27
30578,0,5,6,-1
30579,0,76,96,-20
30582,0,28,12,16
30583,0,34,31,3
30584,0,100,74,26
30585,0,243,244,-1
30586,0,57,69,-12
30588,0,39,73,-34
30589,0,30,62,-32
30590,0,117,136,-19
30592,0,318,303,15
30593,0,14,20,-6
30595,0,17,52,-35
30597,0,137,176,-39
30598,0,74,32,42
30599,0,156,167,-11
30600,0,27,47,-20
30601,0,22,70,-48
30602,0,95,144,-49
30604,0,333,366,-33
30605,0,11,13,-2
30608,0,25,38,-13
30609,0,6,7,-1
30611,0,85,76,9
30612,0,3,9,-6
30614,0,11,8,3
30616,0,5,0,5
30617,0,2,20,-18
30618,0,315,341,-26
30619,0,13,2,11
30621,0,21,17,4
30622,0,1,2,-1
30623,0,15,19,-4
30624,0,105,160,-55
30625,0,10,36,-26
30626,0,43,26,17
30627,0,40,86,-46
30628,0,61,46,15
30629,0,31,4,27
30630,0,12,12,0
30631,0,1,28,-27
30636,0,27,32,-5
30637,0,1,4,-3
30638,0,107,66,41
30639,0,12,33,-21
30640,0,15,37,-22
30641,0,64,15,49
30642,0,6,19,-13
30643,0,43,26,17
30644,0,26,55,-29
30645,0,251,263,-12
30647,0,78,72,6
30648,0,42,95,-53
30649,0,4,10,-6
30650,0,67,41,26
30652,0,18,24,-6
30656,0,12,62,-50
30657,0,121,67,54
30658,0,128,115,13
30659,0,11,4,7
30660,0,140,156,-16
30661,0,22,23,-1
30663,0,58,69,-11
30664,0,124,138,-14
30666,0,20,38,-18
30667,0,13,32,-19
30668,0,8,4,4
30669,0,5,9,-4
30670,0,32,59,-27
30671,0,1,3,-2
30673,0,11,23,-12
30676,0,13,13,0
30680,0,31,63,-32
30682,0,13,12,1
30683,0,32,22,10
30684,0,33,48,-15
30686,0,31,54,-23
30687,0,43,18,25
30688,0,1,24,-23
30689,0,15,12,3
30690,0,50,52,-2
30692,0,8,5,3
30693,0,412,413,-1
30695,0,88,103,-15
30696,0,19,11,8
30697,0,11,13,-2
30699,0,5,57,-52
30700,0,13,24,-11
30701,0,51,21,30
30704,0,70,66,4
30705,0,17,65,-48
30707,0,63,67,-4
30709,0,15,48,-33
30711,0,20,20,0
30712,0,5,28,-23
30713,0,4,20,-16
30714,0,19,50,-31
30715,0,6,13,-7
30717,0,9,32,-23
30718,0,14,33,-19
30720,0,69,35,34
30721,0,176,131,45
30723,0,2,29,-27
30724,0,2818,2828,-10
30726,0,12,7,5
30728,0,25,25,0
30729,0,5,20,-15
30730,0,117,91,26
30733,0,87,83,4
30734,0,6,13,-7
30735,0,7,4,3
30736,0,193,163,30
30741,0,55,70,-15
30743,0,14,10,4
30744,0,2,10,-8
30746,0,37,54,-17
30747,0,50,35,15
30748,0,23,7,16
30749,0,2,6,-4
30755,0,19,22,-3
30756,0,163,139,24
30757,0,182,222,-40
30758,0,4,1,3
30759,0,30,56,-26
30760,0,41,16,25
30762,0,7,28,-21
30766,0,49,72,-23
30767,0,16,38,-22
30768,0,31,19,12
30772,0,41,96,-55
30773,0,9,6,3
30774,0,70,34,36
30776,0,9,9,0
30778,0,14,3,11
30781,0,170,116,54
30782,0,242,303,-61
30785,0,39,63,-24
30788,0,10,42,-32
30789,0,105,59,46
30793,0,1,15,-14
30795,0,198,152,46
30797,0,60,82,-22
30799,0,114,147,-33
30800,0,29,14,15
30802,0,11,14,-3
30803,0,4,2,2
30804,0,21,12,9
30807,0,21,33,-12
30809,0,39,84,-45
30810,0,7,25,-18
30811,0,2,48,-46
30812,0,5,8,-3
30813,0,9,2,7
30814,0,20,59,-39
30817,0,85,37,48
30818,0,114,67,47
30819,0,31,24,7
30825,0,3,18,-15
30826,0,80,46,34
30827,0,35,60,-25
30831,0,17,12,5
30832,0,34,8,26
30835,0,5,11,-6
30836,0,1,2,-1
30837,0,82,29,53
30838,0,12,23,-11
30839,0,48,43,5
30842,0,60,105,-45
30843,0,18,8,10
30846,0,16,27,-11
30850,0,30,27,3
30852,0,1,10,-9
30853,0,70,55,15
30854,0,17,37,-20
30858,0,5,24,-19
30859,0,33,13,20
30865,0,45,50,-5
30866,0,117,130,-13
30867,0,30,32,-2
30869,0,9,2,7
30871,0,30,33,-3
30873,0,132,82,50
30874,0,63,54,9
30877,0,1,8,-7
30878,0,132,114,18
30881,0,23,16,7
30884,0,13,74,-61
30885,0,15,38,-23
30887,0,19,39,-20
30890,0,260,219,41
30891,0,42,30,12
30892,0,20,28,-8
30894,0,3,13,-10
30895,0,25,25,0
30898,0,17,59,-42
30899,0,21,20,1
30900,0,3,4,-1
30903,0,67,60,7
30906,0,35,96,-61
30908,0,57,43,14
30910,0,20,28,-8
30911,0,2,4,-2
30912,0,144,137,7
30915,0,66,69,-3
30917,0,35,3,32
30919,0,9,17,-8
30920,0,111,139,-28
30921,0,33,11,22
30922,0,46,46,0
30924,0,41,15,26
30925,0,156,147,9
30926,0,48,28,20
30928,0,31,41,-10
30929,0,288,319,-31
30931,0,3,4,-1
30932,0,105,113,-8
30933,0,126,122,4
30934,0,1,7,-6
30936,0,4,5,-1
30937,0,36,19,17
30942,0,9,30,-21
30943,0,127,102,25
30945,0,3,4,-1
30946,0,21,23,-2
30947,0,67,94,-27
30949,0,1,7,-6
30951,0,12,17,-5
30952,0,68,102,-34
30953,0,3,12,-9
30954,0,57,36,21
30955,0,4,22,-18
30956,0,3,23,-20
30958,0,10,67,-57
30959,0,32,24,8
30962,0,6,15,-9
30963,0,11,4,7
30965,0,39,28,11
30966,0,273,308,-35
30967,0,24,49,-25
30968,0,69,71,-2
30969,0,125,178,-53
30970,0,133,128,5
30971,0,6,13,-7
30973,0,36,21,15
30974,0,12,9,3
30977,0,14,29,-15
30979,0,2,57,-55
30980,0,40,66,-26
30981,0,345,306,39
30982,0,154,121,33
30984,0,33,53,-20
30985,0,118,80,38
30986,0,3,23,-20
30988,0,3,21,-18
30989,0,96,109,-13
30991,0,9,62,-53
30992,0,28,54,-26
30995,0,7,13,-6
30998,0,248,234,14
31000,0,13,9,4
31003,0,90,81,9
31006,0,226,202,24
31008,0,14,70,-56
31010,0,5,43,-38
31011,0,16,53,-37
31012,0,86,110,-24
31014,0,21,25,-4
31015,0,236,296,-60
31016,0,44,76,-32
31018,0,66,34,32
31019,0,27,65,-38
31020,0,1,7,-6
31021,0,40,5,35
31022,0,86,130,-44
31023,0,119,165,-46
31024,0,32,78,-46
31028,0,47,44,3
31030,0,7,1,6
31033,0,8,22,-14
31034,0,114,77,37
31036,0,18,27,-9
31037,0,68,111,-43
31038,0,63,43,20
31039,0,38,47,-9
31043,0,118,90,28
31045,0,64,96,-32
31047,0,39,41,-2
31049,0,93,67,26
31052,0,20,21,-1
31053,0,855,882,-27
31054,0,106,82,24
31056,0,12,56,-44
31057,0,129,78,51
31059,0,12,19,-7
31061,0,8,54,-46
31062,0,64,103,-39
31063,0,12,5,7
31064,0,150,115,35
31065,0,17,16,1
31068,0,22,2,20
31070,0,1,44,-43
31072,0,81,50,31
31073,0,49,27,22
31074,0,32,30,2
31076,0,48,32,16
31077,0,435,461,-26
31078,0,19,46,-27
31083,0,37,36,1
31084,0,16,40,-24
31085,0,7,8,-1
31086,0,54,12,42
31087,0,56,78,-22
31088,0,58,48,10
31090,0,50,8,42
31091,0,26,15,11
31093,0,3,6,-3
31094,0,33,7,26
31095,0,27,18,9
31099,0,84,57,27
31100,0,58,19,39
31103,0,15,5,10
31104,0,925,879,46
31106,0,3,4,-1
31107,0,10,5,5
31111,0,1270,1217,53
31112,0,110,81,29
31113,0,59,20,39
31114,0,865,821,44
31116,0,66,24,42
31117,0,2,14,-12
31120,0,164,151,13
31121,0,12,15,-3
31125,0,44,45,-1
31128,0,4,38,-34
31129,0,65,99,-34
31131,0,41,62,-21
31132,0,12,55,-43
31134,0,40,32,8
31136,0,284,284,0
31137,0,51,53,-2
31138,0,89,84,5
31139,0,50,20,30
31143,0,50,38,12
31146,0,50,52,-2
31148,0,12,12,0
31149,0,26,23,3
31153,0,83,47,36
31154,0,6,14,-8
31155,0,2,2,0
31156,0,2,24,-22
31157,0,63,95,-32
31158,0,29,78,-49
31160,0,30,29,1
31161,0,78,51,27
31162,0,53,65,-12
31164,0,10,5,5
31170,0,99,51,48
31171,0,8,7,1
31175,0,55,113,-58
31178,0,40,23,17
31180,0,21,29,-8
31182,0,65,51,14
31184,0,86,39,47
31185,0,10,4,6
31186,0,42,70,-28
31187,0,49,40,9
31193,0,15,18,-3
31194,0,23,27,-4
31195,0,46,14,32
31196,0,25,32,-7
31197,0,13,36,-23
31198,0,21,11,10
31199,0,55,9,46
31201,0,230,183,47
31202,0,423,376,47
31203,0,387,398,-11
31205,0,31,8,23
31206,0,43,32,11
31207,0,13,2,11
31208,0,150,121,29
31210,0,766,794,-28
31211,0,20,80,-60
31212,0,4,36,-32
31213,0,55,7,48
31214,0,4,25,-21
31215,0,143,92,51
31216,0,20,23,-3
31218,0,25,54,-29
31219,0,4,21,-17
31220,0,83,44,39
31222,0,24,63,-39
31223,0,16,17,-1
31225,0,46,29,17
31226,0,132,130,2
31227,0,9,14,-5
31228,0,15,56,-41
31230,0,36,10,26
31231,0,10,40,-30
31232,0,17,1,16
31234,0,3,7,-4
31237,0,54,63,-9
31238,0,85,43,42
31239,0,8,7,1
31241,0,40,60,-20
31242,0,12,6,6
31245,0,113,163,-50
31246,0,6,17,-11
31248,0,4,35,-31
31250,0,6,10,-4
31252,0,16,13,3
31254,0,8,5,3
31256,0,32,36,-4
31257,0,141,104,37
31258,0,11,11,0
31259,0,21,13,8
31260,0,11,1,10
31261,0,321,296,25
31264,0,17,8,9
31266,0,12,51,-39
31267,0,27,29,-2
31268,0,4,35,-31
31269,0,49,67,-18
31270,0,4,0,4
31274,0,62,8,54
31276,0,13,52,-39
31277,0,2,10,-8
31280,0,42,51,-9
31282,0,75,53,22
31285,0,23,37,-14
31287,0,32,18,14
31289,0,4,43,-39
31290,0,47,8,39
31291,0,34,7,27
31292,0,4,34,-30
31293,0,194,158,36
31294,0,234,275,-41
31298,0,99,129,-30
31299,0,31,7,24
31300,0,26,13,13
31302,0,15,21,-6
31303,0,236,262,-26
31304,0,10,42,-32
31306,0,61,99,-38
31307,0,6,10,-4
31308,0,284,292,-8
31309,0,2,3,-1
31311,0,19,27,-8
31313,0,7,16,-9
31314,0,31,46,-15
31315,0,6,13,-7
31324,0,235,241,-6
31325,0,5,13,-8
31328,0,14,33,-19
31329,0,4,13,-9
31332,0,193,209,-16
31333,0,3,8,-5
31334,0,6,14,-8
31335,0,24,48,-24
31337,0,115,82,33
31338,0,1,2,-1
31339,0,79,38,41
31340,0,32,47,-15
31342,0,152,98,54
31344,0,20,46,-26
31346,0,23,33,-10
31347,0,23,39,-16
31348,0,18,11,7
31349,0,13,8,5
31350,0,31,10,21
31352,0,47,52,-5
31353,0,78,128,-50
31355,0,30,11,19
31357,0,5,24,-19
31358,0,10,9,1
31360,0,16,43,-27
31361,0,16,8,8
31363,0,16,6,10
31365,0,31,65,-34
31366,0,14,15,-1
31368,0,8,3,5
31370,0,63,52,11
31371,0,20,35,-15
31372,0,46,63,-17
31373,0,27,33,-6
31374,0,14,32,-18
31376,0,6,13,-7
31378,0,32,7,25
31379,0,202,259,-57
31380,0,1,8,-7
31381,0,65,125,-60
31383,0,6,19,-13
31384,0,367,335,32
31385,0,49,13,36
31386,0,31,42,-11
31389,0,64,43,21
31391,0,2,3,-1
31392,0,20,21,-1
31399,0,64,22,42
31401,0,8,16,-8
31402,0,41,8,33
31403,0,26,13,13
31404,0,129,116,13
31410,0,1,43,-42
31411,0,8,49,-41
31413,0,8,6,2
31419,0,16,17,-1
31420,0,19,39,-20
31421,0,7,42,-35
31422,0,84,88,-4
31423,0,40,80,-40
31426,0,6,31,-25
31428,0,32,29,3
31429,0,36,41,-5
31430,0,15,19,-4
31433,0,4,8,-4
31434,0,8,26,-18
31435,0,2,9,-7
31436,0,3,16,-13
31437,0,2,12,-10
31438,0,32,24,8
31439,0,87,45,42
31441,0,16,71,-55
31442,0,13,47,-34
31443,0,23,17,6
31444,0,35,73,-38
31450,0,23,42,-19
31452,0,13,45,-32
31453,0,58,32,26
31454,0,2,10,-8
31455,0,41,26,15
31456,0,51,25,26
31458,0,1,5,-4
31459,0,28,1,27
31461,0,25,24,1
31466,0,18,9,9
31467,0,76,56,20
31469,0,63,55,8
31471,0,81,100,-19
31472,0,8,12,-4
31473,0,90,112,-22
31474,0,8,63,-55
31477,0,55,71,-16
31478,0,23,3,20
31479,0,10,11,-1
31481,0,61,30,31
31483,0,4,7,-3
31486,0,14,1,13
31487,0,3,1,2
31488,0,105,98,7
31489,0,11,6,5
31491,0,2,5,-3
31492,0,145,188,-43
31493,0,56,10,46
31494,0,16,5,11
31499,0,73,48,25
31500,0,16,29,-13
31501,0,81,104,-23
31503,0,19,10,9
31504,0,20,29,-9
31506,0,27,29,-2
31507,0,21,46,-25
31511,0,79,42,37
31513,0,16,6,10
31514,0,42,14,28
31516,0,15,15,0
31517,0,27,73,-46
31518,0,14,74,-60
31519,0,44,16,28
31521,0,18,54,-36
31523,0,46,38,8
31524,0,109,105,4
31525,0,13,3,10
31527,0,22,29,-7
31529,0,53,41,12
31531,0,26,2,24
31532,0,23,3,20
31534,0,78,55,23
31535,0,2,25,-23
31536,0,28,12,16
31537,0,117,141,-24
31539,0,32,58,-26
31541,0,2,2,0
31542,0,3,16,-13
31543,0,13,7,6
31545,0,2,5,-3
31546,0,29,9,20
31550,0,637,640,-3
31553,0,5,8,-3
31555,0,29,5,24
31556,0,40,16,24
31558,0,51,23,28
31562,0,97,59,38
31563,0,1,12,-11
31564,0,51,87,-36
31566,0,59,48,11
31568,0,27,14,13
31571,0,25,52,-27
31572,0,15,15,0
31573,0,51,20,31
31575,0,4,9,-5
31576,0,15,28,-13
31580,0,85,67,18
31581,0,3,30,-27
31582,0,25,70,-45
31583,0,15,26,-11
31586,0,289,261,28
31588,0,3,1,2
31589,0,9,28,-19
31591,0,49,2,47
31594,0,2,11,-9
31598,0,10,36,-26
31599,0,25,5,20
31602,0,46,13,33
31605,0,86,76,10
31607,0,137,93,44
31609,0,8,24,-16
31611,0,71,25,46
31616,0,67,111,-44
31618,0,68,80,-12
31619,0,4,26,-22
31620,0,72,79,-7
31621,0,16,24,-8
31624,0,2,15,-13
31625,0,22,25,-3
31626,0,32,10,22
31627,0,39,16,23
31628,0,41,84,-43
31630,0,6,38,-32
31631,0,24,17,7
31632,0,31,16,15
31633,0,88,60,28
31634,0,27,23,4
31636,0,7,4,3
31639,0,72,18,54
31640,0,39,50,-11
31642,0,114,155,-41
31645,0,45,56,-11
31646,0,1,10,-9
31652,0,4,10,-6
31653,0,3,28,-25
31654,0,39,39,0
31655,0,70,59,11
31658,0,10,33,-23
31659,0,102,108,-6
31662,0,23,6,17
31663,0,25,7,18
31664,0,58,39,19
31667,0,14,70,-56
31668,0,8,55,-47
31669,0,46,40,6
31673,0,25,15,10
31674,0,39,80,-41
31675,0,20,9,11
31679,0,12,6,6
31680,0,3,18,-15
31682,0,20,73,-53
31685,0,60,69,-9
31688,0,403,412,-9
31689,0,131,129,2
31690,0,52,46,6
31695,0,48,81,-33
31697,0,9,8,1
31698,0,6,30,-24
31699,0,13,19,-6
31701,0,1,21,-20
31702,0,3,4,-1
31704,0,60,79,-19
31706,0,17,32,-15
31708,0,59,58,1
31710,0,44,63,-19
31711,0,35,41,-6
31721,0,11,28,-17
31723,0,54,51,3
31724,0,22,8,14
31730,0,5,9,-4
31731,0,4,31,-27
31735,0,131,88,43
31737,0,15,49,-34
31738,0,16,50,-34
31739,0,4,1,3
31740,0,20,35,-15
31743,0,21,25,-4
31747,0,9,31,-22
31750,0,15,50,-35
31751,0,24,47,-23
31752,0,93,73,20
31753,0,104,57,47
31756,0,11,46,-35
31758,0,34,46,-12
31759,0,9,11,-2
31760,0,436,440,-4
31761,0,138,97,41
31763,0,8,23,-15
31764,0,4,14,-10
31765,0,41,102,-61
31767,0,17,32,-15
31770,0,243,196,47
31771,0,116,124,-8
31772,0,3,20,-17
31773,0,219,251,-32
31775,0,21,48,-27
31778,0,69,28,41
31779,0,38,4,34
31781,0,14,42,-28
31784,0,20,32,-12
31786,0,42,12,30
31789,0,16,15,1
31790,0,25,25,0
31795,0,66,49,17
31796,0,8,33,-25
31798,0,71,25,46
31799,0,3,13,-10
31807,0,85,41,44
31808,0,93,90,3
31809,0,51,52,-1
31810,0,29,58,-29
31812,0,19,28,-9
31813,0,11,20,-9
31815,0,93,49,44
31820,0,117,138,-21
31822,0,7,20,-13
31823,0,37,3,34
31825,0,4,2,2
31827,0,102,130,-28
31829,0,34,61,-27
31830,0,133,173,-40
31832,0,22,8,14
31835,0,22,34,-12
31838,0,8,14,-6
31839,0,41,24,17
31842,0,8,6,2
31844,0,9,3,6
31846,0,19,9,10
31848,0,34,55,-21
31849,0,13,21,-8
31852,0,15,4,11
31853,0,3,7,-4
31854,0,32,80,-48
31856,0,9,14,-5
31858,0,23,31,-8
31859,0,118,126,-8
31860,0,141,155,-14
31862,0,76,87,-11
31864,0,4,4,0
31865,0,150,210,-60
31866,0,64,105,-41
31867,0,24,38,-14
31869,0,25,29,-4
31870,0,2,6,-4
31871,0,1,2,-1
31873,0,4,7,-3
31875,0,225,205,20
31876,0,8,7,1
31878,0,23,33,-10
31879,0,2,9,-7
31880,0,28,46,-18
31881,0,28,14,14
31883,0,66,96,-30
31886,0,23,59,-36
31887,0,21,25,-4
31888,0,3,2,1
31891,0,38,13,25
31893,0,50,49,1
31894,0,3,6,-3
31896,0,3,1,2
31897,0,10,17,-7
31898,0,2,4,-2
31899,0,603,644,-41
31908,0,71,17,54
31909,0,32,47,-15
31912,0,24,76,-52
31914,0,28,31,-3
31915,0,16,38,-22
31916,0,139,170,-31
31917,0,51,46,5
31918,0,1,59,-58
31919,0,38,82,-44
31920,0,65,98,-33
31926,0,7,13,-6
31927,0,81,62,19
31928,0,46,30,16
31929,0,6,10,-4
31930,0,24,20,4
31933,0,90,73,17
31936,0,5,14,-9
31937,0,55,13,42
31938,0,43,70,-27
31939,0,83,41,42
31940,0,8,16,-8
31941,0,45,1,44
31942,0,14,65,-51
31943,0,206,211,-5
31944,0,107,158,-51
31945,0,68,116,-48
31946,0,115,172,-57
31948,0,4,5,-1
31949,0,67,112,-45
31950,0,11,18,-7
31951,0,32,26,6
31952,0,55,18,37
31954,0,9,18,-9
31955,0,20,8,12
31958,0,2,9,-7
31959,0,39,30,9
31960,0,30,24,6
31961,0,4,44,-40
31962,0,80,113,-33
31964,0,38,45,-7
31965,0,33,16,17
31966,0,122,145,-23
31968,0,5,8,-3
31969,0,61,28,33
31970,0,41,7,34
31972,0,14,12,2
31973,0,7,22,-15
31975,0,41,48,-7
31976,0,8,46,-38
31977,0,18,10,8
31978,0,3,10,-7
31979,0,143,168,-25
31982,0,293,279,14
31984,0,86,95,-9
31986,0,5,7,-2
31987,0,55,80,-25
31989,0,8,9,-1
31990,0,94,73,21
31992,0,3,6,-3
31993,0,61,56,5
31994,0,3,13,-10
31995,0,35,36,-1
31996,0,98,120,-22
31997,0,59,60,-1
31998,0,7,12,-5
31999,0,9,22,-13
32000,0,15,11,4
32001,0,50,55,-5
32002,0,12,10,2
32003,0,47,66,-19
32005,0,9,7,2
32006,0,76,80,-4
32008,0,4,5,-1
32010,0,16,1,15
32011,0,25,83,-58
32014,0,102,57,45
32015,0,2,3,-1
32016,0,5,8,-3
32017,0,21,17,4
32020,0,51,65,-14
32024,0,3,0,3
32026,0,16,16,0
32028,0,30,28,2
32032,0,24,19,5
32034,0,12,45,-33
32035,0,5,33,-28
32036,0,160,134,26
32037,0,7,52,-45
32038,0,72,126,-54
32039,0,13,12,1
32040,0,37,66,-29
32041,0,19,1,18
32044,0,35,5,30
32045,0,7,52,-45
32046,0,5,7,-2
32047,0,101,152,-51
32049,0,18,20,-2
32050,0,6,3,3
32052,0,4,4,0
32054,0,64,32,32
32055,0,7,15,-8
32056,0,14,25,-11
32059,0,17,29,-12
32060,0,8,31,-23
32064,0,10,7,3
32065,0,34,41,-7
32072,0,15,31,-16
32074,0,68,53,15
32075,0,4,1,3
32076,0,4,11,-7
32077,0,18,41,-23
32078,0,81,34,47
32080,0,4,0,4
32082,0,6,12,-6
32083,0,182,165,17
32084,0,10,35,-25
32085,0,45,27,18
32086,0,67,31,36
32088,0,34,48,-14
32089,0,79,113,-34
32092,0,137,94,43
32093,0,239,233,6
32096,0,6,5,1
32098,0,4,4,0
32100,0,17,37,-20
32101,0,4,11,-7
32102,0,39,47,-8
32103,0,1,3,-2
32105,0,41,40,1
32106,0,25,16,9
32108,0,30,21,9
32109,0,25,38,-13
32111,0,7,9,-2
32112,0,28,34,-6
32114,0,9,6,3
32119,0,13,2,11
32120,0,9,12,-3
32122,0,113,81,32
32123,0,138,135,3
32125,0,5,6,-1
32126,0,3,47,-44
32127,0,14,16,-2
32128,0,57,37,20
32129,0,36,39,-3
32130,0,44,59,-15
32131,0,77,64,13
32134,0,7,23,-16
32135,0,92,47,45
32136,0,22,1,21
32137,0,87,102,-15
32138,0,38,5,33
32141,0,11,9,2
32142,0,13,14,-1
32144,0,46,41,5
32146,0,27,18,9
32147,0,4,6,-2
32150,0,25,1,24
32151,0,31,25,6
32152,0,24,26,-2
32153,0,4,28,-24
32155,0,14,31,-17
32158,0,61,114,-53
32160,0,4,7,-3
32161,0,14,34,-20
32162,0,6,5,1
32163,0,92,63,29
32164,0,322,342,-20
32166,0,64,35,29
32167,0,103,112,-9
32169,0,49,36,13
32170,0,2,11,-9
32172,0,106,53,53
32174,0,67,57,10
32175,0,12,11,1
32176,0,18,57,-39
32177,0,6,7,-1
32178,0,25,15,10
32181,0,11,6,5
32184,0,32,42,-10
32186,0,103,150,-47
32187,0,117,63,54
32188,0,59,19,40
32189,0,18,22,-4
32191,0,33,25,8
32192,0,9,12,-3
32195,0,178,138,40
32196,0,3,17,-14
32197,0,73,101,-28
32198,0,43,65,-22
32199,0,37,19,18
32201,0,199,188,11
32202,0,120,73,47
32203,0,437,408,29
32205,0,52,29,23
32206,0,38,19,19
32208,0,26,19,7
32209,0,74,116,-42
32210,0,12,13,-1
32212,0,4,7,-3
32215,0,29,41,-12
32220,0,18,39,-21
32221,0,40,57,-17
32224,0,61,48,13
32227,0,1,5,-4
32228,0,1210,1174,36
32229,0,23,7,16
32232,0,5,27,-22
32233,0,3,39,-36
32235,0,71,89,-18
32237,0,51,15,36
32238,0,56,77,-21
32244,0,91,101,-10
32248,0,4,3,1
32249,0,32,20,12
32250,0,85,57,28
32251,0,307,330,-23
32252,0,4,9,-5
32253,0,40,50,-10
32254,0,2,15,-13
32256,0,37,53,-16
32258,0,21,47,-26
32259,0,22,6,16
32261,0,19,42,-23
32262,0,48,79,-31
32263,0,18,26,-8
32264,0,80,39,41
32266,0,92,48,44
32269,0,6,15,-9
32270,0,2,15,-13
32271,0,7,38,-31
32273,0,18,58,-40
32274,0,26,57,-31
32280,0,33,32,1
32282,0,103,69,34
32286,0,13,10,3
32287,0,186,245,-59
32288,0,144,140,4
32290,0,7,17,-10
32291,0,7,2,5
32293,0,72,36,36
32294,0,47,50,-3
32295,0,4,16,-12
32296,0,56,109,-53
32299,0,28,59,-31
32300,0,39,42,-3
32301,0,44,9,35
32305,0,4,24,-20
32306,0,9,42,-33
32308,0,10,28,-18
32311,0,62,33,29
32312,0,119,74,45
32314,0,19,30,-11
32315,0,43,43,0
32317,0,112,144,-32
32318,0,7,14,-7
32319,0,82,54,28
32320,0,130,89,41
32322,0,30,75,-45
32323,0,24,67,-43
32324,0,4,7,-3
32329,0,151,111,40
32333,0,37,28,9
32335,0,24,4,20
32336,0,20,22,-2
32338,0,9,5,4
32340,0,8,19,-11
32342,0,2,11,-9
32343,0,25,24,1
32344,0,1,15,-14
32345,0,15,47,-32
32346,0,5,6,-1
32350,0,65,16,49
32351,0,2,2,0
32352,0,11,9,2
32353,0,49,56,-7
32354,0,60,58,2
32356,0,19,46,-27
32358,0,48,14,34
32361,0,8,18,-10
32364,0,37,26,11
32366,0,19,15,4
32368,0,14,10,4
32369,0,27,50,-23
32371,0,54,42,12
32372,0,52,23,29
32374,0,32,26,6
32375,0,104,89,15
32376,0,5,15,-10
32378,0,2,4,-2
32380,0,16,22,-6
32383,0,8,8,0
32384,0,7,13,-6
32388,0,2,22,-20
32391,0,169,132,37
32393,0,5,14,-9
32395,0,40,44,-4
32396,0,113,137,-24
32402,0,32,22,10
32403,0,384,398,-14
32404,0,279,261,18
32405,0,60,20,40
32406,0,48,54,-6
32409,0,16,9,7
32410,0,4,0,4
32411,0,24,61,-37
32412,0,13,26,-13
32413,0,4,1,3
32416,0,12,22,-10
32417,0,18,38,-20
32420,0,18,42,-24
32422,0,79,103,-24
32423,0,5,18,-13
32425,0,24,14,10
32427,0,26,58,-32
32428,0,10,3,7
32429,0,41,24,17
32430,0,38,17,21
32432,0,33,25,8
32436,0,31,28,3
32438,0,123,134,-11
32439,0,34,53,-19
32441,0,11,8,3
32444,0,16,58,-42
32445,0,10,31,-21
32446,0,38,63,-25
32447,0,1,15,-14
32448,0,51,56,-5
32450,0,18,2,16
32453,0,21,14,7
32456,0,60,45,15
32457,0,3,41,-38
32458,0,114,143,-29
32460,0,18,17,1
32461,0,132,187,-55
32462,0,48,38,10
32465,0,1,4,-3
32467,0,126,92,34
32470,0,77,136,-59
32471,0,26,80,-54
32473,0,1,1,0
32477,0,3,8,-5
32478,0,43,47,-4
32480,0,19,16,3
32481,0,105,149,-44
32483,0,6,6,0
32485,0,378,357,21
32486,0,56,22,34
32487,0,47,73,-26
32488,0,24,11,13
32491,0,25,26,-1
32492,0,11,6,5
32494,0,67,82,-15
32495,0,9,21,-12
32499,0,77,44,33
32500,0,21,59,-38
32502,0,42,25,17
32503,0,37,37,0
32507,0,1,1,0
32511,0,59,62,-3
32513,0,11,23,-12
32514,0,36,32,4
32516,0,78,59,19
32519,0,33,31,2
32520,0,13,36,-23
32521,0,13,20,-7
32523,0,75,44,31
32524,0,145,191,-46
32526,0,59,87,-28
32528,0,7,3,4
32529,0,9,12,-3
32533,0,15,13,2
32534,0,175,121,54
32536,0,5,7,-2
32538,0,144,106,38
32539,0,3,4,-1
32542,0,34,28,6
32543,0,6,11,-5
32544,0,32,34,-2
32546,0,251,202,49
32547,0,164,164,0
32549,0,73,52,21
32550,0,50,67,-17
32551,0,86,84,2
32556,0,33,9,24
32561,0,18,8,10
32564,0,37,24,13
32566,0,121,92,29
32567,0,43,24,19
32568,0,113,94,19
32569,0,3,4,-1
32571,0,60,55,5
32573,0,46,19,27
32574,0,50,24,26
32575,0,12,4,8
32577,0,174,173,1
32580,0,54,48,6
32582,0,4,15,-11
32583,0,32,24,8
32584,0,16,38,-22
32585,0,57,100,-43
32586,0,16,11,5
32587,0,13,14,-1
32590,0,5,36,-31
32593,0,48,85,-37
32594,0,29,32,-3
32597,0,24,45,-21
32598,0,83,74,9
32599,0,32,4,28
32600,0,22,7,15
32601,0,22,11,11
32602,0,32,41,-9
32603,0,10,25,-15
32604,0,16,4,12
32605,0,60,15,45
32607,0,16,47,-31
32609,0,73,76,-3
32610,0,85,44,41
32611,0,10,40,-30
32612,0,72,32,40
32617,0,80,81,-1
32621,0,49,68,-19
32623,0,3,15,-12
32624,0,17,12,5
32625,0,36,35,1
32626,0,42,68,-26
32627,0,620,659,-39
32629,0,8,14,-6
32631,0,65,105,-40
32632,0,52,113,-61
32633,0,12,51,-39
32634,0,58,96,-38
32635,0,64,24,40
32636,0,65,71,-6
32637,0,182,134,48
32638,0,70,34,36
32639,0,71,30,41
32641,0,27,7,20
32643,0,40,41,-1
32646,0,15,29,-14
32647,0,44,53,-9
32649,0,151,107,44
32650,0,93,117,-24
32652,0,1,6,-5
32658,0,52,63,-11
32659,0,8,54,-46
32661,0,13,21,-8
32663,0,11,18,-7
32664,0,17,54,-37
32666,0,49,79,-30
32669,0,69,108,-39
32671,0,562,621,-59
32672,0,183,242,-59
32677,0,2,9,-7
32681,0,9,11,-2
32682,0,26,80,-54
32683,0,13,1,12
32684,0,119,177,-58
32686,0,228,225,3
32689,0,9,7,2
32690,0,192,195,-3
32691,0,34,6,28
32695,0,13,16,-3
32698,0,7,5,2
32699,0,25,10,15
32700,0,2,4,-2
32701,0,133,84,49
32702,0,28,29,-1
32704,0,10,24,-14
32705,0,43,96,-53
32706,0,33,32,1
32713,0,10,16,-6
32715,0,13,12,1
32716,0,2,22,-20
32717,0,17,39,-22
32718,0,5,2,3
32722,0,8,12,-4
32724,0,15,55,-40
32726,0,62,38,24
32727,0,24,20,4
32728,0,85,35,50
32730,0,86,73,13
32732,0,32,0,32
32735,0,30,73,-43
32738,0,91,82,9
32739,0,12,45,-33
32740,0,190,165,25
32744,0,6,12,-6
32745,0,29,48,-19
32746,0,375,359,16
32747,0,27,32,-5
32748,0,4,2,2
32756,0,133,162,-29
32757,0,546,502,44
32758,0,54,50,4
32760,0,16,33,-17
32761,0,1,4,-3
32762,0,6,44,-38
32763,0,3,6,-3
32764,0,43,100,-57
32768,0,12,10,2
32769,0,38,33,5
32770,0,129,105,24
32771,0,3,12,-9
32773,0,14,32,-18
32774,0,22,7,15
32777,0,122,86,36
32778,0,86,105,-19
32780,0,297,306,-9
32782,0,49,60,-11
32784,0,15,23,-8
32786,0,183,187,-4
32789,0,123,121,2
32791,0,1,0,1
32794,0,83,79,4
32796,0,1,2,-1
32797,0,2,1,1
32798,0,56,23,33
32800,0,6,3,3
32803,0,12,7,5
32804,0,21,8,13
32805,0,29,73,-44
32806,0,57,42,15
32807,0,57,110,-53
32808,0,11,24,-13
32809,0,46,73,-27
32810,0,20,2,18
32816,0,33,43,-10
32817,0,26,14,12
32819,0,58,20,38
32822,0,55,94,-39
32827,0,21,7,14
32828,0,7,11,-4
32829,0,12,17,-5
32830,0,12,36,-24
32835,0,2,5,-3
32838,0,50,11,39
32840,0,14,3,11
32841,0,94,53,41
32842,0,29,20,9
32843,0,32,36,-4
32844,0,21,11,10
32845,0,15,30,-15
32846,0,40,84,-44
32848,0,9,15,-6
32850,0,16,3,13
32851,0,23,29,-6
32852,0,130,91,39
32853,0,2,17,-15
32854,0,252,237,15
32860,0,108,71,37
32861,0,134,116,18
32862,0,75,123,-48
32866,0,24,18,6
32867,0,10,7,3
32868,0,46,36,10
32870,0,29,55,-26
32873,0,122,160,-38
32876,0,141,147,-6
32877,0,77,98,-21
32880,0,1,1,0
32881,0,41,88,-47
32883,0,6,9,-3
32887,0,6,38,-32
32888,0,15,61,-46
32889,0,3,4,-1
32892,0,22,3,19
32895,0,22,6,16
32899,0,10,6,4
32901,0,49,18,31
32902,0,9,8,1
32905,0,13,53,-40
32906,0,5,14,-9
32907,0,125,125,0
32908,0,179,201,-22
32909,0,2,3,-1
32911,0,1,9,-8
32912,0,14,30,-16
32915,0,238,243,-5
32916,0,15,73,-58
32918,0,84,73,11
32922,0,32,6,26
32924,0,9,2,7
32925,0,471,426,45
32926,0,6,6,0
32929,0,23,28,-5
32931,0,7,14,-7
32932,0,1,3,-2
32933,0,41,25,16
32936,0,17,19,-2
32937,0,39,8,31
32939,0,86,70,16
32940,0,121,138,-17
32941,0,44,60,-16
32942,0,17,52,-35
32943,0,2,21,-19
32944,0,4,19,-15
32946,0,48,95,-47
32947,0,17,44,-27
32949,0,133,182,-49
32952,0,11,4,7
32953,0,1,5,-4
32954,0,6,2,4
32956,0,13,22,-9
32957,0,55,48,7
32961,0,70,40,30
32963,0,30,17,13
32964,0,15,39,-24
32966,0,34,24,10
32968,0,2,16,-14
32970,0,17,10,7
32973,0,35,33,2
32974,0,30,20,10
32975,0,28,8,20
32977,0,241,265,-24
32979,0,12,20,-8
32984,0,25,13,12
32986,0,2,5,-3
32988,0,15,18,-3
32990,0,52,67,-15
32995,0,90,151,-61
32997,0,17,2,15
32998,0,68,88,-20
32999,0,56,70,-14
33000,0,33,30,3
33002,0,107,129,-22
33003,0,24,72,-48
33006,0,64,52,12
33007,0,25,10,15
33008,0,35,13,22
33013,0,53,47,6
33015,0,11,11,0
33018,0,29,17,12
33021,0,30,3,27
33022,0,13,17,-4
33027,0,16,65,-49
33028,0,17,7,10
33030,0,4,21,-17
33033,0,17,11,6
33035,0,18,40,-22
33036,0,11,61,-50
33037,0,11,56,-45
33038,0,109,127,-18
33040,0,4,8,-4
33041,0,14,6,8
33042,0,1288,1343,-55
33043,0,82,112,-30
33046,0,93,81,12
33047,0,30,43,-13
33051,0,16,75,-59
33052,0,8,5,3
33054,0,144,147,-3
33055,0,16,46,-30
33056,0,28,65,-37
33057,0,47,19,28
33059,0,2,15,-13
33060,0,12,40,-28
33062,0,9,32,-23
33063,0,53,18,35
33064,0,74,91,-17
33066,0,52,70,-18
33068,0,23,28,-5
33070,0,11,43,-32
33075,0,5,42,-37
33077,0,7,4,3
33078,0,1,9,-8
33079,0,9,7,2
33080,0,5,21,-16
33081,0,52,22,30
33082,0,5,1,4
33083,0,15,21,-6
33084,0,5,16,-11
33085,0,16,7,9
33086,0,35,23,12
33087,0,162,189,-27
33088,0,28,27,1
33092,0,130,98,32
33093,0,1,18,-17
33097,0,68,78,-10
33098,0,97,102,-5
33099,0,1,5,-4
33100,0,6,10,-4
33101,0,109,154,-45
33104,0,9,18,-9
33107,0,118,117,1
33108,0,1,3,-2
33109,0,31,14,17
33110,0,7,2,5
33112,0,9,15,-6
33113,0,34,29,5
33114,0,3,25,-22
33115,0,38,22,16
33116,0,7,30,-23
33117,0,48,7,41
33118,0,37,68,-31
33119,0,49,56,-7
33120,0,21,40,-19
33126,0,56,17,39
33127,0,7,1,6
33128,0,69,85,-16
33129,0,53,36,17
33130,0,6,2,4
33131,0,3,20,-17
33133,0,35,32,3
33134,0,21,8,13
33135,0,33,15,18
33136,0,23,23,0
33138,0,27,30,-3
33140,0,11,12,-1
33141,0,93,130,-37
33142,0,183,163,20
33144,0,20,44,-24
33147,0,77,26,51
33148,0,6,4,2
33149,0,2,7,-5
33150,0,6,22,-16
33151,0,105,99,6
33152,0,47,17,30
33154,0,2,8,-6
33158,0,40,41,-1
33161,0,68,83,-15
33164,0,3,10,-7
33165,0,6,52,-46
33166,0,7,31,-24
33167,0,76,57,19
33168,0,25,6,19
33169,0,45,83,-38
33170,0,16,27,-11
33174,0,7,60,-53
33175,0,9,22,-13
33176,0,5,18,-13
33177,0,59,118,-59
33179,0,31,37,-6
33180,0,16,32,-16
33181,0,19,18,1
33182,0,75,44,31
33183,0,144,154,-10
33184,0,67,22,45
33186,0,1,31,-30
33188,0,11,18,-7
33189,0,51,41,10
33192,0,13,4,9
33193,0,59,31,28
33195,0,10,25,-15
33197,0,31,7,24
33202,0,26,55,-29
33204,0,110,96,14
33205,0,74,124,-50
33206,0,49,0,49
33207,0,17,28,-11
33208,0,1,59,-58
33209,0,21,26,-5
33210,0,37,28,9
33211,0,198,155,43
33216,0,37,16,21
33219,0,46,14,32
33222,0,4,13,-9
33223,0,9,2,7
33225,0,9,14,-5
33227,0,375,389,-14
33228,0,15,32,-17
33229,0,8,44,-36
33230,0,18,57,-39
33235,0,99,69,30
33237,0,7,21,-14
33238,0,20,11,9
33239,0,51,31,20
33240,0,212,256,-44
33244,0,25,51,-26
33245,0,36,89,-53
33246,0,12,10,2
33247,0,47,37,10
33248,0,8,16,-8
33249,0,136,146,-10
33250,0,5,17,-12
33256,0,9,54,-45
33257,0,38,25,13
33258,0,74,88,-14
33259,0,28,30,-2
33260,0,14,14,0
33261,0,250,216,34
33262,0,56,42,14
33263,0,120,171,-51
33264,0,54,58,-4
33265,0,13,9,4
33266,0,45,7,38
33267,0,11,27,-16
33268,0,17,19,-2
33269,0,38,38,0
33270,0,12,15,-3
33271,0,9,44,-35
33272,0,9,15,-6
33273,0,4,13,-9
33274,0,71,65,6
33276,0,32,2,30
33280,0,17,17,0
33283,0,20,11,9
33285,0,56,32,24
33286,0,11,10,1
33287,0,368,321,47
33289,0,8,35,-27
33290,0,3,26,-23
33293,0,27,13,14
33295,0,18,10,8
33296,0,133,119,14
33298,0,13,58,-45
33299,0,48,71,-23
33300,0,115,92,23
33303,0,21,37,-16
33305,0,23,33,-10
33307,0,54,70,-16
33309,0,17,2,15
33313,0,33,68,-35
33314,0,42,50,-8
33315,0,30,22,8
33317,0,18,45,-27
33322,0,51,18,33
33324,0,541,489,52
33326,0,106,96,10
33327,0,2,3,-1
33328,0,128,164,-36
33332,0,44,64,-20
33333,0,5,57,-52
33339,0,10,18,-8
33340,0,6,37,-31
33341,0,12,10,2
33342,0,20,43,-23
33343,0,10,10,0
33346,0,16,29,-13
33347,0,26,73,-47
33348,0,5,1,4
33349,0,6,9,-3
33350,0,7,5,2
33354,0,10,12,-2
33355,0,60,70,-10
33358,0,118,141,-23
33362,0,20,19,1
33363,0,196,162,34
33366,0,7,7,0
33367,0,41,39,2
33369,0,10,13,-3
33371,0,81,45,36
33372,0,57,81,-24
33373,0,137,145,-8
33374,0,127,73,54
33376,0,52,1,51
33377,0,27,18,9
33378,0,54,43,11
33379,0,9,19,-10
33381,0,10,6,4
33382,0,52,26,26
33384,0,7,2,5
33385,0,42,14,28
33386,0,3,17,-14
33388,0,36,22,14
33389,0,30,6,24
33390,0,59,46,13
33394,0,24,35,-11
33395,0,87,85,2
33396,0,103,131,-28
33397,0,20,25,-5
33398,0,41,51,-10
33399,0,3,23,-20
33400,0,42,28,14
33402,0,128,117,11
33403,0,26,81,-55
33405,0,54,28,26
33407,0,255,309,-54
33409,0,5,15,-10
33410,0,102,73,29
33411,0,36,22,14
33412,0,32,58,-26
33413,0,32,77,-45
33414,0,18,72,-54
33419,0,42,78,-36
33420,0,138,158,-20
33422,0,69,36,33
33423,0,66,102,-36
33424,0,3,4,-1
33425,0,39,18,21
33428,0,41,29,12
33429,0,10,18,-8
33430,0,18,47,-29
33432,0,10,28,-18
33433,0,107,79,28
33438,0,9,41,-32
33440,0,35,30,5
33441,0,79,43,36
33444,0,19,19,0
33446,0,25,54,-29
33448,0,21,3,18
33450,0,226,233,-7
33452,0,40,18,22
33453,0,9,24,-15
33456,0,33,19,14
33457,0,5,9,-4
33458,0,30,35,-5
33459,0,37,9,28
33461,0,95,107,-12
33462,0,53,57,-4
33465,0,39,14,25
33466,0,20,13,7
33467,0,13,14,-1
33470,0,55,70,-15
33473,0,34,40,-6
33474,0,617,574,43
33476,0,5,17,-12
33477,0,57,50,7
33478,0,32,38,-6
33479,0,2,3,-1
33480,0,11,15,-4
33483,0,69,17,52
33486,0,22,24,-2
33489,0,6,22,-16
33491,0,80,57,23
33492,0,30,27,3
33493,0,5,10,-5
33495,0,12,14,-2
33496,0,10,26,-16
33497,0,9,36,-27
33499,0,72,96,-24
33501,0,62,36,26
33503,0,9,3,6
33504,0,28,9,19
33509,0,2,5,-3
33510,0,9,15,-6
33512,0,58,28,30
33515,0,2,4,-2
33517,0,4,6,-2
33519,0,32,64,-32
33520,0,1,12,-11
33522,0,22,14,8
33523,0,48,91,-43
33527,0,21,24,-3
33529,0,25,27,-2
33530,0,41,21,20
33531,0,28,34,-6
33533,0,103,63,40
33534,0,1998,2005,-7
33535,0,3,4,-1
33536,0,61,68,-7
33537,0,11,17,-6
33539,0,60,96,-36
33540,0,62,65,-3
33541,0,2,15,-13
33544,0,1,1,0
33545,0,8,10,-2
33546,0,25,22,3
33547,0,22,43,-21
33548,0,7,25,-18
33552,0,8,13,-5
33554,0,17,12,5
33555,0,11,23,-12
33557,0,13,22,-9
33558,0,32,47,-15
33559,0,19,39,-20
33562,0,11,13,-2
33564,0,81,39,42
33565,0,49,32,17
33567,0,12,13,-1
33569,0,12,9,3
33570,0,58,45,13
33571,0,33,37,-4
33573,0,7,24,-17
33574,0,39,27,12
33575,0,24,66,-42
33576,0,1,3,-2
33579,0,73,122,-49
33580,0,63,104,-41
33581,0,58,78,-20
33583,0,6,27,-21
33585,0,22,70,-48
33587,0,39,18,21
33588,0,9,49,-40
33597,0,16,61,-45
33598,0,5,13,-8
33600,0,21,9,12
33601,0,144,90,54
33602,0,156,107,49
33603,0,34,52,-18
33605,0,20,19,1
33608,0,20,60,-40
33609,0,7,3,4
33611,0,15,20,-5
33612,0,32,21,11
33613,0,7,16,-9
33616,0,41,32,9
33617,0,19,38,-19
33619,0,331,352,-21
33620,0,22,54,-32
33621,0,58,69,-11
33622,0,67,123,-56
33624,0,11,41,-30
33625,0,21,71,-50
33626,0,33,76,-43
33627,0,175,216,-41
33628,0,19,3,16
33630,0,11,30,-19
33631,0,28,4,24
33633,0,11,6,5
33635,0,25,8,17
33637,0,11,47,-36
33638,0,69,38,31
33640,0,178,163,15
33641,0,83,99,-16
33642,0,11,12,-1
33643,0,17,59,-42
33644,0,39,33,6
33645,0,4,19,-15
33647,0,71,91,-20
33648,0,14,11,3
33649,0,53,7,46
33650,0,26,9,17
33653,0,3,16,-13
33655,0,25,1,24
33656,0,26,53,-27
33657,0,24,28,-4
33658,0,62,107,-45
33661,0,11,20,-9
33663,0,20,22,-2
33664,0,5,20,-15
33666,0,316,353,-37
33670,0,14,30,-16
33674,0,49,45,4
33675,0,18,16,2
33676,0,153,200,-47
33678,0,57,72,-15
33679,0,25,10,15
33680,0,11,13,-2
33682,0,517,468,49
33683,0,62,81,-19
33685,0,54,39,15
33688,0,15,12,3
33689,0,60,63,-3
33690,0,3,9,-6
33691,0,46,11,35
33694,0,46,33,13
33695,0,7,4,3
33696,0,10,14,-4
33697,0,19,66,-47
33698,0,74,78,-4
33699,0,30,14,16
33701,0,3,1,2
33703,0,256,221,35
33705,0,14,37,-23
33706,0,12,36,-24
33709,0,66,56,10
33710,0,131,151,-20
33711,0,15,47,-32
33712,0,4,5,-1
33714,0,8,7,1
33717,0,5,23,-18
33718,0,866,814,52
33720,0,30,42,-12
33721,0,12,2,10
33722,0,10,10,0
33723,0,44,75,-31
33727,0,80,80,0
33728,0,27,35,-8
33729,0,2,1,1
33730,0,64,61,3
33731,0,112,122,-10
33734,0,58,115,-57
33738,0,33,30,3
33739,0,19,29,-10
33740,0,97,61,36
33743,0,248,207,41
33744,0,59,102,-43
33745,0,11,45,-34
33746,0,45,27,18
33747,0,19,27,-8
33749,0,23,36,-13
33750,0,8,18,-10
33751,0,232,235,-3
33752,0,26,30,-4
33753,0,51,37,14
33755,0,6,11,-5
33756,0,9,1,8
33757,0,221,192,29
33759,0,17,9,8
33760,0,8,24,-16
33761,0,3,9,-6
33762,0,47,87,-40
33763,0,63,81,-18
33764,0,4,5,-1
33766,0,7,2,5
33770,0,14,28,-14
33772,0,21,39,-18
33773,0,42,58,-16
33775,0,106,152,-46
33776,0,12,67,-55
33780,0,107,83,24
33781,0,27,34,-7
33782,0,220,185,35
33784,0,5,3,2
33786,0,3,5,-2
33791,0,45,36,9
33793,0,79,41,38
33796,0,2,13,-11
33798,0,72,35,37
33799,0,221,179,42
33800,0,56,79,-23
33802,0,1,12,-11
33804,0,49,59,-10
33805,0,54,103,-49
33806,0,42,79,-37
33808,0,8,36,-28
33809,0,85,60,25
33810,0,9,4,5
33814,0,532,540,-8
33816,0,1,1,0
33820,0,14,14,0
33824,0,49,57,-8
33825,0,39,33,6
33828,0,19,15,4
33830,0,144,164,-20
33832,0,18,13,5
33833,0,10,33,-23
33834,0,7,9,-2
33838,0,3,4,-1
33841,0,2,15,-13
33844,0,83,103,-20
33846,0,1,2,-1
33847,0,15,26,-11
33848,0,55,94,-39
33853,0,73,78,-5
33855,0,33,40,-7
33856,0,11,18,-7
33857,0,13,24,-11
33858,0,4,4,0
33860,0,2,8,-6
33863,0,10,10,0
33864,0,74,42,32
33867,0,53,69,-16
33868,0,96,79,17
33869,0,1,10,-9
33871,0,51,67,-16
33872,0,2,4,-2
33873,0,2,6,-4
33874,0,23,16,7
33875,0,66,126,-60
33876,0,3,1,2
33877,0,8,23,-15
33878,0,12,22,-10
33880,0,26,40,-14
33881,0,22,12,10
33883,0,9,7,2
33885,0,69,116,-47
33886,0,77,26,51
33887,0,9,1,8
33889,0,14,2,12
33890,0,48,75,-27
33894,0,23,26,-3
33895,0,4,8,-4
33897,0,87,35,52
33900,0,3,26,-23
33903,0,78,67,11
33905,0,63,78,-15
33906,0,8,43,-35
33907,0,2,8,-6
33909,0,5,21,-16
33914,0,82,100,-18
33916,0,18,57,-39
33917,0,32,85,-53
33920,0,4,4,0
33921,0,69,73,-4
33922,0,2,7,-5
33923,0,40,31,9
33925,0,78,28,50
33926,0,38,44,-6
33927,0,55,8,47
33928,0,5,52,-47
33930,0,52,57,-5
33932,0,27,54,-27
33935,0,9,8,1
33938,0,14,4,10
33939,0,47,28,19
33940,0,27,38,-11
33941,0,20,60,-40
33943,0,11,2,9
33947,0,52,58,-6
33948,0,12,32,-20
33950,0,20,13,7
33951,0,9,16,-7
33956,0,23,27,-4
33957,0,527,514,13
33958,0,47,42,5
33959,0,189,218,-29
33962,0,127,96,31
33963,0,29,4,25
33964,0,20,29,-9
33965,0,31,62,-31
33966,0,1,2,-1
33967,0,47,40,7
33968,0,63,65,-2
33969,0,51,56,-5
33971,0,33,50,-17
33972,0,225,171,54
33974,0,17,28,-11
33976,0,15,37,-22
33978,0,1,9,-8
33979,0,125,172,-47
33980,0,38,70,-32
33982,0,45,62,-17
33983,0,15,7,8
33989,0,16,18,-2
33993,0,102,54,48
33998,0,92,134,-42
34003,0,65,94,-29
34004,0,66,39,27
34006,0,22,26,-4
34008,0,8,46,-38
34010,0,13,25,-12
34011,0,21,13,8
34012,0,45,2,43
34013,0,40,12,28
34015,0,7,9,-2
34016,0,175,234,-59
34017,0,9,11,-2
34018,0,125,99,26
34019,0,69,18,51
34020,0,15,5,10
34021,0,80,46,34
34023,0,8,26,-18
34025,0,4,19,-15
34027,0,70,47,23
34030,0,7,45,-38
34031,0,12,25,-13
34032,0,30,6,24
34034,0,102,106,-4
34035,0,1072,1060,12
34038,0,10,4,6
34039,0,2,41,-39
34040,0,63,96,-33
34041,0,6,46,-40
34042,0,393,433,-40
34044,0,19,14,5
34046,0,160,120,40
34047,0,13,19,-6
34048,0,4,8,-4
34051,0,3,8,-5
34055,0,6,5,1
34056,0,36,55,-19
34059,0,60,50,10
34061,0,80,48,32
34063,0,41,47,-6
34064,0,48,76,-28
34067,0,33,80,-47
34071,0,46,71,-25
34073,0,58,39,19
34074,0,19,13,6
34076,0,11,50,-39
34078,0,2,10,-8
34079,0,14,3,11
34081,0,5,12,-7
34088,0,9,3,6
34089,0,3,17,-14
34090,0,2,21,-19
34091,0,17,11,6
34093,0,8,20,-12
34094,0,8,58,-50
34095,0,26,25,1
34098,0,34,7,27
34099,0,35,69,-34
34102,0,8,0,8
34104,0,2,33,-31
34106,0,40,29,11
34107,0,2,23,-21
34108,0,29,40,-11
34111,0,2,5,-3
34113,0,28,50,-22
34115,0,3,14,-11
34116,0,9,3,6
34118,0,19,11,8
34124,0,60,89,-29
34125,0,7,15,-8
34127,0,22,20,2
34129,0,9,24,-15
34132,0,72,67,5
34133,0,85,46,39
34135,0,180,222,-42
34136,0,11,19,-8
34137,0,11,23,-12
34138,0,5,5,0
34140,0,3,8,-5
34141,0,11,6,5
34142,0,9,12,-3
34143,0,93,91,2
34144,0,21,75,-54
34145,0,23,66,-43
34146,0,195,232,-37
34147,0,7,11,-4
34148,0,2,2,0
34155,0,292,321,-29
34159,0,48,49,-1
34160,0,9,1,8
34161,0,15,9,6
34163,0,8,12,-4
34164,0,41,74,-33
34167,0,76,93,-17
34168,0,44,21,23
34170,0,62,35,27
34171,0,24,46,-22
34172,0,13,7,6
34175,0,27,34,-7
34177,0,59,15,44
34178,0,5,7,-2
34179,0,192,193,-1
34181,0,27,35,-8
34182,0,12,42,-30
34183,0,70,93,-23
34184,0,34,57,-23
34185,0,2,2,0
34187,0,57,68,-11
34189,0,160,210,-50
34190,0,78,35,43
34191,0,876,864,12
34193,0,76,78,-2
34195,0,19,4,15
34196,0,7,3,4
34198,0,44,64,-20
34203,0,64,22,42
34205,0,72,96,-24
34209,0,582,604,-22
34210,0,2,6,-4
34211,0,5,25,-20
34215,0,72,61,11
34217,0,2,23,-21
34218,0,46,47,-1
34219,0,4,31,-27
34221,0,6,9,-3
34222,0,57,104,-47
34223,0,15,4,11
34225,0,19,19,0
34228,0,59,104,-45
34232,0,55,84,-29
34233,0,5,26,-21
34236,0,4,5,-1
34238,0,118,169,-51
34239,0,63,76,-13
34240,0,5,6,-1
34241,0,59,72,-13
34242,0,14,14,0
34243,0,70,47,23
34245,0,3,5,-2
34246,0,18,36,-18
34247,0,115,129,-14
34249,0,45,79,-34
34250,0,22,17,5
34251,0,38,95,-57
34252,0,41,3,38
34253,0,17,6,11
34254,0,5,18,-13
34255,0,29,59,-30
34256,0,19,69,-50
34257,0,35,18,17
34258,0,14,12,2
34259,0,153,135,18
34261,0,68,18,50
34262,0,49,84,-35
34265,0,15,66,-51
34266,0,16,10,6
34267,0,36,30,6
34268,0,7,10,-3
34270,0,34,5,29
34272,0,66,111,-45
34273,0,23,17,6
34274,0,79,33,46
34275,0,48,25,23
34277,0,81,42,39
34278,0,40,17,23
34279,0,21,26,-5
34282,0,59,62,-3
34283,0,6,31,-25
34284,0,47,33,14
34291,0,60,25,35
34295,0,8,13,-5
34296,0,174,157,17
34297,0,12,6,6
34299,0,75,28,47
34300,0,10,57,-47
34302,0,5,3,2
34307,0,52,46,6
34308,0,7,7,0
34311,0,79,138,-59
34312,0,24,8,16
34313,0,16,6,10
34314,0,22,45,-23
34315,0,16,22,-6
34316,0,9,0,9
34317,0,29,38,-9
34318,0,68,65,3
34321,0,88,61,27
34322,0,3,28,-25
34325,0,54,74,-20
34326,0,1,17,-16
34328,0,25,29,-4
34329,0,33,24,9
34331,0,2,4,-2
34332,0,53,14,39
34333,0,393,385,8
34334,0,36,41,-5
34335,0,3,11,-8
34336,0,4,17,-13
34337,0,51,10,41
34338,0,27,37,-10
34339,0,17,28,-11
34340,0,169,155,14
34341,0,5,1,4
34342,0,68,43,25
34343,0,2,10,-8
34346,0,14,11,3
34348,0,32,3,29
34349,0,2,4,-2
34353,0,9,4,5
34355,0,8,14,-6
34358,0,15,31,-16
34360,0,69,72,-3
34364,0,1311,1304,7
34365,0,4,9,-5
34366,0,29,31,-2
34367,0,20,15,5
34368,0,96,131,-35
34369,0,106,74,32
34370,0,1,11,-10
34372,0,6,23,-17
34373,0,106,71,35
34374,0,56,89,-33
34380,0,7,35,-28
34381,0,12,13,-1
34382,0,5,17,-12
34383,0,6,4,2
34384,0,26,56,-30
34385,0,58,45,13
34388,0,21,8,13
34390,0,196,196,0
34391,0,9,27,-18
34392,0,36,82,-46
34393,0,2246,2212,34
34396,0,37,64,-27
34397,0,34,11,23
34398,0,51,59,-8
34400,0,68,87,-19
34402,0,14,25,-11
34403,0,17,28,-11
34405,0,99,103,-4
34406,0,410,449,-39
34408,0,32,14,18
34409,0,2,9,-7
34411,0,47,40,7
34413,0,9,63,-54
34414,0,9,6,3
34415,0,22,48,-26
34418,0,39,19,20
34419,0,3,19,-16
34420,0,123,133,-10
34423,0,13,23,-10
34424,0,28,35,-7
34426,0,74,34,40
34430,0,28,9,19
34433,0,240,287,-47
34434,0,48,25,23
34438,0,16,29,-13
34440,0,7,3,4
34442,0,14,4,10
34444,0,12,24,-12
34449,0,5,4,1
34450,0,37,40,-3
34452,0,16,75,-59
34453,0,21,7,14
34456,0,34,4,30
34457,0,47,24,23
34460,0,38,52,-14
34461,0,5,20,-15
34462,0,75,70,5
34464,0,73,126,-53
34465,0,73,60,13
34469,0,14,1,13
34470,0,36,33,3
34471,0,3,11,-8
34472,0,10,6,4
34473,0,51,48,3
34474,0,37,32,5
34475,0,24,15,9
34476,0,3,1,2
34477,0,24,1,23
34479,0,13,4,9
34480,0,10,39,-29
34481,0,150,150,0
34482,0,11,21,-10
34483,0,1,10,-9
34485,0,12,11,1
34486,0,130,99,31
34491,0,52,76,-24
34492,0,120,100,20
34493,0,12,25,-13
34494,0,65,59,6
34495,0,61,63,-2
34497,0,6,6,0
34500,0,110,69,41
34501,0,31,62,-31
34502,0,576,604,-28
34503,0,13,42,-29
34506,0,8,9,-1
34507,0,40,49,-9
34508,0,68,26,42
34509,0,59,12,47
34510,0,54,16,38
34511,0,18,4,14
34513,0,75,72,3
34515,0,77,26,51
34517,0,33,57,-24
34519,0,5,10,-5
34522,0,1,1,0
34523,0,13,24,-11
34524,0,58,9,49
34525,0,43,34,9
34527,0,122,181,-59
34530,0,2,25,-23
34532,0,4,14,-10
34533,0,66,27,39
34534,0,167,206,-39
34535,0,24,17,7
34537,0,21,59,-38
34539,0,56,47,9
34540,0,10,28,-18
34542,0,148,97,51
34543,0,13,21,-8
34544,0,18,37,-19
34548,0,340,380,-40
34550,0,18,46,-28
34551,0,40,75,-35
34552,0,39,45,-6
34553,0,1,2,-1
34554,0,31,22,9
34556,0,9,8,1
34559,0,62,40,22
34560,0,36,86,-50
34562,0,9,18,-9
34563,0,19,52,-33
34570,0,39,38,1
34571,0,17,16,1
34572,0,50,10,40
34573,0,84,70,14
34574,0,116,77,39
34577,0,107,167,-60
34579,0,24,29,-5
34580,0,32,12,20
34584,0,33,27,6
34585,0,6,3,3
34587,0,97,65,32
34589,0,7,13,-6
34590,0,5,17,-12
34591,0,66,14,52
34592,0,176,231,-55
34593,0,24,64,-40
34595,0,21,37,-16
34596,0,28,82,-54
34597,0,36,38,-2
34600,0,142,143,-1
34603,0,4,18,-14
34605,0,17,6,11
34606,0,8,3,5
34608,0,96,128,-32
34611,0,51,38,13
34613,0,20,21,-1
34614,0,33,40,-7
34615,0,57,22,35
34616,0,63,19,44
34619,0,46,40,6
34626,0,447,452,-5
34627,0,88,140,-52
34630,0,254,205,49
34631,0,25,78,-53
34632,0,25,0,25
34635,0,5,14,-9
34638,0,1,7,-6
34639,0,16,5,11
34640,0,16,39,-23
34641,0,174,180,-6
34642,0,88,54,34
34643,0,15,51,-36
34645,0,95,58,37
34648,0,215,230,-15
34649,0,17,17,0
34650,0,16,71,-55
34651,0,29,24,5
34652,0,89,40,49
34653,0,43,45,-2
34656,0,98,96,2
34658,0,53,65,-12
34659,0,42,44,-2
34660,0,43,46,-3
34661,0,20,6,14
34665,0,3,6,-3
34668,0,18,12,6
34669,0,5,56,-51
34671,0,24,47,-23
34673,0,12,15,-3
34678,0,6,16,-10
34681,0,51,33,18
34682,0,11,20,-9
34683,0,100,101,-1
34684,0,8,22,-14
34686,0,21,22,-1
34689,0,15,8,7
34690,0,13,24,-11
34691,0,29,34,-5
34693,0,7,64,-57
34694,0,18,30,-12
34695,0,17,18,-1
34697,0,118,140,-22
34698,0,3,8,-5
34699,0,1,9,-8
34700,0,151,172,-21
34701,0,90,88,2
34702,0,8,8,0
34703,0,7,5,2
34705,0,2,27,-25
34709,0,7,7,0
34712,0,78,93,-15
34715,0,30,10,20
34716,0,164,200,-36
34717,0,44,66,-22
34718,0,20,5,15
34719,0,32,24,8
34723,0,22,53,-31
34724,0,162,163,-1
34725,0,44,22,22
34727,0,32,68,-36
34728,0,3,34,-31
34729,0,53,41,12
34732,0,12,32,-20
34734,0,7,12,-5
34737,0,36,18,18
34738,0,6,1,5
34739,0,160,137,23
34740,0,136,126,10
34741,0,35,20,15
34742,0,30,42,-12
34743,0,35,67,-32
34746,0,70,68,2
34747,0,50,66,-16
34748,0,27,53,-26
34750,0,17,15,2
34751,0,10,9,1
34752,0,13,11,2
34754,0,42,81,-39
34756,0,14,15,-1
34758,0,7,8,-1
34759,0,14,12,2
34761,0,274,306,-32
34764,0,16,14,2
34765,0,32,20,12
34767,0,7,25,-18
34768,0,14,47,-33
34769,0,5,28,-23
34771,0,77,41,36
34774,0,57,6,51
34776,0,148,163,-15
34777,0,351,394,-43
34778,0,2,7,-5
34779,0,137,193,-56
34780,0,23,31,-8
34782,0,28,36,-8
34783,0,24,51,-27
34785,0,230,192,38
34786,0,16,18,-2
34787,0,1131,1187,-56
34788,0,16,38,-22
34789,0,52,54,-2
34790,0,2,27,-25
34791,0,3,13,-10
34793,0,29,16,13
34794,0,28,68,-40
34795,0,44,36,8
34799,0,1,23,-22
34800,0,83,58,25
34801,0,49,107,-58
34803,0,21,69,-48
34804,0,67,97,-30
34806,0,36,43,-7
34807,0,4,11,-7
34808,0,7,2,5
34810,0,81,80,1
34811,0,37,35,2
34819,0,25,15,10
34821,0,148,208,-60
34822,0,21,10,11
34823,0,4,14,-10
34825,0,6,15,-9
34827,0,3,2,1
34830,0,2,19,-17
34831,0,6,12,-6
34832,0,17,44,-27
34834,0,10,1,9
34835,0,32,31,1
34839,0,2,34,-32
34841,0,17,28,-11
34843,0,42,61,-19
34844,0,39,69,-30
34845,0,3,10,-7
34846,0,27,80,-53
34848,0,8,17,-9
34850,0,62,54,8
34851,0,12,5,7
34852,0,15,27,-12
34853,0,7,23,-16
34854,0,59,55,4
34856,0,11,31,-20
34859,0,17,18,-1
34860,0,101,80,21
34861,0,11,18,-7
34863,0,6,21,-15
34867,0,47,30,17
34870,0,2,0,2
34871,0,1,1,0
34875,0,8,12,-4
34878,0,3,1,2
34879,0,68,52,16
34881,0,122,164,-42
34882,0,116,74,42
34883,0,4,36,-32
34885,0,15,25,-10
34887,0,149,158,-9
34888,0,40,33,7
34889,0,31,23,8
34890,0,4,30,-26
34892,0,57,115,-58
34894,0,247,194,53
34897,0,28,87,-59
34899,0,41,50,-9
34901,0,8,22,-14
34903,0,5,4,1
34905,0,13,9,4
34909,0,197,251,-54
34911,0,8,45,-37
34913,0,26,32,-6
34914,0,28,55,-27
34915,0,57,26,31
34916,0,75,111,-36
34917,0,21,23,-2
34918,0,417,450,-33
34919,0,12,28,-16
34920,0,88,55,33
34921,0,150,117,33
34922,0,16,15,1
34923,0,2,45,-43
34924,0,7,14,-7
34925,0,10,9,1
34926,0,316,326,-10
34927,0,70,26,44
34928,0,37,3,34
34929,0,41,12,29
34931,0,23,63,-40
34932,0,28,30,-2
34936,0,21,23,-2
34937,0,28,29,-1
34938,0,5,39,-34
34941,0,9,25,-16
34943,0,499,469,30
34945,0,53,2,51
34946,0,6,9,-3
34954,0,18,29,-11
34957,0,143,136,7
34958,0,59,9,50
34960,0,17,17,0
34961,0,16,29,-13
34963,0,16,40,-24
34964,0,12,7,5
34965,0,32,58,-26
34966,0,37,53,-16
34967,0,71,32,39
34972,0,73,22,51
34973,0,23,36,-13
34974,0,3,20,-17
34984,0,40,67,-27
34985,0,4,46,-42
34988,0,95,85,10
34989,0,55,9,46
34990,0,9,12,-3
34991,0,38,9,29
34992,0,79,127,-48
34993,0,33,78,-45
34994,0,15,23,-8
34997,0,36,1,35
34998,0,14,36,-22
35000,0,12,9,3
35003,0,142,195,-53
35005,0,171,145,26
35008,0,55,70,-15
35010,0,143,154,-11
35011,0,12,11,1
35014,0,393,345,48
35015,0,14,56,-42
35017,0,41,83,-42
35018,0,19,75,-56
35021,0,55,63,-8
35022,0,154,153,1
35023,0,1180,1198,-18
35027,0,112,158,-46
35028,0,17,18,-1
35029,0,8,0,8
35032,0,88,53,35
35033,0,116,66,50
35034,0,19,14,5
35035,0,5,30,-25
35036,0,95,72,23
35037,0,23,22,1
35039,0,40,11,29
35040,0,166,125,41
35041,0,84,51,33
35042,0,118,124,-6
35043,0,10,39,-29
35045,0,39,22,17
35048,0,7,16,-9
35049,0,1,6,-5
35050,0,55,57,-2
35051,0,1,19,-18
35054,0,20,15,5
35055,0,155,141,14
35056,0,109,156,-47
35058,0,10,27,-17
35059,0,6,18,-12
35061,0,9,17,-8
35064,0,42,11,31
35066,0,152,167,-15
35067,0,1,7,-6
35068,0,76,31,45
35069,0,67,78,-11
35071,0,71,104,-33
35072,0,367,350,17
35073,0,15,33,-18
35074,0,123,111,12
35075,0,7,14,-7
35077,0,39,95,-56
35078,0,27,44,-17
35079,0,86,34,52
35080,0,101,116,-15
35081,0,107,119,-12
35083,0,3,20,-17
35086,0,5,0,5
35087,0,134,132,2
35090,0,303,299,4
35092,0,1,11,-10
35093,0,18,18,0
35094,0,25,29,-4
35100,0,31,69,-38
35101,0,12,9,3
35102,0,12,31,-19
35103,0,2,6,-4
35104,0,25,22,3
35106,0,5,32,-27
35111,0,48,54,-6
35112,0,4,25,-21
35113,0,2,2,0
35116,0,37,56,-19
35117,0,4,15,-11
35118,0,662,667,-5
35120,0,56,86,-30
35121,0,3,12,-9
35122,0,50,72,-22
35125,0,27,59,-32
35130,0,16,19,-3
35132,0,30,50,-20
35133,0,3,12,-9
35136,0,9,28,-19
35138,0,7,19,-12
35139,0,7,19,-12
35141,0,42,30,12
35145,0,78,82,-4
35146,0,13,60,-47
35147,0,1,2,-1
35149,0,36,12,24
35150,0,11,50,-39
35154,0,16,29,-13
35155,0,11,48,-37
35159,0,146,156,-10
35164,0,19,21,-2
35165,0,21,12,9
35166,0,1,1,0
35167,0,895,881,14
35169,0,15,32,-17
35171,0,3,6,-3
35173,0,31,46,-15
35174,0,14,3,11
35175,0,10,3,7
35176,0,27,40,-13
35177,0,9,5,4
35180,0,18,1,17
35181,0,1,4,-3
35182,0,40,11,29
35185,0,83,114,-31
35186,0,16,11,5
35187,0,20,29,-9
35188,0,35,36,-1
35194,0,60,76,-16
35195,0,14,14,0
35196,0,10,13,-3
35197,0,8,51,-43
35199,0,9,8,1
35201,0,2,6,-4
35202,0,102,55,47
35204,0,42,33,9
35205,0,11,32,-21
35208,0,2,6,-4
35209,0,38,5,33
35211,0,25,17,8
35212,0,72,46,26
35214,0,10,23,-13
35215,0,25,59,-34
35216,0,456,443,13
35217,0,24,8,16
35219,0,4,3,1
35220,0,1,4,-3
35222,0,19,41,-22
35223,0,52,91,-39
35225,0,20,32,-12
35226,0,21,71,-50
35227,0,24,57,-33
35228,0,55,56,-1
35229,0,24,12,12
35231,0,4,27,-23
35237,0,6,8,-2
35239,0,35,31,4
35241,0,5,42,-37
35242,0,1,6,-5
35243,0,701,745,-44
35244,0,3,11,-8
35246,0,16,50,-34
35248,0,19,9,10
35249,0,13,12,1
35251,0,79,41,38
35253,0,80,52,28
35254,0,44,49,-5
35255,0,29,22,7
35256,0,76,101,-25
35257,0,111,115,-4
35258,0,1,4,-3
35260,0,12,17,-5
35261,0,31,51,-20
35262,0,90,44,46
35265,0,54,68,-14
35268,0,6,2,4
35269,0,77,23,54
35270,0,15,14,1
35272,0,3,9,-6
35273,0,30,10,20
35274,0,1,12,-11
35276,0,14,44,-30
35277,0,129,97,32
35278,0,10,20,-10
35281,0,8,14,-6
35283,0,91,70,21
35286,0,3,25,-22
35287,0,40,63,-23
35288,0,7,25,-18
35289,0,55,41,14
35294,0,553,561,-8
35296,0,10,7,3
35297,0,47,63,-16
35298,0,15,19,-4
35299,0,1,5,-4
35300,0,13,46,-33
35301,0,34,39,-5
35302,0,43,58,-15
35305,0,32,36,-4
35306,0,2,14,-12
35308,0,49,64,-15
35309,0,5,53,-48
35311,0,34,13,21
35312,0,2,4,-2
35313,0,15,7,8
35315,0,20,2,18
35317,0,15,11,4
35319,0,52,46,6
35320,0,33,23,10
35322,0,6,5,1
35323,0,2,3,-1
35324,0,18,79,-61
35325,0,11,50,-39
35326,0,7,33,-26
35327,0,9,22,-13
35328,0,36,14,22
35330,0,83,109,-26
35331,0,137,171,-34
35333,0,1251,1271,-20
35334,0,12,20,-8
35335,0,12,12,0
35336,0,1502,1519,-17
35337,0,7,31,-24
35339,0,13,48,-35
35340,0,2,8,-6
35342,0,41,50,-9
35344,0,42,80,-38
35345,0,193,181,12
35346,0,698,743,-45
35349,0,31,14,17
35350,0,15,3,12
35351,0,23,50,-27
35353,0,38,30,8
35354,0,2,3,-1
35356,0,34,82,-48
35358,0,94,62,32
35359,0,107,68,39
35360,0,34,8,26
35363,0,40,69,-29
35364,0,57,56,1
35366,0,4,19,-15
35367,0,9,26,-17
35368,0,51,31,20
35369,0,27,47,-20
35370,0,11,9,2
35372,0,62,12,50
35375,0,84,61,23
35378,0,50,47,3
35380,0,6,1,5
35381,0,2,6,-4
35383,0,7,52,-45
35384,0,5,29,-24
35386,0,58,69,-11
35387,0,36,34,2
35388,0,62,77,-15
35389,0,37,62,-25
35391,0,62,80,-18
35392,0,1,5,-4
35393,0,11,20,-9
35394,0,11,18,-7
35395,0,5,38,-33
35397,0,19,19,0
35398,0,17,28,-11
35399,0,73,30,43
35401,0,13,28,-15
35402,0,20,60,-40
35404,0,54,16,38
35409,0,10,21,-11
35412,0,14,45,-31
35413,0,43,24,19
35414,0,22,19,3
35417,0,1,39,-38
35418,0,67,111,-44
35422,0,6,4,2
35423,0,15,4,11
35425,0,53,30,23
35426,0,26,80,-54
35427,0,87,80,7
35429,0,47,84,-37
35431,0,19,23,-4
35432,0,175,131,44
35433,0,156,158,-2
35435,0,5,10,-5
35436,0,9,23,-14
35437,0,35,38,-3
35438,0,16,21,-5
35441,0,32,68,-36
35444,0,17,49,-32
35447,0,15,12,3
35449,0,17,22,-5
35454,0,788,808,-20
35455,0,20,14,6
35458,0,175,165,10
35460,0,25,61,-36
35461,0,23,7,16
35464,0,11,9,2
35465,0,17,37,-20
35466,0,27,54,-27
35467,0,37,19,18
35471,0,62,39,23
35472,0,18,17,1
35473,0,103,124,-21
35477,0,14,48,-34
35479,0,9,14,-5
35480,0,11,24,-13
35481,0,19,11,8
35482,0,36,24,12
35485,0,23,33,-10
35486,0,10,12,-2
35487,0,90,117,-27
35488,0,30,8,22
35492,0,6,21,-15
35495,0,2,12,-10
35497,0,15,46,-31
35498,0,5,54,-49
35499,0,18,19,-1
35501,0,16,49,-33
35502,0,43,42,1
35503,0,11,44,-33
35505,0,67,112,-45
35506,0,3,1,2
35507,0,46,39,7
35508,0,5,24,-19
35510,0,13,8,5
35511,0,66,95,-29
35512,0,4,10,-6
35517,0,46,16,30
35519,0,146,199,-53
35520,0,238,191,47
35521,0,15,48,-33
35522,0,39,35,4
35523,0,56,91,-35
35524,0,45,39,6
35525,0,8,19,-11
35526,0,13,21,-8
35528,0,17,21,-4
35532,0,40,67,-27
35533,0,90,115,-25
35534,0,11,9,2
35535,0,15,3,12
35537,0,49,85,-36
35538,0,3,10,-7
35539,0,9,52,-43
35540,0,17,48,-31
35541,0,16,36,-20
35543,0,52,14,38
35544,0,7,8,-1
35545,0,40,14,26
35547,0,51,21,30
35549,0,27,44,-17
35550,0,47,55,-8
35551,0,186,144,42
35552,0,8,11,-3
35555,0,47,26,21
35556,0,8,10,-2
35559,0,13,27,-14
35564,0,13,1,12
35565,0,53,85,-32
35566,0,3,7,-4
35568,0,40,26,14
35569,0,18,12,6
35571,0,33,11,22
35572,0,30,30,0
35573,0,50,92,-42
35574,0,6,10,-4
35575,0,32,9,23
35576,0,5,8,-3
35578,0,14,10,4
35579,0,298,329,-31
35580,0,13,38,-25
35581,0,5,13,-8
35582,0,3,8,-5
35584,0,35,91,-56
35585,0,6,18,-12
35587,0,298,357,-59
35588,0,10,35,-25
35591,0,11,19,-8
35593,0,41,39,2
35594,0,9,3,6
35596,0,32,50,-18
35597,0,2,3,-1
35600,0,9,17,-8
35601,0,19,16,3
35603,0,28,65,-37
35606,0,141,166,-25
35607,0,3,7,-4
35610,0,102,94,8
35613,0,1,13,-12
35614,0,16,13,3
35617,0,1,17,-16
35619,0,95,56,39
35621,0,16,17,-1
35622,0,12,3,9
35623,0,33,27,6
35624,0,34,13,21
35626,0,8,11,-3
35629,0,9,54,-45
35631,0,21,29,-8
35632,0,20,49,-29
35633,0,60,43,17
35634,0,80,42,38
35635,0,11,19,-8
35636,0,40,36,4
35637,0,6,1,5
35638,0,23,70,-47
35641,0,26,6,20
35642,0,104,79,25
35643,0,60,56,4
35645,0,13,47,-34
35646,0,54,34,20
35647,0,40,51,-11
35648,0,19,33,-14
35649,0,4,14,-10
35651,0,4,38,-34
35652,0,54,95,-41
35653,0,11,20,-9
35658,0,7,1,6
35659,0,89,49,40
35660,0,4,16,-12
35661,0,28,7,21
35662,0,12,30,-18
35663,0,27,77,-50
35664,0,15,7,8
35665,0,20,52,-32
35667,0,18,79,-61
35669,0,35,63,-28
35670,0,655,640,15
35671,0,8,18,-10
35673,0,14,12,2
35674,0,82,63,19
35676,0,68,47,21
35677,0,11,15,-4
35678,0,18,15,3
35679,0,24,43,-19
35680,0,302,311,-9
35684,0,22,57,-35
35685,0,95,75,20
35686,0,4,39,-35
35687,0,86,103,-17
35688,0,91,107,-16
35690,0,49,82,-33
35693,0,65,30,35
35695,0,312,335,-23
35696,0,4,7,-3
35697,0,22,18,4
35698,0,39,57,-18
35700,0,9,63,-54
35701,0,8,11,-3
35702,0,1,2,-1
35703,0,32,26,6
35706,0,101,130,-29
35708,0,142,117,25
35709,0,32,55,-23
35711,0,33,9,24
35712,0,33,62,-29
35714,0,257,241,16
35717,0,17,3,14
35718,0,14,27,-13
35720,0,35,13,22
35721,0,5,8,-3
35722,0,14,3,11
35723,0,36,11,25
35724,0,6,58,-52
35725,0,3,6,-3
35726,0,26,79,-53
35727,0,23,21,2
35728,0,44,9,35
35729,0,19,27,-8
35730,0,10,6,4
35732,0,28,4,24
35733,0,5,11,-6
35736,0,55,30,25
35737,0,220,237,-17
35738,0,3,1,2
35739,0,14,29,-15
35740,0,25,46,-21
35741,0,3,12,-9
35743,0,3,61,-58
35746,0,49,92,-43
35747,0,33,89,-56
35748,0,64,70,-6
35750,0,20,48,-28
35751,0,10,9,1
35752,0,70,66,4
35754,0,3,4,-1
35757,0,45,75,-30
35758,0,61,7,54
35759,0,5,14,-9
35763,0,2,17,-15
35765,0,5,5,0
35766,0,110,101,9
35769,0,118,81,37
35774,0,15,14,1
35777,0,8,29,-21
35778,0,46,41,5
35779,0,40,52,-12
35780,0,74,125,-51
35781,0,28,34,-6
35782,0,46,27,19
35784,0,20,13,7
35785,0,73,102,-29
35788,0,17,5,12
35791,0,25,18,7
35794,0,49,8,41
35795,0,36,10,26
35797,0,3,14,-11
35798,0,31,8,23
35800,0,13,67,-54
35801,0,456,479,-23
35802,0,2,4,-2
35805,0,1,3,-2
35808,0,137,196,-59
35809,0,30,53,-23
35811,0,18,25,-7
35812,0,17,13,4
35813,0,47,56,-9
35816,0,15,31,-16
35817,0,10,12,-2
35818,0,56,77,-21
35819,0,19,27,-8
35822,0,60,41,19
35823,0,12,32,-20
35824,0,5,55,-50
35825,0,37,6,31
35826,0,110,122,-12
35829,0,398,423,-25
35830,0,1,4,-3
35831,0,66,70,-4
35832,0,41,9,32
35833,0,41,47,-6
35834,0,8,3,5
35836,0,50,81,-31
35837,0,48,4,44
35841,0,12,15,-3
35842,0,139,92,47
35844,0,8,10,-2
35845,0,17,5,12
35846,0,1,6,-5
35847,0,5,21,-16
35850,0,19,16,3
35853,0,8,23,-15
35854,0,11,19,-8
35856,0,22,1,21
35857,0,4,55,-51
35858,0,66,73,-7
35860,0,12,2,10
35864,0,22,52,-30
35866,0,34,23,11
35868,0,403,437,-34
35869,0,31,4,27
35870,0,4,48,-44
35871,0,126,186,-60
35873,0,69,24,45
35874,0,4,6,-2
35877,0,116,96,20
35879,0,6,6,0
35880,0,99,94,5
35882,0,48,5,43
35883,0,17,64,-47
35884,0,2,4,-2
35885,0,3677,3655,22
35886,0,31,51,-20
35887,0,89,147,-58
35893,0,4,17,-13
35894,0,2,12,-10
35895,0,7,8,-1
35898,0,17,60,-43
35901,0,57,4,53
35902,0,183,185,-2
35903,0,368,364,4
35904,0,41,14,27
35905,0,8,8,0
35906,0,18,24,-6
35907,0,8,4,4
35908,0,29,2,27
35909,0,15,15,0
35910,0,46,73,-27
35912,0,56,9,47
35914,0,366,367,-1
35918,0,2,11,-9
35919,0,21,6,15
35921,0,76,100,-24
35923,0,13,44,-31
35924,0,13,19,-6
35932,0,137,182,-45
35933,0,90,68,22
35934,0,40,41,-1
35935,0,24,12,12
35937,0,106,156,-50
35938,0,26,11,15
35941,0,12,51,-39
35943,0,22,18,4
35946,0,72,107,-35
35947,0,431,408,23
35948,0,59,73,-14
35949,0,46,55,-9
35951,0,28,27,1
35953,0,3,14,-11
35954,0,29,17,12
35955,0,30,33,-3
35956,0,19,32,-13
35958,0,12,0,12
35960,0,16,29,-13
35961,0,119,117,2
35964,0,29,84,-55
35965,0,27,74,-47
35967,0,48,27,21
35971,0,6,0,6
35973,0,4,19,-15
35975,0,14,12,2
35977,0,3,35,-32
35979,0,255,218,37
35980,0,18,15,3
35981,0,13,11,2
35982,0,99,152,-53
35985,0,15,18,-3
35988,0,27,32,-5
35990,0,4,63,-59
35991,0,1,38,-37
35992,0,923,942,-19
35993,0,162,218,-56
35995,0,27,27,0
35997,0,25,37,-12
35999,0,23,15,8
36000,0,10,14,-4
36001,0,50,33,17
36002,0,70,29,41
36005,0,11,16,-5
36007,0,46,36,10
36009,0,6,15,-9
36010,0,31,90,-59
36011,0,49,11,38
36013,0,6,65,-59
36014,0,22,35,-13
36015,0,13,40,-27
36016,0,8,41,-33
36017,0,75,23,52
36018,0,67,79,-12
36021,0,32,28,4
36022,0,11,5,6
36023,0,35,21,14
36024,0,18,50,-32
36025,0,16,43,-27
36026,0,11,17,-6
36028,0,2,20,-18
36029,0,50,7,43
36031,0,63,73,-10
36035,0,229,223,6
36039,0,38,11,27
36040,0,18,48,-30
36041,0,3,12,-9
36042,0,15,2,13
36044,0,36,4,32
36046,0,2,22,-20
36047,0,5,12,-7
36049,0,24,44,-20
36050,0,5,17,-12
36052,0,84,66,18
36054,0,131,142,-11
36055,0,7,11,-4
36056,0,15,40,-25
36058,0,127,148,-21
36059,0,126,122,4
36060,0,22,62,-40
36061,0,9,2,7
36062,0,47,102,-55
36064,0,29,47,-18
36067,0,32,41,-9
36069,0,17,12,5
36070,0,16,28,-12
36074,0,43,83,-40
36075,0,53,46,7
36081,0,123,95,28
36083,0,7,13,-6
36086,0,72,47,25
36087,0,6,17,-11
36088,0,4,10,-6
36089,0,114,83,31
36090,0,12,36,-24
36091,0,49,61,-12
36092,0,45,67,-22
36093,0,74,20,54
36099,0,7,26,-19
36101,0,29,11,18
36103,0,4,6,-2
36104,0,326,311,15
36109,0,242,225,17
36110,0,15,22,-7
36112,0,43,18,25
36114,0,4,26,-22
36115,0,16,57,-41
36116,0,14,25,-11
36119,0,91,101,-10
36120,0,1,27,-26
36122,0,78,95,-17
36124,0,6,34,-28
36129,0,71,46,25
36130,0,38,18,20
36131,0,1,9,-8
36132,0,9,37,-28
36133,0,24,33,-9
36134,0,3,6,-3
36135,0,99,109,-10
36138,0,40,99,-59
36139,0,5,52,-47
36140,0,3732,3704,28
36146,0,10,24,-14
36147,0,59,103,-44
36148,0,4,3,1
36151,0,32,54,-22
36156,0,20,19,1
36158,0,1679,1629,50
36161,0,2,36,-34
36165,0,55,13,42
36166,0,14,36,-22
36167,0,9,8,1
36171,0,20,8,12
36177,0,10,22,-12
36181,0,735,793,-58
36182,0,157,116,41
36183,0,10,9,1
36184,0,87,147,-60
36185,0,9,7,2
36189,0,16,21,-5
36194,0,6,9,-3
36197,0,64,14,50
36198,0,128,94,34
36200,0,10,8,2
36203,0,52,12,40
36204,0,46,80,-34
36205,0,3,14,-11
36207,0,60,78,-18
36208,0,7,18,-11
36209,0,4,15,-11
36212,0,3,7,-4
36214,0,40,39,1
36216,0,2,2,0
36217,0,22,71,-49
36219,0,96,54,42
36220,0,202,224,-22
36221,0,28,3,25
36223,0,9,28,-19
36226,0,2,5,-3
36230,0,16,24,-8
36231,0,114,108,6
36233,0,1,1,0
36234,0,3,3,0
36235,0,13,21,-8
36236,0,78,53,25
36237,0,1,8,-7
36238,0,4,21,-17
36240,0,12,38,-26
36244,0,61,21,40
36245,0,12,6,6
36250,0,44,11,33
36252,0,3,11,-8
36253,0,85,133,-48
36254,0,42,76,-34
36255,0,31,26,5
36256,0,61,108,-47
36258,0,13,5,8
36259,0,2426,2471,-45
36260,0,28,4,24
36261,0,12,18,-6
36262,0,7,9,-2
36264,0,16,2,14
36266,0,49,103,-54
36267,0,7,4,3
36272,0,2,20,-18
36275,0,11,14,-3
36276,0,4,4,0
36277,0,8,10,-2
36279,0,147,162,-15
36282,0,13,35,-22
36284,0,95,150,-55
36285,0,3,9,-6
36286,0,19,14,5
36287,0,6,45,-39
36289,0,5,17,-12
36291,0,59,111,-52
36292,0,23,12,11
36294,0,62,103,-41
36296,0,5,7,-2
36297,0,131,123,8
36298,0,181,143,38
36300,0,137,197,-60
36303,0,10,44,-34
36306,0,22,4,18
36308,0,31,38,-7
36312,0,95,44,51
36313,0,44,17,27
36315,0,4,63,-59
36316,0,74,126,-52
36318,0,312,259,53
36319,0,8,2,6
36320,0,13,1,12
36321,0,63,25,38
36322,0,42,51,-9
36324,0,14,4,10
36325,0,10,62,-52
36326,0,49,19,30
36328,0,35,44,-9
36329,0,20,64,-44
36332,0,36,11,25
36334,0,48,13,35
36335,0,32,2,30
36336,0,63,44,19
36338,0,227,244,-17
36340,0,3,12,-9
36341,0,30,70,-40
36342,0,142,145,-3
36346,0,14,14,0
36348,0,22,12,10
36349,0,5,11,-6
36350,0,131,111,20
36352,0,42,80,-38
36354,0,7,6,1
36356,0,32,54,-22
36358,0,17,3,14
36359,0,81,121,-40
36362,0,15,29,-14
36363,0,99,153,-54
36365,0,6,3,3
36367,0,63,22,41
36370,0,29,1,28
36371,0,29,4,25
36372,0,109,157,-48
36375,0,12,62,-50
36376,0,25,68,-43
36378,0,52,64,-12
36379,0,10,24,-14
36380,0,110,100,10
36382,0,99,81,18
36384,0,47,26,21
36385,0,78,64,14
36386,0,98,117,-19
36388,0,1,6,-5
36389,0,19,17,2
36390,0,14,4,10
36394,0,107,62,45
36397,0,62,35,27
36398,0,3,10,-7
36400,0,16,33,-17
36401,0,6,46,-40
36402,0,21,30,-9
36404,0,591,642,-51
36407,0,11,27,-16
36408,0,2,3,-1
36409,0,24,21,3
36410,0,9,5,4
36412,0,24,24,0
36413,0,51,64,-13
36414,0,361,404,-43
36415,0,3,15,-12
36416,0,54,78,-24
36417,0,1711,1666,45
36419,0,69,38,31
36421,0,1,29,-28
36423,0,10,5,5
36424,0,90,72,18
36427,0,26,56,-30
36428,0,37,22,15
36429,0,19,4,15
36430,0,12,9,3
36433,0,47,69,-22
36434,0,75,117,-42
36435,0,13,34,-21
36440,0,83,136,-53
36441,0,5,0,5
36443,0,85,132,-47
36448,0,27,85,-58
36450,0,20,11,9
36451,0,44,13,31
36452,0,3,3,0
36453,0,4,14,-10
36457,0,48,19,29
36458,0,37,90,-53
36459,0,1,17,-16
36462,0,110,84,26
36470,0,29,26,3
36471,0,14,42,-28
36474,0,92,59,33
36475,0,46,69,-23
36477,0,203,170,33
36480,0,7,54,-47
36481,0,683,690,-7
36482,0,2,7,-5
36483,0,3,37,-34
36485,0,5,15,-10
36486,0,528,483,45
36487,0,218,165,53
36488,0,1,3,-2
36489,0,82,32,50
36491,0,66,64,2
36492,0,28,23,5
36495,0,16,61,-45
36496,0,221,275,-54
36497,0,6,18,-12
36498,0,13,3,10
36500,0,36,51,-15
36502,0,9,23,-14
36504,0,60,82,-22
36505,0,12,11,1
36506,0,39,50,-11
36507,0,42,50,-8
36509,0,41,58,-17
36510,0,2,8,-6
36513,0,17,61,-44
36514,0,30,20,10
36516,0,23,81,-58
36517,0,6,27,-21
36522,0,17,6,11
36525,0,15,26,-11
36528,0,19,27,-8
36529,0,18,12,6
36531,0,140,113,27
36532,0,5,1,4
36534,0,68,117,-49
36537,0,16,33,-17
36538,0,110,131,-21
36542,0,116,136,-20
36543,0,5,4,1
36544,0,20,30,-10
36545,0,4,2,2
36548,0,33,52,-19
36550,0,9,62,-53
36551,0,53,21,32
36552,0,48,16,32
36555,0,2,11,-9
36557,0,40,33,7
36558,0,4,29,-25
36560,0,16,72,-56
36561,0,5,45,-40
36562,0,119,101,18
36566,0,11,67,-56
36568,0,2,36,-34
36570,0,4,2,2
36571,0,20,11,9
36572,0,59,115,-56
36575,0,9,20,-11
36578,0,66,68,-2
36579,0,11,42,-31
36581,0,32,22,10
36582,0,113,93,20
36584,0,126,133,-7
36585,0,34,16,18
36587,0,19,21,-2
36588,0,55,93,-38
36589,0,9,1,8
36592,0,47,76,-29
36593,0,90,129,-39
36594,0,32,33,-1
36595,0,47,29,18
36596,0,98,109,-11
36597,0,60,29,31
36599,0,49,90,-41
36600,0,398,394,4
36604,0,10,26,-16
36606,0,321,329,-8
36607,0,26,6,20
36609,0,3,5,-2
36610,0,50,43,7
36612,0,112,154,-42
36613,0,159,124,35
36615,0,72,88,-16
36616,0,4,24,-20
36621,0,28,5,23
36622,0,10,9,1
36624,0,21,25,-4
36625,0,70,102,-32
36627,0,4,6,-2
36628,0,1,10,-9
36631,0,28,42,-14
36633,0,6,4,2
36637,0,53,57,-4
36639,0,14,19,-5
36641,0,9,6,3
36644,0,80,75,5
36647,0,2,8,-6
36649,0,49,50,-1
36653,0,182,233,-51
36656,0,12,23,-11
36659,0,46,22,24
36660,0,68,89,-21
36661,0,12,7,5
36663,0,120,81,39
36668,0,135,158,-23
36669,0,45,38,7
36673,0,18,21,-3
36674,0,8,7,1
36677,0,16,4,12
36678,0,163,146,17
36683,0,2,8,-6
36684,0,18,19,-1
36685,0,7,21,-14
36686,0,46,25,21
36688,0,45,10,35
36690,0,43,37,6
36691,0,4,18,-14
36692,0,19,12,7
36693,0,410,405,5
36695,0,25,59,-34
36697,0,1,1,0
36698,0,228,191,37
36701,0,146,167,-21
36702,0,80,47,33
36704,0,15,1,14
36705,0,38,24,14
36706,0,52,74,-22
36710,0,1,13,-12
36715,0,35,90,-55
36719,0,20,10,10
36721,0,17,73,-56
36722,0,21,32,-11
36723,0,2,42,-40
36724,0,22,33,-11
36727,0,4,2,2
36729,0,46,82,-36
36730,0,42,53,-11
36731,0,21,11,10
36734,0,28,5,23
36736,0,139,153,-14
36738,0,26,7,19
36740,0,152,174,-22
36741,0,10,15,-5
36743,0,71,50,21
36744,0,34,31,3
36745,0,422,399,23
36748,0,128,86,42
36750,0,65,35,30
36751,0,11,53,-42
36752,0,73,98,-25
36754,0,6,9,-3
36755,0,1,39,-38
36758,0,10,33,-23
36761,0,17,33,-16
36765,0,56,27,29
36766,0,2,3,-1
36768,0,19,10,9
36769,0,47,25,22
36771,0,20,25,-5
36775,0,30,48,-18
36777,0,42,11,31
36779,0,45,6,39
36780,0,88,55,33
36782,0,28,29,-1
36783,0,24,41,-17
36784,0,153,160,-7
36786,0,34,1,33
36788,0,35,66,-31
36789,0,258,258,0
36790,0,16,9,7
36792,0,21,11,10
36793,0,365,345,20
36795,0,18,14,4
36798,0,4,8,-4
36799,0,12,10,2
36800,0,4,3,1
36801,0,92,101,-9
36804,0,31,20,11
36805,0,20,59,-39
36806,0,13,13,0
36811,0,722,770,-48
36812,0,108,58,50
36814,0,92,78,14
36816,0,26,11,15
36819,0,54,13,41
36820,0,16,74,-58
36822,0,46,34,12
36823,0,5,9,-4
36825,0,43,57,-14
36826,0,11,6,5
36827,0,51,64,-13
36829,0,81,28,53
36830,0,4,55,-51
36833,0,7,19,-12
36834,0,8,1,7
36835,0,191,199,-8
36838,0,36,23,13
36839,0,114,171,-57
36840,0,24,21,3
36841,0,65,51,14
36842,0,6,8,-2
36844,0,3,13,-10
36845,0,30,79,-49
36846,0,15,13,2
36849,0,24,16,8
36850,0,3,10,-7
36851,0,56,111,-55
36853,0,165,118,47
36854,0,20,1,19
36856,0,48,56,-8
36857,0,3,6,-3
36859,0,37,36,1
36861,0,1,21,-20
36862,0,38,48,-10
36863,0,2,3,-1
36865,0,9,2,7
36866,0,61,29,32
36867,0,134,115,19
36868,0,54,90,-36
36869,0,20,22,-2
36870,0,6,7,-1
36871,0,141,112,29
36873,0,34,8,26
36875,0,4,8,-4
36876,0,54,16,38
36878,0,17,7,10
36880,0,125,127,-2
36881,0,5,6,-1
36883,0,24,83,-59
36884,0,25,20,5
36886,0,17,59,-42
36890,0,7,13,-6
36892,0,120,96,24
36893,0,57,80,-23
36895,0,39,58,-19
36896,0,93,59,34
36898,0,2,2,0
36899,0,4,4,0
36900,0,66,26,40
36901,0,4,11,-7
36902,0,45,31,14
36903,0,29,48,-19
36904,0,143,123,20
36905,0,5,4,1
36907,0,45,35,10
36908,0,7,1,6
36910,0,90,65,25
36912,0,16,59,-43
36913,0,2,48,-46
36914,0,27,18,9
36916,0,56,10,46
36917,0,20,28,-8
36918,0,23,27,-4
36919,0,34,41,-7
36921,0,167,224,-57
36922,0,17,16,1
36923,0,12,12,0
36926,0,128,162,-34
36927,0,23,48,-25
36928,0,6,27,-21
36929,0,28,37,-9
36930,0,37,61,-24
36931,0,4,0,4
36934,0,65,87,-22
36935,0,26,34,-8
36936,0,16,21,-5
36937,0,66,42,24
36938,0,12,25,-13
36940,0,8,10,-2
36942,0,36,42,-6
36943,0,9,2,7
36945,0,12,37,-25
36946,0,81,32,49
36947,0,26,51,-25
36950,0,7,2,5
36951,0,16,18,-2
36952,0,1,12,-11
36954,0,15,26,-11
36957,0,16,50,-34
36960,0,34,34,0
36961,0,34,17,17
36962,0,15,10,5
36964,0,87,33,54
36966,0,62,119,-57
36968,0,52,38,14
36971,0,13,10,3
36972,0,1,18,-17
36974,0,59,14,45
36977,0,40,33,7
36978,0,103,97,6
36979,0,13,3,10
36980,0,15,8,7
36982,0,4,40,-36
36983,0,40,59,-19
36984,0,191,148,43
36985,0,9,59,-50
36986,0,61,22,39
36987,0,26,52,-26
36988,0,2,23,-21
36989,0,31,23,8
36990,0,24,43,-19
36992,0,12,2,10
36993,0,4,7,-3
36996,0,106,95,11
37002,0,6,2,4
37009,0,14,25,-11
37017,0,34,68,-34
37018,0,41,21,20
37019,0,6,5,1
37021,0,140,90,50
37022,0,89,36,53
37023,0,26,44,-18
37025,0,13,23,-10
37027,0,45,75,-30
37032,0,8,15,-7
37034,0,15,21,-6
37035,0,61,58,3
37037,0,55,28,27
37039,0,20,5,15
37041,0,2,17,-15
37043,0,33,35,-2
37044,0,4,3,1
37045,0,15,30,-15
37047,0,89,145,-56
37048,0,6,10,-4
37050,0,86,119,-33
37051,0,14,14,0
37054,0,129,167,-38
37055,0,52,111,-59
37060,0,81,120,-39
37061,0,9,22,-13
37063,0,50,29,21
37064,0,52,25,27
37069,0,29,17,12
37073,0,28,43,-15
37074,0,261,270,-9
37076,0,9,45,-36
37078,0,22,25,-3
37080,0,2,6,-4
37082,0,101,75,26
37083,0,5,21,-16
37085,0,162,142,20
37086,0,46,13,33
37089,0,48,99,-51
37090,0,59,68,-9
37091,0,2,16,-14
37092,0,64,15,49
37096,0,13,7,6
37097,0,10,9,1
37100,0,55,16,39
37101,0,24,23,1
37102,0,33,90,-57
37103,0,6,10,-4
37106,0,532,526,6
37109,0,9,18,-9
37113,0,51,64,-13
37114,0,83,40,43
37115,0,5,14,-9
37118,0,896,865,31
37119,0,3,25,-22
37120,0,59,97,-38
37125,0,54,45,9
37127,0,41,8,33
37129,0,38,99,-61
37136,0,5,13,-8
37137,0,42,15,27
37138,0,18,39,-21
37140,0,59,25,34
37141,0,4,15,-11
37142,0,6,12,-6
37144,0,12,4,8
37147,0,27,80,-53
37149,0,15,30,-15
37153,0,114,71,43
37154,0,8,9,-1
37155,0,18,32,-14
37157,0,28,76,-48
37161,0,8,66,-58
37162,0,4,3,1
37165,0,10,38,-28
37167,0,49,17,32
37168,0,59,29,30
37169,0,101,128,-27
37172,0,22,48,-26
37173,0,59,25,34
37174,0,73,71,2
37175,0,55,46,9
37176,0,26,14,12
37177,0,14,26,-12
37178,0,43,7,36
37179,0,149,193,-44
37180,0,132,95,37
37181,0,24,7,17
37182,0,87,74,13
37184,0,96,86,10
37186,0,97,84,13
37187,0,89,115,-26
37188,0,19,24,-5
37189,0,222,187,35
37190,0,32,3,29
37191,0,24,28,-4
37192,0,52,64,-12
37193,0,41,1,40
37195,0,15,5,10
37196,0,112,127,-15
37197,0,51,28,23
37198,0,9,8,1
37200,0,11,25,-14
37201,0,17,40,-23
37202,0,5,6,-1
37203,0,31,16,15
37205,0,93,49,44
37206,0,7,39,-32
37209,0,6,15,-9
37210,0,5,17,-12
37212,0,16,29,-13
37215,0,27,59,-32
37216,0,58,78,-20
37217,0,32,79,-47
37218,0,66,59,7
37223,0,34,12,22
37225,0,31,30,1
37226,0,76,58,18
37229,0,9,31,-22
37232,0,33,59,-26
37233,0,8,3,5
37234,0,6,34,-28
37235,0,8,50,-42
37237,0,145,94,51
37238,0,2,33,-31
37239,0,252,216,36
37241,0,2,5,-3
37243,0,8,12,-4
37247,0,125,126,-1
37248,0,60,102,-42
37250,0,31,8,23
37251,0,32,21,11
37253,0,40,43,-3
37254,0,54,37,17
37255,0,4,4,0
37256,0,25,30,-5
37257,0,101,93,8
37258,0,5,59,-54
37259,0,58,72,-14
37261,0,191,155,36
37262,0,49,6,43
37265,0,71,22,49
37266,0,118,87,31
37268,0,1006,1008,-2
37269,0,274,245,29
37270,0,30,4,26
37274,0,3,1,2
37275,0,42,24,18
37276,0,9337,9321,16
37277,0,10,30,-20
37278,0,2,1,1
37279,0,148,106,42
37280,0,81,112,-31
37283,0,8,57,-49
37284,0,74,135,-61
37285,0,18,15,3
37287,0,48,5,43
37288,0,42,38,4
37289,0,20,34,-14
37291,0,35,17,18
37292,0,14,11,3
37296,0,64,84,-20
37297,0,22,27,-5
37298,0,133,143,-10
37299,0,15,41,-26
37300,0,64,15,49
37302,0,97,54,43
37305,0,142,194,-52
37308,0,66,43,23
37310,0,67,69,-2
37313,0,11,35,-24
37314,0,107,150,-43
37317,0,19,31,-12
37318,0,2,15,-13
37320,0,38,39,-1
37321,0,15,40,-25
37323,0,67,55,12
37327,0,89,46,43
37328,0,40,32,8
37334,0,24,29,-5
37335,0,54,93,-39
37336,0,128,80,48
37339,0,106,165,-59
37340,0,2,0,2
37341,0,1,5,-4
37344,0,12,1,11
37346,0,7,2,5
37347,0,5,24,-19
37349,0,20,57,-37
37350,0,44,78,-34
37355,0,36,47,-11
37357,0,463,459,4
37358,0,7,7,0
37359,0,4,13,-9
37361,0,13,43,-30
37362,0,123,88,35
37364,0,5,20,-15
37366,0,107,138,-31
37367,0,26,79,-53
37368,0,126,132,-6
37369,0,1,38,-37
37370,0,14,6,8
37375,0,5,34,-29
37376,0,9,36,-27
37377,0,35,19,16
37380,0,12,63,-51
37381,0,10,25,-15
37382,0,63,14,49
37383,0,12,11,1
37385,0,47,71,-24
37386,0,27,45,-18
37387,0,4,0,4
37388,0,15,14,1
37389,0,21,42,-21
37392,0,24,39,-15
37394,0,14,46,-32
37397,0,5,20,-15
37399,0,85,53,32
37400,0,329,355,-26
37401,0,1,16,-15
37405,0,10,61,-51
37406,0,19,14,5
37408,0,10,4,6
37409,0,30,41,-11
37410,0,12,4,8
37411,0,17,37,-20
37412,0,48,46,2
37413,0,38,39,-1
37415,0,3,6,-3
37416,0,64,20,44
37417,0,94,113,-19
37418,0,8,18,-10
37420,0,65,45,20
37422,0,20,47,-27
37424,0,120,79,41
37426,0,103,100,3
37427,0,40,35,5
37428,0,63,74,-11
37430,0,30,62,-32
37433,0,1,8,-7
37434,0,32,19,13
37435,0,34,12,22
37437,0,37,48,-11
37442,0,15,19,-4
37444,0,59,46,13
37447,0,12,8,4
37448,0,48,49,-1
37449,0,33,16,17
37450,0,5,11,-6
37451,0,29,14,15
37452,0,28,76,-48
37453,0,51,13,38
37454,0,17,76,-59
37455,0,8,7,1
37457,0,153,179,-26
37458,0,87,138,-51
37459,0,51,103,-52
37460,0,42,28,14
37461,0,10,6,4
37465,0,7,17,-10
37468,0,26,30,-4
37469,0,15,25,-10
37470,0,1553,1537,16
37471,0,23,10,13
37472,0,9,1,8
37474,0,34,45,-11
37475,0,115,169,-54
37476,0,63,95,-32
37477,0,15,26,-11
37479,0,17,44,-27
37480,0,66,102,-36
37482,0,129,96,33
37486,0,34,26,8
37487,0,74,98,-24
37488,0,156,209,-53
37489,0,54,19,35
37495,0,90,97,-7
37496,0,11,25,-14
37497,0,65,58,7
37498,0,10,32,-22
37499,0,72,43,29
37500,0,36,10,26
37501,0,59,86,-27
37502,0,5,41,-36
37503,0,5,28,-23
37504,0,218,226,-8
37506,0,16,25,-9
37507,0,7,13,-6
37509,0,22,47,-25
37512,0,38,27,11
37513,0,13,12,1
37515,0,4,11,-7
37517,0,1649,1683,-34
37518,0,51,28,23
37522,0,27,21,6
37524,0,1,34,-33
37525,0,22,28,-6
37527,0,10,22,-12
37529,0,87,59,28
37530,0,61,82,-21
37531,0,41,59,-18
37536,0,24,59,-35
37538,0,76,97,-21
37541,0,69,64,5
37548,0,58,58,0
37549,0,8,31,-23
37550,0,241,202,39
37552,0,81,95,-14
37553,0,94,48,46
37554,0,19,28,-9
37555,0,237,193,44
37558,0,95,72,23
37561,0,13,12,1
37562,0,4,19,-15
37564,0,56,31,25
37565,0,11,70,-59
37566,0,115,157,-42
37567,0,104,63,41
37568,0,29,18,11
37573,0,52,103,-51
37575,0,41,24,17
37577,0,8,42,-34
37578,0,38,83,-45
37580,0,30,56,-26
37581,0,5,2,3
37582,0,23,35,-12
37583,0,462,505,-43
37584,0,49,16,33
37586,0,45,103,-58
37588,0,55,50,5
37589,0,6,8,-2
37592,0,2,24,-22
37593,0,4,2,2
37594,0,126,115,11
37595,0,1,18,-17
37600,0,65,13,52
37601,0,9,20,-11
37602,0,42,70,-28
37604,0,97,61,36
37605,0,15,23,-8
37611,0,124,81,43
37612,0,2,4,-2
37613,0,257,213,44
37615,0,2,6,-4
37616,0,21,28,-7
37617,0,65,26,39
37618,0,13,18,-5
37620,0,18,17,1
37622,0,15,29,-14
37624,0,49,47,2
37625,0,50,81,-31
37626,0,39,23,16
37627,0,88,57,31
37628,0,34,25,9
37631,0,17,9,8
37632,0,120,95,25
37633,0,51,69,-18
37634,0,6,26,-20
37638,0,26,48,-22
37639,0,26,40,-14
37640,0,45,8,37
37642,0,43,82,-39
37643,0,82,55,27
37644,0,11,60,-49
37646,0,20,12,8
37647,0,72,94,-22
37648,0,24,6,18
37650,0,2,3,-1
37651,0,7,15,-8
37653,0,4,0,4
37655,0,70,107,-37
37656,0,15,56,-41
37659,0,28,4,24
37661,0,296,257,39
37662,0,9,6,3
37663,0,14,48,-34
37665,0,43,56,-13
37666,0,11,16,-5
37668,0,62,96,-34
37669,0,20,45,-25
37670,0,53,57,-4
37671,0,9,2,7
37672,0,24,23,1
37673,0,70,106,-36
37675,0,6,12,-6
37676,0,23,10,13
37677,0,74,121,-47
37681,0,47,56,-9
37685,0,36,23,13
37687,0,42,76,-34
37688,0,20,54,-34
37689,0,17,41,-24
37690,0,5,8,-3
37691,0,59,45,14
37693,0,6,21,-15
37695,0,13,48,-35
37696,0,21,30,-9
37698,0,61,47,14
37701,0,3,13,-10
37703,0,5,61,-56
37705,0,82,119,-37
37706,0,28,51,-23
37710,0,42,5,37
37712,0,12,15,-3
37713,0,91,46,45
37714,0,14,38,-24
37715,0,2,17,-15
37718,0,11,48,-37
37720,0,36,40,-4
37721,0,53,66,-13
37722,0,35,18,17
37724,0,50,9,41
37728,0,4,11,-7
37733,0,2,15,-13
37734,0,3,26,-23
37738,0,115,101,14
37739,0,43,2,41
37741,0,44,20,24
37742,0,28,37,-9
37743,0,99,59,40
37747,0,382,377,5
37748,0,89,59,30
37749,0,34,40,-6
37750,0,8,4,4
37751,0,37,40,-3
37754,0,16,28,-12
37755,0,19,15,4
37756,0,28,20,8
37757,0,3,18,-15
37758,0,28,21,7
37760,0,158,111,47
37763,0,106,74,32
37764,0,49,59,-10
37765,0,3,3,0
37766,0,50,46,4
37767,0,77,43,34
37771,0,5,8,-3
37772,0,120,99,21
37773,0,21,41,-20
37774,0,28,17,11
37777,0,110,139,-29
37778,0,30,59,-29
37780,0,2,8,-6
37781,0,59,105,-46
37783,0,61,92,-31
37784,0,35,47,-12
37785,0,12,28,-16
37791,0,19,24,-5
37792,0,11,9,2
37794,0,1,1,0
37795,0,3,52,-49
37796,0,174,215,-41
37798,0,68,57,11
37799,0,72,44,28
37800,0,20,72,-52
37801,0,48,97,-49
37802,0,63,70,-7
37803,0,6,19,-13
37804,0,187,188,-1
37807,0,72,43,29
37810,0,89,81,8
37811,0,1,7,-6
37813,0,30,85,-55
37814,0,3,4,-1
37815,0,6,4,2
37816,0,162,155,7
37817,0,49,38,11
37820,0,23,37,-14
37821,0,23,7,16
37822,0,42,34,8
37823,0,65,83,-18
37824,0,30,62,-32
37825,0,26,26,0
37828,0,15,5,10
37829,0,163,188,-25
37831,0,7,25,-18
37834,0,25,9,16
37836,0,92,125,-33
37838,0,7,4,3
37843,0,19,41,-22
37845,0,21,25,-4
37847,0,8,19,-11
37848,0,8,12,-4
37851,0,110,100,10
37852,0,21,3,18
37853,0,69,49,20
37856,0,92,66,26
37858,0,35,32,3
37859,0,7,21,-14
37860,0,12,43,-31
37863,0,36,33,3
37865,0,17,24,-7
37866,0,26,19,7
37867,0,2,29,-27
37870,0,7,1,6
37871,0,10,12,-2
37873,0,18,63,-45
37874,0,11,6,5
37879,0,29,11,18
37880,0,36,30,6
37881,0,73,114,-41
37882,0,2,11,-9
37883,0,2,34,-32
37884,0,3,8,-5
37885,0,1,6,-5
37886,0,36,17,19
37889,0,4,5,-1
37890,0,29,89,-60
37891,0,115,167,-52
37892,0,2,38,-36
37893,0,29,45,-16
37895,0,24,34,-10
37897,0,4,1,3
37898,0,6,16,-10
37900,0,15,12,3
37901,0,167,144,23
37904,0,3,3,0
37907,0,157,142,15
37908,0,41,24,17
37909,0,65,37,28
37910,0,48,55,-7
37911,0,1,10,-9
37914,0,11,10,1
37917,0,1,11,-10
37920,0,8,25,-17
37921,0,1,12,-11
37922,0,36,29,7
37925,0,9,23,-14
37928,0,3,11,-8
37930,0,40,85,-45
37933,0,20,9,11
37934,0,76,43,33
37936,0,71,70,1
37938,0,31,16,15
37939,0,14,29,-15
37942,0,26,17,9
37943,0,6,11,-5
37944,0,73,37,36
37945,0,1,21,-20
37947,0,12,15,-3
37948,0,47,95,-48
37949,0,35,7,28
37951,0,45,32,13
37952,0,3,61,-58
37955,0,34,75,-41
37958,0,55,24,31
37959,0,12,35,-23
37960,0,28,7,21
37961,0,58,14,44
37962,0,2,11,-9
37963,0,16,41,-25
37965,0,44,49,-5
37968,0,74,124,-50
37969,0,15,5,10
37970,0,45,31,14
37971,0,38,18,20
37972,0,46,51,-5
37973,0,33,56,-23
37974,0,19,42,-23
37977,0,21,14,7
37978,0,7,10,-3
37981,0,42,91,-49
37983,0,324,361,-37
37984,0,53,93,-40
37985,0,58,48,10
37986,0,51,59,-8
37988,0,62,102,-40
37989,0,8,1,7
37990,0,19,38,-19
37992,0,1,3,-2
37993,0,361,383,-22
37994,0,2,10,-8
37998,0,2,1,1
37999,0,26,48,-22
38000,0,16,34,-18
38003,0,2,15,-13
38004,0,25,78,-53
38005,0,56,101,-45
38006,0,37,41,-4
38007,0,7,64,-57
38008,0,39,28,11
38009,0,41,39,2
38015,0,33,16,17
38016,0,14,12,2
38018,0,10,18,-8
38019,0,70,30,40
38024,0,216,212,4
38025,0,3,12,-9
38026,0,71,44,27
38030,0,64,24,40
38031,0,216,216,0
38032,0,21,41,-20
38033,0,82,54,28
38036,0,150,139,11
38038,0,9,16,-7
38040,0,17,7,10
38041,0,12,24,-12
38047,0,250,214,36
38048,0,7,16,-9
38049,0,8,1,7
38050,0,23,43,-20
38052,0,26,47,-21
38053,0,44,88,-44
38055,0,2,29,-27
38060,0,55,37,18
38061,0,162,147,15
38062,0,16,2,14
38068,0,40,31,9
38069,0,6,2,4
38071,0,7,6,1
38073,0,285,324,-39
38075,0,38,52,-14
38076,0,13,20,-7
38077,0,22,1,21
38078,0,5,21,-16
38079,0,3,52,-49
38085,0,178,143,35
38088,0,21,78,-57
38089,0,103,69,34
38091,0,18,21,-3
38092,0,8,4,4
38093,0,35,11,24
38096,0,42,39,3
38097,0,16,37,-21
38098,0,90,113,-23
38099,0,15,5,10
38108,0,43,55,-12
38110,0,47,55,-8
38113,0,12,27,-15
38114,0,26,50,-24
38116,0,38,21,17
38117,0,26,69,-43
38119,0,109,95,14
38120,0,18,34,-16
38121,0,4,29,-25
38123,0,8,8,0
38124,0,31,85,-54
38126,0,16,31,-15
38127,0,21,61,-40
38131,0,64,29,35
38132,0,15,22,-7
38133,0,340,379,-39
38135,0,62,79,-17
38138,0,70,67,3
38139,0,58,88,-30
38142,0,16,69,-53
38143,0,24,47,-23
38147,0,29,59,-30
38148,0,13,10,3
38149,0,33,16,17
38150,0,89,127,-38
38151,0,9,20,-11
38152,0,128,131,-3
38153,0,15,46,-31
38155,0,44,34,10
38156,0,20,68,-48
38158,0,25,34,-9
38162,0,156,216,-60
38164,0,19,25,-6
38165,0,2,18,-16
38166,0,13,25,-12
38168,0,17,40,-23
38173,0,19,38,-19
38174,0,41,14,27
38176,0,8,15,-7
38178,0,36,31,5
38179,0,15,24,-9
38181,0,181,184,-3
38183,0,140,155,-15
38184,0,20,5,15
38189,0,3,47,-44
38192,0,3,9,-6
38194,0,5,63,-58
38199,0,39,74,-35
38200,0,55,94,-39
38201,0,4,47,-43
38202,0,79,102,-23
38204,0,2,9,-7
38205,0,10,10,0
38206,0,43,69,-26
38207,0,93,75,18
38208,0,9,14,-5
38209,0,24,41,-17
38210,0,9,28,-19
38211,0,57,20,37
38212,0,3,2,1
38213,0,12,21,-9
38214,0,60,44,16
38217,0,111,144,-33
38218,0,113,119,-6
38219,0,25,23,2
38220,0,3,26,-23
38221,0,245,258,-13
38223,0,351,390,-39
38224,0,88,43,45
38225,0,93,80,13
38226,0,10,21,-11
38228,0,17,35,-18
38229,0,22,33,-11
38232,0,45,7,38
38235,0,35,52,-17
38236,0,30,37,-7
38237,0,18,61,-43
38238,0,28,68,-40
38240,0,94,50,44
38241,0,29,36,-7
38242,0,67,95,-28
38243,0,39,17,22
38246,0,71,44,27
38248,0,787,794,-7
38249,0,13,10,3
38253,0,14,4,10
38255,0,40,26,14
38257,0,77,56,21
38259,0,12,7,5
38260,0,27,29,-2
38261,0,18,36,-18
38262,0,5,3,2
38263,0,148,99,49
38264,0,236,295,-59
38265,0,13,61,-48
38267,0,2,20,-18
38268,0,178,219,-41
38269,0,98,111,-13
38270,0,7,14,-7
38271,0,2,17,-15
38272,0,108,125,-17
38275,0,61,14,47
38276,0,52,37,15
38277,0,124,83,41
38278,0,3,4,-1
38283,0,6,16,-10
38285,0,2,3,-1
38288,0,52,5,47
38290,0,21,9,12
38291,0,99,78,21
38292,0,19,66,-47
38293,0,1,2,-1
38294,0,27,64,-37
38296,0,11,29,-18
38303,0,10,5,5
38305,0,19,49,-30
38306,0,155,140,15
38311,0,16,18,-2
38314,0,8,17,-9
38315,0,3,25,-22
38316,0,41,60,-19
38317,0,56,58,-2
38318,0,103,81,22
38319,0,38,31,7
38322,0,70,17,53
38323,0,93,99,-6
38324,0,7,16,-9
38325,0,3,14,-11
38327,0,4,11,-7
38328,0,5,7,-2
38329,0,24,81,-57
38332,0,97,71,26
38337,0,50,97,-47
38339,0,137,108,29
38341,0,40,56,-16
38343,0,32,29,3
38344,0,314,366,-52
38345,0,1,6,-5
38346,0,33,16,17
38347,0,85,134,-49
38350,0,134,146,-12
38352,0,13,13,0
38356,0,35,63,-28
38358,0,49,99,-50
38359,0,3,14,-11
38362,0,46,9,37
38365,0,59,24,35
38366,0,4,27,-23
38367,0,3,21,-18
38368,0,31,26,5
38369,0,52,65,-13
38371,0,25,35,-10
38372,0,38,53,-15
38373,0,15,16,-1
38374,0,74,31,43
38378,0,44,23,21
38380,0,165,113,52
38381,0,27,61,-34
38384,0,211,239,-28
38388,0,9,3,6
38390,0,18,66,-48
38391,0,41,21,20
38393,0,41,27,14
38395,0,43,27,16
38398,0,14,33,-19
38399,0,13,61,-48
38402,0,1,11,-10
38404,0,24,18,6
38405,0,1,26,-25
38406,0,7,13,-6
38408,0,3,3,0
38409,0,29,14,15
38410,0,74,120,-46
38413,0,10,17,-7
38414,0,113,106,7
38415,0,20,25,-5
38416,0,28,80,-52
38418,0,17,54,-37
38419,0,11,8,3
38424,0,89,64,25
38426,0,87,134,-47
38428,0,1,0,1
38429,0,10,53,-43
38430,0,2,1,1
38433,0,32,65,-33
38436,0,44,26,18
38437,0,6,16,-10
38438,0,158,190,-32
38439,0,19,10,9
38441,0,219,225,-6
38442,0,5,17,-12
38443,0,7,15,-8
38444,0,43,96,-53
38445,0,133,144,-11
38446,0,36,64,-28
38450,0,7,18,-11
38451,0,2,6,-4
38455,0,71,25,46
38457,0,8,15,-7
38458,0,80,80,0
38460,0,75,68,7
38461,0,60,15,45
38464,0,2,9,-7
38465,0,18,22,-4
38467,0,46,23,23
38468,0,139,116,23
38469,0,166,136,30
38470,0,4,3,1
38471,0,52,9,43
38473,0,242,301,-59
38474,0,9,9,0
38475,0,20,5,15
38477,0,183,172,11
38478,0,32,13,19
38479,0,109,93,16
38480,0,218,165,53
38481,0,44,11,33
38483,0,13,4,9
38484,0,34,8,26
38485,0,27,32,-5
38486,0,4,3,1
38488,0,71,77,-6
38489,0,140,179,-39
38492,0,27,41,-14
38493,0,70,54,16
38494,0,57,52,5
38496,0,22,14,8
38497,0,51,48,3
38498,0,48,38,10
38499,0,1,25,-24
38501,0,50,68,-18
38502,0,90,85,5
38503,0,25,12,13
38504,0,105,162,-57
38505,0,883,882,1
38506,0,22,51,-29
38507,0,85,37,48
38508,0,61,60,1
38509,0,7,10,-3
38511,0,177,186,-9
38512,0,304,340,-36
38517,0,7,16,-9
38518,0,36,93,-57
38521,0,16,10,6
38523,0,8,6,2
38524,0,53,54,-1
38525,0,4,42,-38
38526,0,14,31,-17
38527,0,644,602,42
38528,0,113,77,36
38531,0,5,27,-22
38532,0,27,26,1
38533,0,68,106,-38
38534,0,14,21,-7
38535,0,5,25,-20
38536,0,13,14,-1
38537,0,109,147,-38
38539,0,47,9,38
38540,0,201,234,-33
38541,0,58,24,34
38543,0,14,10,4
38544,0,16,70,-54
38546,0,38,48,-10
38548,0,23,28,-5
38551,0,31,20,11
38552,0,69,109,-40
38553,0,84,75,9
38554,0,52,58,-6
38555,0,1,19,-18
38556,0,48,34,14
38559,0,71,39,32
38560,0,69,103,-34
38561,0,9,18,-9
38562,0,8,43,-35
38563,0,3,43,-40
38565,0,14,12,2
38573,0,75,106,-31
38574,0,29,20,9
38576,0,7,14,-7
38577,0,84,103,-19
38578,0,1762,1786,-24
38580,0,90,57,33
38581,0,4,28,-24
38582,0,40,69,-29
38583,0,208,223,-15
38587,0,3,64,-61
38591,0,16,6,10
38593,0,62,60,2
38594,0,95,61,34
38595,0,31,45,-14
38596,0,25,45,-20
38597,0,25,62,-37
38599,0,43,7,36
38600,0,40,9,31
38601,0,35,7,28
38603,0,205,221,-16
38604,0,25,33,-8
38605,0,46,35,11
38607,0,9,7,2
38608,0,15,9,6
38612,0,25,44,-19
38614,0,129,95,34
38615,0,14,8,6
38620,0,45,11,34
38621,0,13,28,-15
38622,0,62,113,-51
38625,0,41,48,-7
38626,0,68,112,-44
38627,0,8,34,-26
38630,0,9,15,-6
38631,0,30,2,28
38635,0,40,55,-15
38636,0,99,100,-1
38637,0,5,12,-7
38639,0,21,16,5
38640,0,23,32,-9
38641,0,31,43,-12
38642,0,5,24,-19
38643,0,64,74,-10
38645,0,18,12,6
38647,0,191,183,8
38648,0,10,8,2
38649,0,7,10,-3
38651,0,38,65,-27
38655,0,5,8,-3
38659,0,38,95,-57
38660,0,80,58,22
38661,0,9,54,-45
38662,0,40,83,-43
38663,0,183,163,20
38665,0,2,1,1
38668,0,1,10,-9
38672,0,61,69,-8
38675,0,98,117,-19
38678,0,24,21,3
38679,0,9,7,2
38680,0,33,12,21
38681,0,277,329,-52
38682,0,4,2,2
38683,0,20,80,-60
38687,0,3,10,-7
38688,0,18,27,-9
38691,0,9,12,-3
38692,0,68,125,-57
38696,0,68,17,51
38697,0,14,45,-31
38699,0,57,82,-25
38700,0,45,97,-52
38702,0,125,95,30
38706,0,3,31,-28
38707,0,2,10,-8
38708,0,83,109,-26
38711,0,36,88,-52
38712,0,13,4,9
38714,0,6,8,-2
38715,0,20,13,7
38716,0,44,74,-30
38717,0,86,84,2
38720,0,62,75,-13
38723,0,18,18,0
38725,0,93,117,-24
38726,0,59,77,-18
38728,0,178,216,-38
38729,0,36,37,-1
38730,0,18,2,16
38731,0,24,73,-49
38732,0,20,27,-7
38734,0,11,39,-28
38735,0,89,133,-44
38736,0,13,73,-60
38737,0,12,25,-13
38739,0,11,5,6
38742,0,89,133,-44
38745,0,25,11,14
38746,0,18,16,2
38748,0,37,73,-36
38749,0,39,34,5
38751,0,4,1,3
38753,0,5,32,-27
38754,0,15,9,6
38755,0,112,126,-14
38756,0,82,65,17
38757,0,67,82,-15
38758,0,35,91,-56
38759,0,68,33,35
38760,0,48,43,5
38763,0,22,34,-12
38764,0,4,33,-29
38766,0,40,66,-26
38768,0,15,7,8
38770,0,20,55,-35
38772,0,67,32,35
38773,0,120,82,38
38774,0,108,162,-54
38775,0,70,100,-30
38777,0,7,10,-3
38780,0,6,6,0
38781,0,13,68,-55
38782,0,80,120,-40
38783,0,8,5,3
38786,0,12,58,-46
38787,0,37,48,-11
38788,0,49,64,-15
38792,0,9,15,-6
38796,0,338,376,-38
38797,0,9,25,-16
38799,0,62,116,-54
38800,0,14,15,-1
38801,0,88,131,-43
38802,0,18,8,10
38803,0,10,21,-11
38804,0,31,34,-3
38805,0,227,180,47
38808,0,58,48,10
38810,0,14,21,-7
38811,0,19,49,-30
38815,0,116,168,-52
38817,0,14,23,-9
38818,0,87,84,3
38819,0,72,31,41
38821,0,51,3,48
38823,0,106,149,-43
38824,0,7,0,7
38826,0,22,40,-18
38827,0,83,53,30
38828,0,30,25,5
38831,0,10,14,-4
38832,0,3,10,-7
38834,0,34,40,-6
38836,0,119,134,-15
38838,0,88,45,43
38839,0,11,24,-13
38841,0,3,13,-10
38842,0,33,24,9
38844,0,206,228,-22
38846,0,12,16,-4
38847,0,2,7,-5
38848,0,11,50,-39
38852,0,27,40,-13
38854,0,262,262,0
38855,0,20,17,3
38857,0,37,55,-18
38858,0,43,34,9
38860,0,18,35,-17
38861,0,39,42,-3
38863,0,28,25,3
38865,0,27,17,10
38866,0,144,91,53
38871,0,129,136,-7
38874,0,73,99,-26
38875,0,70,131,-61
38876,0,45,17,28
38881,0,4,17,-13
38882,0,5,12,-7
38883,0,22,4,18
38884,0,1,10,-9
38886,0,116,121,-5
38887,0,39,41,-2
38889,0,47,6,41
38890,0,16,24,-8
38892,0,5,1,4
38893,0,44,56,-12
38895,0,1,14,-13
38896,0,93,60,33
38898,0,152,155,-3
38900,0,21,37,-16
38902,0,15,25,-10
38903,0,19,9,10
38904,0,5,13,-8
38908,0,29,5,24
38909,0,26,60,-34
38910,0,8,49,-41
38912,0,37,40,-3
38913,0,58,78,-20
38916,0,10,41,-31
38917,0,33,36,-3
38918,0,14,15,-1
38920,0,64,82,-18
38922,0,50,105,-55
38923,0,17,10,7
38925,0,5,16,-11
38926,0,91,101,-10
38927,0,20,35,-15
38930,0,12,24,-12
38935,0,9,14,-5
38936,0,35,11,24
38938,0,6,13,-7
38939,0,25,52,-27
38940,0,62,105,-43
38942,0,22,3,19
38945,0,36,14,22
38946,0,23,31,-8
38948,0,122,113,9
38949,0,46,49,-3
38950,0,51,26,25
38951,0,443,464,-21
38952,0,2,2,0
38953,0,85,43,42
38956,0,21,13,8
38958,0,25,41,-16
38959,0,2,8,-6
38961,0,3,20,-17
38962,0,109,87,22
38963,0,70,37,33
38964,0,21,18,3
38967,0,70,46,24
38968,0,27,38,-11
38969,0,88,59,29
38970,0,75,98,-23
38971,0,5,13,-8
38972,0,2,6,-4
38975,0,16,30,-14
38976,0,4,12,-8
38978,0,28,29,-1
38979,0,22,3,19
38981,0,42,63,-21
38982,0,103,119,-16
38984,0,23,52,-29
38986,0,517,571,-54
38992,0,2,1,1
38993,0,108,68,40
38997,0,6,32,-26
38998,0,13,18,-5
38999,0,149,180,-31
39003,0,749,761,-12
39004,0,55,82,-27
39006,0,6,28,-22
39007,0,177,200,-23
39008,0,30,37,-7
39009,0,65,41,24
39010,0,22,33,-11
39012,0,16,22,-6
39014,0,4,16,-12
39015,0,49,52,-3
39017,0,26,19,7
39019,0,6,28,-22
39020,0,39,44,-5
39023,0,20,12,8
39026,0,2,6,-4
39027,0,164,146,18
39028,0,360,381,-21
39033,0,510,567,-57
39034,0,6,13,-7
39035,0,543,593,-50
39036,0,58,116,-58
39037,0,6,21,-15
39039,0,67,102,-35
39040,0,2,12,-10
39041,0,40,31,9
39042,0,4,5,-1
39044,0,4,7,-3
39046,0,351,297,54
39048,0,50,22,28
39050,0,59,15,44
39051,0,98,93,5
39052,0,1,20,-19
39053,0,167,121,46
39057,0,88,87,1
39058,0,23,14,9
39059,0,48,20,28
39062,0,166,220,-54
39063,0,15,70,-55
39064,0,40,10,30
39066,0,11,11,0
39067,0,48,38,10
39068,0,64,48,16
39069,0,74,79,-5
39070,0,68,45,23
39071,0,31,15,16
39072,0,34,93,-59
39073,0,1781,1768,13
39075,0,207,195,12
39076,0,42,14,28
39077,0,36,46,-10
39078,0,24,12,12
39080,0,7,5,2
39082,0,12,21,-9
39083,0,1,2,-1
39084,0,2,7,-5
39087,0,22,2,20
39089,0,1,53,-52
39091,0,14,8,6
39092,0,18,63,-45
39093,0,65,110,-45
39094,0,3,3,0
39095,0,44,30,14
39096,0,31,31,0
39097,0,4,11,-7
39098,0,3,2,1
39099,0,113,115,-2
39100,0,5,29,-24
39102,0,37,53,-16
39103,0,43,34,9
39105,0,12,5,7
39106,0,12,43,-31
39109,0,7,12,-5
39110,0,82,37,45
39111,0,3,26,-23
39112,0,150,147,3
39117,0,5,14,-9
39118,0,157,104,53
39119,0,6,9,-3
39120,0,3,2,1
39124,0,63,31,32
39126,0,118,171,-53
39128,0,2,34,-32
39129,0,8,6,2
39130,0,6,14,-8
39131,0,31,88,-57
39133,0,23,10,13
39134,0,7,7,0
39135,0,88,46,42
39136,0,44,70,-26
39137,0,17,39,-22
39139,0,33,48,-15
39141,0,179,183,-4
39142,0,42,19,23
39143,0,82,52,30
39144,0,23,16,7
39145,0,3,8,-5
39148,0,8,19,-11
39149,0,11,23,-12
39152,0,220,254,-34
39154,0,40,63,-23
39156,0,28,44,-16
39157,0,4,6,-2
39158,0,48,15,33
39159,0,835,813,22
39160,0,45,57,-12
39161,0,38,9,29
39162,0,7,1,6
39164,0,334,338,-4
39165,0,31,5,26
39168,0,14,37,-23
39172,0,13,9,4
39174,0,19,35,-16
39177,0,37,15,22
39178,0,50,20,30
39179,0,21,56,-35
39182,0,24,12,12
39183,0,2,10,-8
39186,0,21,54,-33
39188,0,2,8,-6
39190,0,222,228,-6
39194,0,50,38,12
39200,0,37,11,26
39203,0,23,3,20
39204,0,7,20,-13
39208,0,15,17,-2
39212,0,14,16,-2
39214,0,18,18,0
39216,0,28,35,-7
39217,0,29,3,26
39218,0,71,51,20
39222,0,6,7,-1
39224,0,4,20,-16
39225,0,154,165,-11
39227,0,9,41,-32
39229,0,179,218,-39
39232,0,45,26,19
39234,0,46,61,-15
39236,0,28,44,-16
39237,0,30,16,14
39238,0,70,43,27
39239,0,53,15,38
39243,0,27,45,-18
39245,0,15,23,-8
39246,0,89,132,-43
39247,0,20,61,-41
39248,0,26,12,14
39250,0,28,81,-53
39251,0,23,55,-32
39254,0,76,32,44
39255,0,124,183,-59
39258,0,31,53,-22
39259,0,41,74,-33
39262,0,31,20,11
39263,0,45,53,-8
39264,0,16,29,-13
39265,0,12,30,-18
39267,0,83,52,31
39268,0,25,16,9
39269,0,67,34,33
39272,0,3,19,-16
39273,0,103,105,-2
39277,0,128,144,-16
39278,0,2,12,-10
39279,0,21,33,-12
39280,0,39,13,26
39281,0,15,52,-37
39283,0,154,184,-30
39286,0,5,13,-8
39287,0,19,18,1
39289,0,23,3,20
39290,0,64,38,26
39291,0,114,64,50
39292,0,27,50,-23
39293,0,62,74,-12
39295,0,19,72,-53
39296,0,10,5,5
39298,0,10,6,4
39299,0,2,7,-5
39305,0,4,11,-7
39307,0,12,5,7
39308,0,61,76,-15
39309,0,35,27,8
39310,0,13,29,-16
39311,0,29,22,7
39313,0,32,5,27
39314,0,18,9,9
39316,0,77,60,17
39317,0,43,9,34
39318,0,40,58,-18
39319,0,58,91,-33
39320,0,34,20,14
39321,0,10,3,7
39323,0,20,40,-20
39324,0,6,5,1
39327,0,48,65,-17
39329,0,4,2,2
39330,0,19,26,-7
39331,0,26,15,11
39335,0,1,3,-2
39337,0,31,26,5
39338,0,134,165,-31
39339,0,2,4,-2
39340,0,19,35,-16
39341,0,110,142,-32
39342,0,3,11,-8
39349,0,95,49,46
39350,0,171,154,17
39351,0,10,5,5
39353,0,1,17,-16
39354,0,13,47,-34
39357,0,20,7,13
39358,0,50,82,-32
39359,0,66,60,6
39361,0,43,21,22
39362,0,46,7,39
39363,0,21,30,-9
39365,0,89,73,16
39367,0,9,69,-60
39368,0,21,37,-16
39370,0,36,54,-18
39371,0,47,71,-24
39372,0,1450,1396,54
39374,0,10,22,-12
39375,0,13,13,0
39377,0,9,11,-2
39379,0,24,39,-15
39380,0,20,8,12
39382,0,607,575,32
39383,0,60,22,38
39384,0,27,8,19
39385,0,17,4,13
39386,0,16,48,-32
39388,0,13,35,-22
39389,0,14,7,7
39390,0,21,31,-10
39391,0,90,42,48
39395,0,79,68,11
39398,0,368,384,-16
39400,0,63,21,42
39402,0,29,27,2
39404,0,17,44,-27
39405,0,29,38,-9
39407,0,101,139,-38
39409,0,80,36,44
39411,0,14,8,6
39412,0,23,9,14
39413,0,161,192,-31
39414,0,26,20,6
39415,0,31,44,-13
39416,0,151,204,-53
39418,0,1086,1105,-19
39419,0,126,178,-52
39420,0,41,43,-2
39421,0,15,13,2
39424,0,14,13,1
39425,0,20,42,-22
39426,0,49,14,35
39427,0,27,11,16
39430,0,1,5,-4
39432,0,51,61,-10
39434,0,13,4,9
39435,0,4,43,-39
39436,0,45,11,34
39437,0,1,5,-4
39438,0,13,8,5
39441,0,256,243,13
39442,0,12,5,7
39444,0,45,20,25
39446,0,5,22,-17
39447,0,104,67,37
39450,0,8,16,-8
39451,0,111,137,-26
39452,0,44,104,-60
39459,0,414,455,-41
39462,0,26,53,-27
39463,0,47,32,15
39465,0,21,25,-4
39466,0,348,327,21
39469,0,11,8,3
39471,0,25,3,22
39473,0,19,4,15
39474,0,32,48,-16
39476,0,44,17,27
39477,0,48,49,-1
39478,0,19,28,-9
39479,0,3,1,2
39480,0,20,71,-51
39481,0,67,57,10
39482,0,7,34,-27
39487,0,1,5,-4
39491,0,58,96,-38
39492,0,3,10,-7
39494,0,44,29,15
39495,0,38,35,3
39499,0,69,35,34
39500,0,4,7,-3
39501,0,16,4,12
39502,0,50,18,32
39506,0,68,35,33
39507,0,8,9,-1
39510,0,8,48,-40
39513,0,13,8,5
39514,0,9,26,-17
39515,0,28,43,-15
39516,0,65,101,-36
39518,0,97,50,47
39520,0,1,17,-16
39521,0,16,16,0
39523,0,62,38,24
39525,0,8,35,-27
39527,0,32,11,21
39530,0,183,138,45
39534,0,44,46,-2
39535,0,8,3,5
39536,0,39,14,25
39537,0,30,21,9
39539,0,385,417,-32
39541,0,100,60,40
39542,0,93,73,20
39543,0,57,7,50
39544,0,84,95,-11
39545,0,85,58,27
39546,0,30,10,20
39548,0,13,25,-12
39549,0,84,41,43
39550,0,111,146,-35
39552,0,25,17,8
39553,0,42,33,9
39554,0,101,52,49
39556,0,27,38,-11
39558,0,34,44,-10
39559,0,58,116,-58
39560,0,6,1,5
39561,0,57,94,-37
39562,0,64,89,-25
39563,0,42,31,11
39565,0,7,23,-16
39568,0,18,44,-26
39569,0,13,4,9
39570,0,9,4,5
39571,0,1,8,-7
39572,0,12,61,-49
39579,0,17,45,-28
39581,0,31,13,18
39584,0,3,32,-29
39585,0,13,34,-21
39587,0,44,18,26
39590,0,13,22,-9
39591,0,96,92,4
39592,0,23,77,-54
39593,0,19,40,-21
39596,0,34,34,0
39600,0,19,2,17
39601,0,20,5,15
39602,0,11,17,-6
39603,0,19,9,10
39604,0,3,2,1
39608,0,41,34,7
39609,0,14,68,-54
39612,0,16,12,4
39614,0,32,23,9
39615,0,26,22,4
39620,0,44,37,7
39624,0,18,12,6
39625,0,18,21,-3
39626,0,71,96,-25
39628,0,11,15,-4
39630,0,76,41,35
39631,0,82,51,31
39633,0,33,52,-19
39635,0,27,64,-37
39638,0,59,52,7
39640,0,25,45,-20
39641,0,39,15,24
39642,0,244,227,17
39644,0,17,0,17
39645,0,56,9,47
39646,0,565,568,-3
39648,0,48,88,-40
39652,0,4,35,-31
39655,0,5,19,-14
39661,0,5,4,1
39664,0,79,55,24
39666,0,133,94,39
39668,0,9,34,-25
39670,0,41,42,-1
39672,0,1,43,-42
39674,0,3,5,-2
39675,0,6,25,-19
39676,0,6,3,3
39680,0,17,35,-18
39681,0,32,28,4
39684,0,422,390,32
39687,0,72,49,23
39691,0,10,26,-16
39693,0,37,48,-11
39694,0,19,38,-19
39695,0,5,9,-4
39696,0,12,26,-14
39698,0,341,337,4
39700,0,1,22,-21
39701,0,33,46,-13
39704,0,229,211,18
39710,0,23,25,-2
39713,0,19,24,-5
39718,0,32,6,26
39719,0,37,78,-41
39720,0,129,117,12
39721,0,393,371,22
39722,0,65,22,43
39723,0,27,64,-37
39724,0,98,107,-9
39726,0,3,14,-11
39728,0,14,18,-4
39730,0,4,8,-4
39733,0,48,41,7
39734,0,68,117,-49
39735,0,67,35,32
39736,0,38,54,-16
39737,0,13,20,-7
39739,0,8,18,-10
39740,0,6,2,4
39741,0,70,74,-4
39742,0,6,3,3
39744,0,33,22,11
39745,0,46,18,28
39748,0,7,4,3
39749,0,49,30,19
39751,0,449,429,20
39752,0,3,3,0
39753,0,45,15,30
39754,0,26,32,-6
39756,0,43,7,36
39757,0,77,24,53
39758,0,95,83,12
39759,0,41,13,28
39760,0,38,44,-6
39764,0,55,80,-25
39766,0,66,93,-27
39767,0,68,39,29
39768,0,175,153,22
39769,0,41,31,10
39772,0,9,11,-2
39775,0,4,26,-22
39776,0,7,15,-8
39778,0,35,15,20
39779,0,1,2,-1
39782,0,84,55,29
39786,0,8,27,-19
39787,0,6,16,-10
39788,0,7,11,-4
39791,0,11,60,-49
39792,0,15,23,-8
39795,0,226,221,5
39798,0,25,51,-26
39800,0,46,58,-12
39801,0,7,43,-36
39802,0,14,18,-4
39804,0,644,607,37
39805,0,17,38,-21
39806,0,6,9,-3
39807,0,14,23,-9
39808,0,50,98,-48
39812,0,22,12,10
39813,0,35,26,9
39819,0,54,39,15
39820,0,5,6,-1
39822,0,51,31,20
39824,0,41,51,-10
39825,0,15,60,-45
39826,0,12,46,-34
39828,0,29,49,-20
39829,0,24,48,-24
39831,0,19,18,1
39833,0,219,253,-34
39836,0,15,54,-39
39838,0,66,41,25
39839,0,32,25,7
39842,0,8,44,-36
39845,0,157,155,2
39846,0,23,24,-1
39847,0,32,13,19
39848,0,3,0,3
39852,0,25,16,9
39854,0,17,37,-20
39855,0,39,62,-23
39856,0,61,57,4
39857,0,12,27,-15
39861,0,5,20,-15
39862,0,56,106,-50
39864,0,21,45,-24
39866,0,66,56,10
39867,0,27,29,-2
39869,0,8,22,-14
39870,0,31,50,-19
39873,0,4,24,-20
39874,0,21,9,12
39877,0,12,31,-19
39879,0,18,21,-3
39881,0,19,54,-35
39884,0,7,63,-56
39885,0,65,24,41
39886,0,3,1,2
39887,0,257,266,-9
39890,0,4,28,-24
39891,0,446,450,-4
39893,0,4,17,-13
39894,0,27,8,19
39898,0,8,8,0
39899,0,12,9,3
39900,0,387,408,-21
39901,0,64,104,-40
39902,0,9,18,-9
39906,0,93,69,24
39908,0,36,57,-21
39909,0,57,37,20
39916,0,12,12,0
39918,0,14,7,7
39919,0,51,3,48
39920,0,74,60,14
39921,0,47,69,-22
39922,0,16,9,7
39923,0,43,59,-16
39927,0,111,69,42
39928,0,202,178,24
39930,0,14,6,8
39931,0,69,102,-33
39932,0,499,449,50
39933,0,11,2,9
39934,0,237,239,-2
39937,0,199,148,51
39938,0,21,14,7
39939,0,48,4,44
39940,0,19,54,-35
39942,0,32,3,29
39943,0,19,19,0
39944,0,76,92,-16
39946,0,3,12,-9
39948,0,62,69,-7
39952,0,21,27,-6
39953,0,8,13,-5
39954,0,24,38,-14
39955,0,123,87,36
39956,0,48,31,17
39957,0,40,38,2
39958,0,42,50,-8
39959,0,40,19,21
39960,0,36,30,6
39961,0,23,16,7
39966,0,83,92,-9
39969,0,169,215,-46
39972,0,61,61,0
39974,0,19,10,9
39975,0,9,23,-14
39977,0,116,71,45
39979,0,98,142,-44
39980,0,44,99,-55
39981,0,129,86,43
39983,0,233,199,34
39985,0,61,66,-5
39987,0,1,14,-13
39988,0,4,12,-8
39989,0,152,105,47
39996,0,90,36,54
39997,0,21,12,9
39998,0,1,4,-3
40000,1,25,0,25
40004,1,56,10,46
40007,1,75,57,18
40008,1,359,314,45
40014,1,13,16,-3
40015,1,2,2,0
40017,1,26,16,10
40018,1,85,70,15
40023,1,30,1,29
40024,1,164,143,21
40026,1,38,44,-6
40027,1,5,5,0
40028,1,25,58,-33
40030,1,21,11,10
40031,1,2,7,-5
40032,1,19,23,-4
40035,1,2,28,-26
40036,1,23,7,16
40038,1,35,44,-9
40039,1,108,109,-1
40042,1,3,9,-6
40045,1,59,9,50
40046,1,44,103,-59
40048,1,2,38,-36
40049,1,84,79,5
40052,1,88,47,41
40056,1,313,373,-60
40060,1,3,9,-6
40061,1,7,12,-5
40063,1,10,31,-21
40064,1,53,5,48
40065,1,101,101,0
40066,1,51,68,-17
40071,1,9,10,-1
40075,1,47,35,12
40078,1,62,33,29
40079,1,9,11,-2
40081,1,14,4,10
40082,1,1,2,-1
40083,1,27,11,16
40085,1,43,24,19
40087,1,382,370,12
40088,1,8,2,6
40096,1,17,21,-4
40098,1,21,9,12
40099,1,16,6,10
40100,1,4,7,-3
40101,1,82,43,39
40102,1,84,38,46
40105,1,30,35,-5
40106,1,64,36,28
40107,1,88,35,53
40108,1,39,16,23
40109,1,285,289,-4
40111,1,22,22,0
40112,1,35,46,-11
40113,1,36,85,-49
40116,1,35,53,-18
40118,1,1070,1078,-8
40119,1,13,34,-21
40120,1,31,33,-2
40121,1,2,22,-20
40122,1,5,18,-13
40123,1,16,15,1
40126,1,20,24,-4
40127,1,10,45,-35
40129,1,10,4,6
40132,1,9,1,8
40135,1,102,64,38
40136,1,2,5,-3
40137,1,7,9,-2
40139,1,2,2,0
40140,1,36,30,6
40141,1,1,7,-6
40142,1,496,445,51
40143,1,183,182,1
40145,1,10,8,2
40147,1,97,68,29
40148,1,17,17,0
40151,1,10,28,-18
40153,1,8,41,-33
40154,1,92,40,52
40156,1,59,79,-20
40157,1,115,104,11
40158,1,8,29,-21
40161,1,6,11,-5
40163,1,172,161,11
40164,1,5,4,1
40167,1,135,173,-38
40168,1,40,81,-41
40169,1,57,84,-27
40171,1,58,62,-4
40172,1,62,17,45
40176,1,49,86,-37
40177,1,74,42,32
40178,1,43,13,30
40180,1,132,187,-55
40181,1,82,46,36
40184,1,46,37,9
40185,1,5,4,1
40187,1,5,10,-5
40188,1,1226,1208,18
40189,1,20,31,-11
40191,1,19,11,8
40193,1,26,37,-11
40196,1,39,10,29
40197,1,33,21,12
40199,1,120,66,54
40200,1,20,17,3
40201,1,10,3,7
40204,1,14,22,-8
40206,1,5,20,-15
40208,1,56,7,49
40209,1,1,10,-9
40210,1,91,88,3
40212,1,25,45,-20
40214,1,6,7,-1
40217,1,101,143,-42
40218,1,31,19,12
40220,1,27,34,-7
40221,1,195,241,-46
40222,1,70,64,6
40224,1,36,42,-6
40226,1,73,33,40
40227,1,36,6,30
40228,1,26,26,0
40229,1,44,48,-4
40231,1,114,65,49
40234,1,16,29,-13
40236,1,5,8,-3
40237,1,36,45,-9
40239,1,38,17,21
40240,1,72,41,31
40243,1,49,2,47
40246,1,53,104,-51
40247,1,13,58,-45
40249,1,528,496,32
40252,1,68,59,9
40257,1,47,5,42
40259,1,80,32,48
40263,1,67,73,-6
40265,1,86,91,-5
40266,1,25,36,-11
40268,1,14,7,7
40269,1,56,48,8
40270,1,82,39,43
40271,1,31,8,23
40272,1,22,15,7
40273,1,855,889,-34
40274,1,25,22,3
40277,1,14,2,12
40278,1,64,34,30
40282,1,62,20,42
40283,1,67,73,-6
40285,1,10,26,-16
40287,1,98,149,-51
40288,1,43,19,24
40291,1,141,102,39
40294,1,26,10,16
40296,1,32,66,-34
40299,1,19,46,-27
40300,1,22,25,-3
40301,1,108,65,43
40303,1,28,47,-19
40305,1,10,12,-2
40307,1,10,28,-18
40308,1,17,16,1
40309,1,3,18,-15
40310,1,74,61,13
40311,1,8,29,-21
40314,1,4,27,-23
40317,1,21,16,5
40319,1,28,48,-20
40323,1,5,33,-28
40326,1,55,21,34
40328,1,5,7,-2
40329,1,13,10,3
40332,1,20,8,12
40333,1,18,44,-26
40334,1,5,5,0
40336,1,21,6,15
40341,1,45,49,-4
40344,1,2,17,-15
40346,1,6,62,-56
40348,1,35,15,20
40354,1,62,77,-15
40357,1,16,12,4
40358,1,26,48,-22
40359,1,7,6,1
40360,1,12,35,-23
40362,1,154,171,-17
40365,1,4,11,-7
40366,1,8,15,-7
40367,1,2,17,-15
40368,1,2,23,-21
40369,1,79,70,9
40370,1,6,36,-30
40371,1,70,47,23
40372,1,52,26,26
40373,1,27,39,-12
40375,1,224,245,-21
40376,1,1,2,-1
40378,1,5,11,-6
40379,1,20,33,-13
40381,1,11,11,0
40383,1,1,4,-3
40387,1,80,36,44
40390,1,63,20,43
40391,1,31,12,19
40392,1,62,73,-11
40393,1,28,14,14
40397,1,47,25,22
40400,1,177,173,4
40401,1,342,301,41
40402,1,20,33,-13
40405,1,2,18,-16
40407,1,49,16,33
40408,1,10,8,2
40410,1,24,72,-48
40411,1,7,19,-12
40414,1,103,161,-58
40415,1,30,20,10
40416,1,21,17,4
40417,1,4,3,1
40418,1,51,11,40
40419,1,67,44,23
40420,1,4,7,-3
40421,1,83,36,47
40422,1,51,24,27
40424,1,22,27,-5
40425,1,64,36,28
40428,1,38,47,-9
40431,1,25,27,-2
40433,1,52,4,48
40435,1,54,45,9
40437,1,436,458,-22
40438,1,81,33,48
40439,1,5,22,-17
40440,1,9,12,-3
40441,1,85,34,51
40442,1,16,19,-3
40443,1,32,13,19
40445,1,15,46,-31
40446,1,39,5,34
40448,1,49,23,26
40451,1,13,64,-51
40452,1,133,125,8
40454,1,67,31,36
40455,1,54,90,-36
40456,1,46,40,6
40457,1,15,20,-5
40463,1,122,103,19
40465,1,13,1,12
40469,1,113,89,24
40470,1,23,20,3
40471,1,45,65,-20
40473,1,29,13,16
40475,1,19,68,-49
40478,1,10,21,-11
40482,1,9,2,7
40483,1,20,2,18
40487,1,82,120,-38
40489,1,44,41,3
40491,1,3,2,1
40493,1,68,18,50
40494,1,63,50,13
40498,1,33,28,5
40501,1,75,48,27
40505,1,5,29,-24
40508,1,12,10,2
40509,1,8,17,-9
40514,1,18,8,10
40515,1,5411,5458,-47
40516,1,77,125,-48
40518,1,93,131,-38
40520,1,31,27,4
40522,1,26,41,-15
40523,1,139,105,34
40524,1,45,51,-6
40525,1,5,9,-4
40529,1,122,106,16
40532,1,47,17,30
40533,1,18,3,15
40535,1,6,18,-12
40539,1,56,55,1
40542,1,56,52,4
40543,1,106,81,25
40544,1,170,177,-7
40545,1,15,15,0
40546,1,36,92,-56
40548,1,20,29,-9
40549,1,71,64,7
40551,1,24,16,8
40553,1,7,29,-22
40554,1,15,44,-29
40555,1,238,236,2
40559,1,17,42,-25
40564,1,32,57,-25
40566,1,54,36,18
40567,1,28,45,-17
40570,1,37,12,25
40571,1,43,54,-11
40574,1,49,99,-50
40575,1,21,23,-2
40577,1,42,36,6
40578,1,27,1,26
40582,1,2,13,-11
40583,1,7,20,-13
40584,1,73,65,8
40585,1,16,33,-17
40586,1,56,86,-30
40588,1,153,125,28
40590,1,79,29,50
40591,1,19,4,15
40592,1,8,5,3
40593,1,3,10,-7
40597,1,25,29,-4
40599,1,18,32,-14
40600,1,163,189,-26
40602,1,149,193,-44
40603,1,117,69,48
40604,1,15,5,10
40605,1,63,74,-11
40606,1,1,6,-5
40607,1,19,13,6
40611,1,7,6,1
40612,1,110,71,39
40615,1,83,73,10
40616,1,46,52,-6
40618,1,5,1,4
40621,1,22,10,12
40622,1,4,1,3
40623,1,20,46,-26
40625,1,4,6,-2
40627,1,48,37,11
40634,1,41,29,12
40635,1,55,13,42
40636,1,24,4,20
40637,1,32,6,26
40638,1,99,82,17
40639,1,95,86,9
40640,1,10,5,5
40642,1,16,10,6
40643,1,17,30,-13
40647,1,3,2,1
40648,1,34,23,11
40649,1,10,14,-4
40652,1,35,36,-1
40653,1,236,193,43
40654,1,3,42,-39
40657,1,49,5,44
40660,1,24,5,19
40662,1,30,72,-42
40664,1,8,14,-6
40666,1,9,39,-30
40667,1,89,37,52
40669,1,48,4,44
40672,1,29,8,21
40674,1,84,54,30
40675,1,38,25,13
40676,1,10,42,-32
40677,1,4,16,-12
40678,1,49,32,17
40679,1,15,2,13
40683,1,1,6,-5
40684,1,48,17,31
40686,1,114,137,-23
40687,1,42,20,22
40689,1,22,3,19
40690,1,60,32,28
40693,1,7,9,-2
40694,1,132,79,53
40697,1,38,36,2
40698,1,7,4,3
40702,1,8,1,7
40703,1,52,17,35
40704,1,61,63,-2
40707,1,42,21,21
40708,1,5,5,0
40709,1,27,40,-13
40710,1,135,149,-14
40713,1,72,42,30
40714,1,28,54,-26
40715,1,84,81,3
40717,1,81,33,48
40718,1,349,359,-10
40719,1,52,38,14
40721,1,31,30,1
40722,1,116,71,45
40723,1,60,59,1
40724,1,122,161,-39
40725,1,21,46,-25
40728,1,19,17,2
40731,1,13,5,8
40732,1,42,45,-3
40733,1,72,28,44
40734,1,13,35,-22
40735,1,6,14,-8
40736,1,10,24,-14
40737,1,125,146,-21
40739,1,20,66,-46
40740,1,10,5,5
40741,1,2,7,-5
40743,1,1,1,0
40744,1,11,72,-61
40746,1,7,1,6
40749,1,34,13,21
40753,1,107,60,47
40754,1,36,15,21
40755,1,42,40,2
40757,1,77,37,40
40758,1,6,37,-31
40760,1,10,17,-7
40763,1,39,28,11
40764,1,92,85,7
40766,1,21,13,8
40767,1,40,72,-32
40769,1,7,4,3
40773,1,81,43,38
40774,1,4,24,-20
40775,1,40,5,35
40776,1,15,15,0
40777,1,14,18,-4
40778,1,43,24,19
40780,1,144,118,26
40781,1,4,12,-8
40782,1,43,15,28
40785,1,83,132,-49
40787,1,739,747,-8
40791,1,59,22,37
40793,1,86,92,-6
40794,1,32,52,-20
40796,1,174,192,-18
40801,1,52,24,28
40802,1,40,29,11
40804,1,7,27,-20
40807,1,20,43,-23
40808,1,10,9,1
40812,1,1,15,-14
40813,1,48,18,30
40814,1,4,27,-23
40815,1,45,74,-29
40817,1,12,25,-13
40821,1,11,26,-15
40823,1,1,4,-3
40830,1,27,27,0
40831,1,23,4,19
40832,1,70,37,33
40834,1,264,268,-4
40836,1,32,8,24
40838,1,14,9,5
40839,1,15,10,5
40840,1,10,14,-4
40844,1,46,5,41
40845,1,105,125,-20
40846,1,40,73,-33
40848,1,22,72,-50
40852,1,48,32,16
40855,1,8,37,-29
40858,1,12,1,11
40859,1,69,34,35
40865,1,52,43,9
40866,1,140,91,49
40867,1,34,34,0
40868,1,6,2,4
40869,1,8,23,-15
40871,1,5,22,-17
40873,1,17,26,-9
40874,1,14,13,1
40876,1,19,17,2
40877,1,8,60,-52
40880,1,2,10,-8
40881,1,85,84,1
40882,1,152,184,-32
40885,1,130,102,28
40889,1,10,1,9
40890,1,48,58,-10
40891,1,3,6,-3
40893,1,44,19,25
40895,1,32,53,-21
40896,1,44,47,-3
40897,1,88,97,-9
40898,1,22,41,-19
40900,1,8,9,-1
40901,1,32,16,16
40905,1,14,25,-11
40906,1,9,59,-50
40907,1,70,41,29
40908,1,30,79,-49
40913,1,10,21,-11
40914,1,303,292,11
40916,1,55,33,22
40918,1,5,15,-10
40919,1,6,21,-15
40922,1,34,50,-16
40923,1,8,33,-25
40925,1,26,11,15
40930,1,9,5,4
40931,1,97,43,54
40933,1,17,50,-33
40937,1,4,16,-12
40940,1,18,33,-15
40943,1,6,20,-14
40946,1,4,5,-1
40947,1,123,158,-35
40948,1,78,103,-25
40950,1,1290,1243,47
40951,1,29,47,-18
40954,1,25,19,6
40958,1,34,50,-16
40959,1,99,83,16
40960,1,138,122,16
40963,1,34,13,21
40965,1,45,12,33
40966,1,184,152,32
40968,1,43,18,25
40970,1,31,28,3
40971,1,21,5,16
40973,1,5,17,-12
40976,1,30,17,13
40977,1,37,56,-19
40978,1,43,28,15
40979,1,68,52,16
40981,1,417,454,-37
40982,1,24,36,-12
40983,1,45,50,-5
40985,1,61,14,47
40987,1,73,90,-17
40990,1,10,37,-27
40991,1,48,2,46
40992,1,20,27,-7
40994,1,36,79,-43
40995,1,61,60,1
40996,1,40,12,28
40997,1,44,55,-11
40998,1,31,14,17
41001,1,31,53,-22
41002,1,1,0,1
41003,1,25,24,1
41004,1,6,3,3
41009,1,11,5,6
41012,1,21,9,12
41014,1,8,13,-5
41015,1,25,29,-4
41018,1,41,34,7
41021,1,31,22,9
41022,1,44,12,32
41023,1,98,81,17
41026,1,285,335,-50
41028,1,168,201,-33
41031,1,130,159,-29
41033,1,31,30,1
41034,1,52,35,17
41036,1,16,69,-53
41037,1,559,510,49
41039,1,24,38,-14
41040,1,11,13,-2
41041,1,57,14,43
41042,1,45,26,19
41043,1,108,83,25
41045,1,43,16,27
41046,1,58,59,-1
41049,1,3,9,-6
41051,1,42,21,21
41052,1,9,1,8
41054,1,34,2,32
41056,1,4,19,-15
41058,1,74,103,-29
41060,1,74,29,45
41061,1,1,9,-8
41062,1,132,121,11
41063,1,57,65,-8
41065,1,38,58,-20
41066,1,38,92,-54
41067,1,17,60,-43
41068,1,59,82,-23
41070,1,345,324,21
41071,1,22,14,8
41072,1,44,72,-28
41073,1,98,155,-57
41074,1,52,18,34
41075,1,110,57,53
41076,1,8,34,-26
41077,1,26,32,-6
41078,1,24,4,20
41079,1,126,77,49
41080,1,18,12,6
41081,1,47,16,31
41082,1,179,232,-53
41083,1,2,5,-3
41086,1,64,122,-58
41090,1,58,8,50
41092,1,70,86,-16
41094,1,48,57,-9
41097,1,3,9,-6
41099,1,35,1,34
41103,1,25,42,-17
41104,1,13,6,7
41105,1,494,459,35
41106,1,2,1,1
41107,1,14,5,9
41109,1,86,75,11
41113,1,95,84,11
41117,1,16,1,15
41119,1,108,89,19
41120,1,10,18,-8
41123,1,44,23,21
41124,1,46,74,-28
41125,1,7,19,-12
41127,1,34,20,14
41128,1,14,13,1
41130,1,107,122,-15
41132,1,49,42,7
41133,1,111,83,28
41134,1,67,77,-10
41136,1,99,72,27
41137,1,58,25,33
41139,1,347,333,14
41140,1,89,110,-21
41142,1,37,66,-29
41144,1,5,18,-13
41145,1,38,56,-18
41147,1,14,18,-4
41148,1,33,53,-20
41153,1,48,62,-14
41156,1,7,2,5
41157,1,56,56,0
41159,1,20,57,-37
41163,1,21,18,3
41164,1,2,46,-44
41165,1,19,24,-5
41167,1,71,23,48
41171,1,8,16,-8
41173,1,15,11,4
41175,1,53,10,43
41179,1,48,35,13
41181,1,28,32,-4
41186,1,1,10,-9
41188,1,16,7,9
41189,1,35,64,-29
41195,1,14,16,-2
41197,1,23,3,20
41200,1,4,59,-55
41201,1,11,4,7
41207,1,7,13,-6
41208,1,6,8,-2
41209,1,18,8,10
41210,1,133,92,41
41211,1,80,77,3
41212,1,119,80,39
41216,1,12,2,10
41217,1,17,1,16
41223,1,45,32,13
41224,1,12,9,3
41225,1,8,44,-36
41226,1,1033,1046,-13
41227,1,40,14,26
41229,1,85,137,-52
41230,1,21,20,1
41231,1,27,14,13
41234,1,43,82,-39
41235,1,20,24,-4
41239,1,21,79,-58
41241,1,46,20,26
41242,1,14,8,6
41244,1,5,58,-53
41246,1,11,21,-10
41247,1,33,26,7
41250,1,75,36,39
41251,1,34,23,11
41252,1,28,22,6
41253,1,49,52,-3
41254,1,13,12,1
41255,1,107,70,37
41257,1,74,64,10
41258,1,49,15,34
41260,1,85,35,50
41261,1,1,28,-27
41265,1,10,50,-40
41266,1,46,24,22
41268,1,19,16,3
41269,1,62,27,35
41270,1,25,39,-14
41271,1,271,275,-4
41273,1,110,139,-29
41275,1,38,73,-35
41276,1,10,7,3
41278,1,21,13,8
41281,1,25,25,0
41282,1,14,0,14
41285,1,333,393,-60
41286,1,33,20,13
41289,1,159,168,-9
41291,1,65,62,3
41296,1,168,209,-41
41297,1,8,24,-16
41300,1,55,19,36
41301,1,12,3,9
41304,1,34,20,14
41305,1,72,55,17
41306,1,11,32,-21
41307,1,6,12,-6
41308,1,98,58,40
41309,1,2,4,-2
41310,1,31,45,-14
41311,1,60,37,23
41312,1,3,0,3
41313,1,32,3,29
41315,1,3,11,-8
41317,1,21,9,12
41318,1,7,9,-2
41320,1,43,74,-31
41322,1,84,74,10
41323,1,10,9,1
41324,1,44,63,-19
41325,1,36,41,-5
41326,1,36,13,23
41330,1,31,19,12
41331,1,19,14,5
41333,1,46,98,-52
41334,1,122,71,51
41335,1,10,6,4
41336,1,16,69,-53
41337,1,18,24,-6
41339,1,1,9,-8
41344,1,39,79,-40
41346,1,24,17,7
41348,1,15,21,-6
41350,1,20,9,11
41353,1,41,30,11
41359,1,20,30,-10
41363,1,28,63,-35
41366,1,91,79,12
41367,1,2,1,1
41368,1,7,15,-8
41369,1,39,13,26
41371,1,28,31,-3
41372,1,58,45,13
41375,1,7,6,1
41377,1,7,59,-52
41378,1,19,15,4
41381,1,20,28,-8
41383,1,3,23,-20
41384,1,43,18,25
41386,1,25,28,-3
41387,1,133,104,29
41388,1,11,6,5
41389,1,108,95,13
41391,1,104,133,-29
41392,1,31,39,-8
41394,1,35,12,23
41400,1,15,28,-13
41401,1,2,3,-1
41402,1,24,27,-3
41403,1,9,4,5
41407,1,92,46,46
41408,1,48,38,10
41409,1,73,47,26
41410,1,97,117,-20
41412,1,14,50,-36
41413,1,9,1,8
41419,1,19,41,-22
41420,1,39,32,7
41422,1,28,13,15
41425,1,18,5,13
41427,1,33,3,30
41428,1,1,25,-24
41430,1,36,7,29
41431,1,9,10,-1
41432,1,15,20,-5
41434,1,6,14,-8
41435,1,11,11,0
41438,1,26,17,9
41439,1,48,12,36
41441,1,485,467,18
41442,1,31,12,19
41443,1,1,12,-11
41449,1,3,3,0
41452,1,23,8,15
41453,1,49,46,3
41454,1,187,188,-1
41456,1,52,19,33
41457,1,32,19,13
41458,1,1,21,-20
41463,1,14,13,1
41464,1,34,45,-11
41465,1,6,12,-6
41466,1,54,16,38
41467,1,84,33,51
41468,1,124,79,45
41469,1,28,11,17
41472,1,149,138,11
41473,1,8,21,-13
41474,1,47,26,21
41475,1,88,79,9
41476,1,53,21,32
41477,1,17,6,11
41478,1,21,52,-31
41479,1,1,3,-2
41480,1,81,85,-4
41481,1,23,11,12
41483,1,240,189,51
41487,1,13,1,12
41488,1,82,119,-37
41489,1,21,24,-3
41490,1,8,6,2
41492,1,3,28,-25
41494,1,78,60,18
41495,1,57,22,35
41497,1,38,29,9
41500,1,52,33,19
41502,1,94,143,-49
41503,1,68,71,-3
41504,1,22,10,12
41513,1,54,48,6
41514,1,45,30,15
41515,1,16,18,-2
41517,1,12,22,-10
41519,1,9,31,-22
41522,1,39,12,27
41523,1,61,67,-6
41529,1,2,16,-14
41530,1,92,85,7
41531,1,2,1,1
41533,1,22,14,8
41534,1,95,49,46
41535,1,23,23,0
41536,1,450,405,45
41538,1,56,47,9
41540,1,52,110,-58
41541,1,69,16,53
41542,1,53,95,-42
41543,1,11,4,7
41544,1,23,19,4
41545,1,14,8,6
41546,1,15,22,-7
41551,1,28,20,8
41554,1,47,104,-57
41555,1,4,14,-10
41557,1,100,69,31
41558,1,107,160,-53
41559,1,79,65,14
41560,1,51,32,19
41561,1,28,24,4
41562,1,25,25,0
41564,1,5,5,0
41565,1,44,77,-33
41566,1,93,79,14
41568,1,300,283,17
41571,1,67,38,29
41572,1,34,79,-45
41573,1,61,26,35
41574,1,65,35,30
41576,1,29,16,13
41577,1,12,13,-1
41578,1,21,33,-12
41579,1,14,8,6
41580,1,19,40,-21
41582,1,15,7,8
41583,1,43,22,21
41587,1,6,17,-11
41592,1,55,42,13
41593,1,10,2,8
41598,1,45,8,37
41600,1,7,23,-16
41603,1,45,31,14
41604,1,412,435,-23
41607,1,1,16,-15
41608,1,57,65,-8
41610,1,2,20,-18
41611,1,21,21,0
41613,1,20,46,-26
41615,1,62,90,-28
41616,1,130,101,29
41617,1,24,20,4
41620,1,1119,1092,27
41621,1,2,19,-17
41622,1,8,6,2
41627,1,25,58,-33
41628,1,16,48,-32
41629,1,33,33,0
41630,1,153,138,15
41634,1,30,34,-4
41635,1,18,6,12
41637,1,1,10,-9
41639,1,6,9,-3
41644,1,35,39,-4
41646,1,24,17,7
41649,1,25,7,18
41650,1,56,13,43
41653,1,19,6,13
41655,1,8,30,-22
41656,1,145,201,-56
41657,1,17,5,12
41658,1,75,49,26
41664,1,1,20,-19
41665,1,78,38,40
41668,1,111,100,11
41669,1,82,69,13
41670,1,43,17,26
41671,1,40,72,-32
41672,1,8,14,-6
41673,1,5,20,-15
41675,1,49,18,31
41676,1,63,62,1
41677,1,34,12,22
41681,1,3,0,3
41682,1,42,27,15
41683,1,23,17,6
41684,1,220,185,35
41685,1,18,15,3
41686,1,89,38,51
41690,1,4,47,-43
41692,1,12,36,-24
41693,1,28,6,22
41696,1,12,11,1
41700,1,13,24,-11
41702,1,31,11,20
41703,1,167,116,51
41704,1,44,25,19
41708,1,95,114,-19
41709,1,16,29,-13
41710,1,13,4,9
41711,1,26,14,12
41713,1,16,13,3
41716,1,51,17,34
41717,1,4,3,1
41718,1,234,239,-5
41719,1,38,21,17
41722,1,23,6,17
41723,1,39,7,32
41724,1,29,51,-22
41727,1,57,97,-40
41728,1,11,8,3
41729,1,9,32,-23
41730,1,5,3,2
41731,1,8,1,7
41732,1,11,12,-1
41733,1,43,29,14
41736,1,279,228,51
41737,1,34,1,33
41738,1,67,58,9
41744,1,96,118,-22
41745,1,23,40,-17
41748,1,17,72,-55
41749,1,32,37,-5
41750,1,36,15,21
41751,1,6,1,5
41752,1,97,142,-45
41754,1,3,8,-5
41758,1,23,8,15
41759,1,263,252,11
41760,1,1,15,-14
41763,1,92,60,32
41767,1,22,43,-21
41769,1,44,20,24
41771,1,47,86,-39
41772,1,33,3,30
41773,1,23,66,-43
41774,1,10,2,8
41777,1,24,13,11
41779,1,30,46,-16
41780,1,82,137,-55
41781,1,33,43,-10
41783,1,131,94,37
41784,1,5,0,5
41785,1,32,63,-31
41789,1,110,65,45
41790,1,56,49,7
41792,1,124,104,20
41793,1,41,1,40
41794,1,166,118,48
41796,1,3,53,-50
41797,1,43,4,39
41798,1,50,14,36
41799,1,59,41,18
41800,1,3,4,-1
41801,1,32,51,-19
41803,1,9,9,0
41805,1,22,31,-9
41806,1,32,6,26
41809,1,3,0,3
41810,1,41,53,-12
41811,1,11,9,2
41813,1,32,23,9
41814,1,15,20,-5
41815,1,17,13,4
41817,1,7,62,-55
41819,1,20,13,7
41820,1,56,37,19
41823,1,1,2,-1
41824,1,46,27,19
41825,1,5,11,-6
41828,1,416,409,7
41830,1,45,9,36
41831,1,33,7,26
41833,1,7,3,4
41835,1,5,41,-36
41838,1,2,7,-5
41840,1,9,5,4
41841,1,35,14,21
41842,1,44,56,-12
41843,1,209,220,-11
41844,1,92,64,28
41845,1,34,9,25
41846,1,13,21,-8
41847,1,11,6,5
41849,1,2,10,-8
41850,1,15,71,-56
41852,1,60,71,-11
41855,1,188,139,49
41856,1,11,38,-27
41861,1,12,7,5
41862,1,8,33,-25
41863,1,62,20,42
41864,1,43,18,25
41865,1,132,85,47
41867,1,3,8,-5
41868,1,33,32,1
41870,1,1,8,-7
41871,1,6,32,-26
41873,1,66,46,20
41875,1,42,64,-22
41876,1,2,4,-2
41877,1,1,2,-1
41878,1,7,0,7
41881,1,13,5,8
41883,1,74,48,26
41884,1,50,79,-29
41886,1,120,96,24
41887,1,162,164,-2
41888,1,1,2,-1
41889,1,148,156,-8
41890,1,52,34,18
41891,1,60,35,25
41892,1,19,2,17
41894,1,1710,1659,51
41896,1,14,52,-38
41898,1,50,19,31
41899,1,93,52,41
41900,1,29,15,14
41902,1,1,29,-28
41903,1,16,15,1
41905,1,94,49,45
41906,1,42,40,2
41910,1,46,26,20
41911,1,13,3,10
41915,1,67,59,8
41916,1,79,138,-59
41919,1,1510,1466,44
41920,1,70,20,50
41922,1,3,2,1
41925,1,57,30,27
41926,1,1,14,-13
41929,1,8,17,-9
41932,1,9,3,6
41933,1,27,73,-46
41934,1,111,135,-24
41939,1,113,60,53
41943,1,179,186,-7
41944,1,20,24,-4
41949,1,23,35,-12
41950,1,1,5,-4
41951,1,56,41,15
41952,1,31,58,-27
41954,1,22,46,-24
41955,1,34,30,4
41957,1,19,42,-23
41958,1,40,5,35
41959,1,35,18,17
41961,1,14,3,11
41963,1,279,236,43
41964,1,3,22,-19
41965,1,25,13,12
41966,1,25,13,12
41967,1,36,28,8
41968,1,127,167,-40
41971,1,21,24,-3
41975,1,47,40,7
41977,1,7,8,-1
41985,1,25,31,-6
41988,1,7,1,6
41991,1,13,1,12
41995,1,6,9,-3
41996,1,14,10,4
41999,1,143,121,22
42001,1,3,10,-7
42003,1,23,9,14
42005,1,47,50,-3
42006,1,91,51,40
42011,1,15,14,1
42013,1,31,5,26
42014,1,31,1,30
42015,1,40,46,-6
42017,1,64,37,27
42019,1,174,127,47
42023,1,18,70,-52
42024,1,1,6,-5
42025,1,25,2,23
42026,1,42,34,8
42027,1,34,8,26
42028,1,48,22,26
42029,1,22,3,19
42032,1,64,18,46
42034,1,121,88,33
42037,1,54,30,24
42040,1,64,63,1
42046,1,66,80,-14
42049,1,4,7,-3
42050,1,67,70,-3
42052,1,124,76,48
42053,1,2,2,0
42055,1,22,23,-1
42056,1,81,57,24
42061,1,122,107,15
42062,1,20,8,12
42063,1,84,38,46
42065,1,25,64,-39
42066,1,565,623,-58
42069,1,38,57,-19
42070,1,73,89,-16
42071,1,21,15,6
42073,1,66,26,40
42078,1,32,65,-33
42079,1,8,0,8
42081,1,11,18,-7
42082,1,149,163,-14
42083,1,9,9,0
42084,1,33,24,9
42085,1,208,164,44
42086,1,23,46,-23
42087,1,4,32,-28
42088,1,62,20,42
42090,1,17,19,-2
42091,1,76,79,-3
42093,1,95,131,-36
42095,1,36,12,24
42096,1,521,509,12
42097,1,30,69,-39
42098,1,2,7,-5
42102,1,95,55,40
42104,1,26,29,-3
42105,1,155,188,-33
42106,1,86,70,16
42107,1,86,79,7
42109,1,31,9,22
42110,1,14,13,1
42112,1,277,285,-8
42116,1,47,53,-6
42120,1,63,65,-2
42122,1,45,60,-15
42123,1,55,19,36
42124,1,43,95,-52
42125,1,44,30,14
42128,1,17,51,-34
42130,1,1,16,-15
42131,1,1,17,-16
42135,1,70,18,52
42137,1,306,266,40
42138,1,21,9,12
42139,1,19,27,-8
42140,1,310,324,-14
42141,1,2,2,0
42144,1,4,20,-16
42145,1,5,22,-17
42147,1,4,17,-13
42149,1,58,53,5
42151,1,5,7,-2
42152,1,17,64,-47
42154,1,49,91,-42
42156,1,153,109,44
42162,1,2,18,-16
42164,1,5,11,-6
42165,1,366,398,-32
42166,1,99,57,42
42168,1,45,29,16
42169,1,34,40,-6
42170,1,11,4,7
42172,1,66,83,-17
42174,1,8,0,8
42176,1,22,24,-2
42177,1,67,84,-17
42178,1,25,23,2
42179,1,85,74,11
42180,1,737,747,-10
42181,1,81,33,48
42187,1,9,8,1
42188,1,69,49,20
42190,1,1184,1234,-50
42191,1,25,19,6
42196,1,185,191,-6
42197,1,70,46,24
42199,1,21,13,8
42201,1,18,11,7
42202,1,54,29,25
42204,1,5,12,-7
42211,1,10,24,-14
42216,1,9,11,-2
42218,1,22,13,9
42222,1,14,21,-7
42227,1,30,59,-29
42228,1,52,40,12
42230,1,122,71,51
42231,1,5,0,5
42235,1,3,12,-9
42238,1,49,84,-35
42239,1,7,34,-27
42241,1,13,1,12
42244,1,3,27,-24
42245,1,240,223,17
42249,1,129,106,23
42250,1,84,47,37
42253,1,36,37,-1
42254,1,36,23,13
42256,1,41,5,36
42257,1,30,54,-24
42258,1,48,36,12
42259,1,14,6,8
42260,1,75,35,40
42264,1,91,139,-48
42265,1,32,38,-6
42266,1,11,34,-23
42267,1,975,1028,-53
42270,1,60,93,-33
42271,1,145,101,44
42272,1,26,26,0
42273,1,12,19,-7
42275,1,44,21,23
42276,1,12,10,2
42279,1,5,19,-14
42280,1,23,7,16
42283,1,56,11,45
42284,1,32,24,8
42286,1,35,55,-20
42290,1,9,34,-25
42293,1,43,50,-7
42298,1,12,7,5
42299,1,7,18,-11
42302,1,42,58,-16
42304,1,17,15,2
42305,1,16,37,-21
42306,1,3,3,0
42308,1,1,2,-1
42311,1,5,11,-6
42312,1,12,1,11
42315,1,113,135,-22
42316,1,30,7,23
42317,1,9,37,-28
42318,1,381,378,3
42322,1,75,42,33
42323,1,114,79,35
42324,1,129,118,11
42325,1,41,16,25
42328,1,4,10,-6
42333,1,4,8,-4
42338,1,38,24,14
42339,1,107,155,-48
42340,1,7,6,1
42344,1,126,169,-43
42345,1,67,22,45
42346,1,1,2,-1
42349,1,16,3,13
42351,1,115,141,-26
42352,1,14,25,-11
42353,1,5,21,-16
42356,1,32,6,26
42357,1,11,44,-33
42364,1,32,70,-38
42366,1,45,1,44
42369,1,4,48,-44
42372,1,29,30,-1
42373,1,4,2,2
42374,1,6,45,-39
42376,1,4,7,-3
42378,1,149,153,-4
42381,1,21,15,6
42382,1,14,6,8
42384,1,70,45,25
42385,1,87,79,8
42388,1,3,30,-27
42390,1,5,51,-46
42391,1,15,5,10
42394,1,117,102,15
42396,1,53,10,43
42397,1,6,5,1
42398,1,48,16,32
42399,1,19,13,6
42400,1,32,5,27
42401,1,57,27,30
42402,1,8,10,-2
42404,1,34,27,7
42405,1,26,24,2
42406,1,1,16,-15
42407,1,4,18,-14
42408,1,126,78,48
42409,1,56,98,-42
42411,1,27,13,14
42413,1,89,122,-33
42415,1,3,64,-61
42416,1,54,27,27
42417,1,168,222,-54
42418,1,47,73,-26
42420,1,12,28,-16
42424,1,36,50,-14
42426,1,54,16,38
42427,1,1,50,-49
42435,1,13,16,-3
42436,1,12,1,11
42437,1,145,120,25
42438,1,103,124,-21
42439,1,69,47,22
42440,1,81,61,20
42443,1,15,12,3
42444,1,69,18,51
42446,1,83,97,-14
42448,1,43,3,40
42449,1,44,2,42
42450,1,5,7,-2
42452,1,3,14,-11
42454,1,8,6,2
42458,1,23,33,-10
42461,1,4,9,-5
42462,1,9,4,5
42466,1,17,10,7
42468,1,1,13,-12
42470,1,27,6,21
42473,1,21,5,16
42474,1,51,73,-22
42475,1,129,122,7
42478,1,22,31,-9
42481,1,18,28,-10
42484,1,6,46,-40
42486,1,18,13,5
42488,1,41,23,18
42489,1,26,17,9
42491,1,34,33,1
42493,1,14,0,14
42495,1,76,71,5
42496,1,71,35,36
42497,1,46,30,16
42499,1,146,188,-42
42502,1,70,51,19
42503,1,43,14,29
42505,1,42,4,38
42507,1,12,12,0
42510,1,21,16,5
42512,1,1,6,-5
42513,1,28,26,2
42516,1,21,9,12
42517,1,11,18,-7
42520,1,39,20,19
42526,1,49,11,38
42527,1,11,17,-6
42528,1,35,16,19
42534,1,47,37,10
42535,1,18,4,14
42536,1,32,40,-8
42537,1,18,34,-16
42538,1,172,158,14
42539,1,6,16,-10
42543,1,25,31,-6
42548,1,6,3,3
42549,1,31,23,8
42551,1,56,16,40
42555,1,79,69,10
42556,1,7,5,2
42558,1,58,35,23
42559,1,89,48,41
42561,1,30,51,-21
42564,1,9,3,6
42566,1,22,31,-9
42569,1,14,8,6
42570,1,4,15,-11
42571,1,71,51,20
42575,1,35,18,17
42576,1,18,42,-24
42577,1,7,12,-5
42579,1,35,25,10
42581,1,11,14,-3
42582,1,31,56,-25
42583,1,1,24,-23
42586,1,17,3,14
42588,1,2,6,-4
42589,1,20,3,17
42590,1,106,72,34
42592,1,56,62,-6
42593,1,3,16,-13
42594,1,25,66,-41
42600,1,1,10,-9
42601,1,20,56,-36
42605,1,72,19,53
42606,1,49,88,-39
42607,1,11,7,4
42609,1,46,42,4
42610,1,34,20,14
42612,1,101,132,-31
42614,1,36,44,-8
42616,1,1,1,0
42617,1,13,4,9
42620,1,10,7,3
42621,1,15,6,9
42622,1,24,50,-26
42624,1,40,28,12
42625,1,8,25,-17
42628,1,32,36,-4
42629,1,1,27,-26
42630,1,7,41,-34
42632,1,26,50,-24
42636,1,74,63,11
42637,1,27,44,-17
42640,1,32,11,21
42641,1,21,19,2
42642,1,11,15,-4
42645,1,147,119,28
42646,1,9,25,-16
42648,1,19,27,-8
42652,1,220,178,42
42656,1,13,10,3
42657,1,16,35,-19
42658,1,54,28,26
42659,1,48,92,-44
42660,1,6,65,-59
42661,1,81,29,52
42662,1,36,40,-4
42668,1,21,23,-2
42673,1,15,6,9
42674,1,34,17,17
42677,1,9,10,-1
42678,1,68,71,-3
42679,1,44,18,26
42680,1,43,41,2
42684,1,25,21,4
42685,1,26,12,14
42686,1,52,27,25
42687,1,51,52,-1
42688,1,5,9,-4
42689,1,26,48,-22
42690,1,216,163,53
42695,1,34,13,21
42700,1,145,131,14
42701,1,206,181,25
42702,1,32,4,28
42709,1,25,10,15
42710,1,15,3,12
42712,1,2,20,-18
42713,1,35,64,-29
42714,1,83,69,14
42716,1,30,26,4
42717,1,22,16,6
42720,1,48,104,-56
42722,1,42,28,14
42724,1,46,86,-40
42727,1,50,3,47
42728,1,128,154,-26
42729,1,57,20,37
42732,1,38,24,14
42733,1,22,9,13
42735,1,12,6,6
42736,1,28,21,7
42737,1,5,18,-13
42738,1,4,17,-13
42739,1,217,188,29
42741,1,47,10,37
42742,1,60,9,51
42744,1,24,23,1
42745,1,56,34,22
42746,1,28,15,13
42749,1,55,31,24
42751,1,193,247,-54
42753,1,32,34,-2
42754,1,25,3,22
42757,1,93,101,-8
42758,1,15,17,-2
42761,1,1,43,-42
42762,1,47,35,12
42764,1,29,45,-16
42767,1,49,36,13
42768,1,164,156,8
42769,1,63,32,31
42772,1,31,79,-48
42774,1,26,13,13
42776,1,94,63,31
42779,1,29,27,2
42780,1,138,118,20
42781,1,20,28,-8
42783,1,16,19,-3
42784,1,13,54,-41
42785,1,10,2,8
42788,1,16,27,-11
42790,1,34,12,22
42791,1,19,16,3
42794,1,28,46,-18
42796,1,39,21,18
42798,1,9,10,-1
42799,1,19,30,-11
42800,1,72,87,-15
42801,1,33,32,1
42806,1,7,43,-36
42807,1,26,23,3
42808,1,5,7,-2
42809,1,41,31,10
42811,1,4,2,2
42812,1,37,27,10
42813,1,29,51,-22
42814,1,10,4,6
42816,1,22,1,21
42820,1,1,3,-2
42821,1,34,21,13
42823,1,6,10,-4
42825,1,68,125,-57
42826,1,26,14,12
42829,1,36,56,-20
42830,1,14,10,4
42832,1,5,2,3
42833,1,3,9,-6
42834,1,14,21,-7
42835,1,5,24,-19
42836,1,16,46,-30
42839,1,78,116,-38
42841,1,48,30,18
42842,1,27,65,-38
42844,1,46,39,7
42845,1,78,59,19
42846,1,10,35,-25
42847,1,53,11,42
42848,1,99,79,20
42850,1,131,91,40
42852,1,108,148,-40
42856,1,11,59,-48
42857,1,14,19,-5
42859,1,18,16,2
42860,1,45,45,0
42864,1,12,46,-34
42865,1,76,26,50
42866,1,29,6,23
42868,1,48,41,7
42870,1,144,165,-21
42872,1,43,3,40
42873,1,5,5,0
42875,1,3,26,-23
42876,1,123,181,-58
42880,1,111,90,21
42881,1,51,12,39
42882,1,14,10,4
42886,1,107,120,-13
42888,1,135,148,-13
42893,1,134,116,18
42894,1,2,24,-22
42903,1,98,79,19
42904,1,9,8,1
42905,1,29,47,-18
42907,1,42,20,22
42908,1,89,135,-46
42909,1,6,5,1
42910,1,50,14,36
42911,1,22,54,-32
42913,1,82,66,16
42915,1,27,9,18
42917,1,124,108,16
42918,1,20,24,-4
42920,1,19,31,-12
42922,1,9,54,-45
42923,1,153,131,22
42924,1,74,101,-27
42927,1,24,6,18
42932,1,12,25,-13
42933,1,74,40,34
42934,1,66,29,37
42936,1,26,34,-8
42937,1,359,366,-7
42938,1,7,5,2
42939,1,23,38,-15
42940,1,5,4,1
42941,1,28,14,14
42943,1,7,9,-2
42944,1,130,88,42
42946,1,8,11,-3
42947,1,21,64,-43
42949,1,8,1,7
42950,1,57,41,16
42951,1,128,172,-44
42952,1,31,32,-1
42953,1,62,64,-2
42955,1,52,23,29
42957,1,40,5,35
42958,1,58,81,-23
42959,1,15,5,10
42962,1,7,19,-12
42963,1,80,26,54
42965,1,47,46,1
42969,1,66,86,-20
42971,1,47,20,27
42976,1,37,25,12
42978,1,24,45,-21
42979,1,15,31,-16
42980,1,48,16,32
42981,1,15,18,-3
42982,1,18,9,9
42985,1,29,19,10
42987,1,23,20,3
42988,1,29,19,10
42990,1,14,60,-46
42992,1,24,28,-4
42996,1,27,37,-10
42997,1,13,3,10
42998,1,5,10,-5
43002,1,6,52,-46
43003,1,13,12,1
43005,1,26,19,7
43007,1,380,345,35
43010,1,27,29,-2
43012,1,19,43,-24
43013,1,6,27,-21
43017,1,55,16,39
43018,1,17,6,11
43019,1,11,8,3
43022,1,37,31,6
43023,1,14,23,-9
43024,1,36,85,-49
43025,1,59,32,27
43026,1,32,15,17
43028,1,81,90,-9
43029,1,48,26,22
43032,1,35,81,-46
43033,1,55,45,10
43036,1,165,118,47
43038,1,52,52,0
43039,1,90,66,24
43043,1,11,23,-12
43044,1,180,139,41
43045,1,72,81,-9
43047,1,36,17,19
43049,1,3,21,-18
43050,1,3,30,-27
43051,1,7,26,-19
43055,1,25,31,-6
43056,1,54,67,-13
43059,1,55,33,22
43061,1,30,62,-32
43063,1,43,15,28
43065,1,36,75,-39
43067,1,204,202,2
43069,1,47,1,46
43070,1,58,31,27
43073,1,11,27,-16
43074,1,7,6,1
43075,1,7,11,-4
43076,1,3,1,2
43079,1,10,4,6
43080,1,40,44,-4
43082,1,26,28,-2
43084,1,64,62,2
43085,1,335,344,-9
43086,1,52,21,31
43087,1,34,0,34
43088,1,65,20,45
43090,1,36,24,12
43091,1,6,11,-5
43095,1,19,29,-10
43097,1,75,68,7
43100,1,22,11,11
43105,1,155,194,-39
43106,1,30,2,28
43107,1,200,146,54
43108,1,22,46,-24
43110,1,133,115,18
43112,1,111,97,14
43114,1,57,27,30
43117,1,265,311,-46
43118,1,3,14,-11
43119,1,20,47,-27
43120,1,46,16,30
43121,1,13,1,12
43127,1,41,4,37
43129,1,54,33,21
43130,1,10,24,-14
43131,1,144,114,30
43137,1,99,118,-19
43140,1,2,2,0
43142,1,43,7,36
43143,1,79,51,28
43145,1,2,16,-14
43148,1,43,29,14
43149,1,12,9,3
43153,1,7,13,-6
43156,1,2,4,-2
43157,1,1,11,-10
43158,1,67,85,-18
43159,1,30,88,-58
43160,1,3,9,-6
43161,1,3,11,-8
43162,1,15,13,2
43164,1,67,91,-24
43165,1,116,74,42
43166,1,75,39,36
43167,1,10,28,-18
43169,1,1,0,1
43170,1,2,4,-2
43173,1,80,60,20
43174,1,56,58,-2
43177,1,29,39,-10
43179,1,150,116,34
43183,1,54,29,25
43185,1,38,11,27
43186,1,17,68,-51
43187,1,41,42,-1
43189,1,64,70,-6
43190,1,60,28,32
43191,1,46,47,-1
43192,1,44,37,7
43193,1,76,54,22
43194,1,11,18,-7
43195,1,19,1,18
43197,1,51,48,3
43198,1,37,47,-10
43200,1,17,11,6
43202,1,6,1,5
43204,1,41,18,23
43207,1,10,6,4
43208,1,8,15,-7
43211,1,71,80,-9
43212,1,28,62,-34
43213,1,70,43,27
43214,1,47,16,31
43217,1,59,43,16
43218,1,8,42,-34
43221,1,17,36,-19
43222,1,33,53,-20
43227,1,48,56,-8
43228,1,1,5,-4
43229,1,10,12,-2
43230,1,6,52,-46
43231,1,14,40,-26
43232,1,76,33,43
43236,1,2,10,-8
43237,1,117,101,16
43239,1,103,84,19
43242,1,24,11,13
43243,1,81,50,31
43246,1,145,118,27
43248,1,116,79,37
43249,1,55,28,27
43250,1,6,23,-17
43251,1,54,37,17
43252,1,5,1,4
43253,1,66,120,-54
43254,1,61,83,-22
43256,1,34,17,17
43258,1,1,4,-3
43259,1,79,97,-18
43264,1,34,11,23
43266,1,3,1,2
43267,1,2,3,-1
43268,1,90,49,41
43273,1,61,15,46
43274,1,38,19,19
43277,1,47,16,31
43278,1,37,19,18
43281,1,250,235,15
43283,1,6,9,-3
43287,1,53,2,51
43288,1,24,1,23
43291,1,16,10,6
43294,1,11,30,-19
43302,1,13,2,11
43303,1,11,51,-40
43306,1,65,112,-47
43307,1,122,76,46
43308,1,34,4,30
43312,1,1,23,-22
43313,1,2,3,-1
43314,1,115,143,-28
43315,1,32,62,-30
43316,1,50,25,25
43318,1,76,25,51
43320,1,52,35,17
43321,1,14,5,9
43325,1,13,28,-15
43326,1,29,47,-18
43328,1,34,26,8
43329,1,44,41,3
43331,1,326,301,25
43332,1,36,87,-51
43333,1,38,4,34
43334,1,9,5,4
43336,1,65,50,15
43337,1,1,3,-2
43340,1,150,104,46
43341,1,1,1,0
43342,1,27,42,-15
43343,1,11,23,-12
43345,1,21,73,-52
43348,1,40,46,-6
43349,1,41,22,19
43351,1,111,102,9
43352,1,14,12,2
43354,1,13,1,12
43355,1,5,10,-5
43356,1,52,39,13
43357,1,7,14,-7
43360,1,177,206,-29
43364,1,8,21,-13
43365,1,78,29,49
43370,1,16,19,-3
43371,1,21,50,-29
43372,1,1,13,-12
43373,1,6,15,-9
43374,1,43,66,-23
43375,1,93,75,18
43377,1,27,43,-16
43379,1,111,138,-27
43380,1,6,6,0
43382,1,13,28,-15
43383,1,65,77,-12
43384,1,222,169,53
43385,1,2,3,-1
43386,1,33,26,7
43387,1,2,8,-6
43388,1,2,8,-6
43389,1,24,80,-56
43391,1,31,15,16
43392,1,9,14,-5
43393,1,6,9,-3
43394,1,41,46,-5
43395,1,385,423,-38
43396,1,59,54,5
43397,1,62,28,34
43401,1,19,21,-2
43402,1,253,211,42
43409,1,75,75,0
43411,1,26,21,5
43415,1,30,15,15
43416,1,22,8,14
43417,1,73,59,14
43419,1,55,55,0
43421,1,1,44,-43
43422,1,45,65,-20
43423,1,9,1,8
43424,1,6,23,-17
43425,1,35,68,-33
43427,1,21,32,-11
43428,1,6,29,-23
43429,1,45,16,29
43430,1,32,83,-51
43431,1,17,26,-9
43434,1,1,5,-4
43436,1,30,12,18
43438,1,24,68,-44
43439,1,39,8,31
43442,1,121,144,-23
43444,1,58,33,25
43445,1,34,41,-7
43452,1,158,181,-23
43453,1,11,25,-14
43457,1,27,49,-22
43459,1,18,66,-48
43460,1,68,80,-12
43462,1,256,233,23
43465,1,2,8,-6
43468,1,56,14,42
43469,1,23,11,12
43475,1,38,51,-13
43477,1,27,2,25
43478,1,37,58,-21
43481,1,11,21,-10
43482,1,10,20,-10
43485,1,83,109,-26
43486,1,31,31,0
43489,1,38,26,12
43490,1,49,8,41
43492,1,254,275,-21
43494,1,52,28,24
43495,1,7,1,6
43497,1,98,127,-29
43498,1,38,26,12
43502,1,31,58,-27
43504,1,52,60,-8
43506,1,61,11,50
43508,1,125,120,5
43510,1,53,13,40
43513,1,70,92,-22
43514,1,61,44,17
43515,1,9,4,5
43520,1,21,47,-26
43521,1,5,9,-4
43524,1,22,48,-26
43525,1,230,290,-60
43527,1,17,29,-12
43528,1,30,10,20
43529,1,73,69,4
43530,1,125,137,-12
43531,1,10,40,-30
43532,1,4,24,-20
43533,1,1,2,-1
43534,1,105,57,48
43535,1,24,64,-40
43536,1,49,81,-32
43537,1,19,6,13
43538,1,362,314,48
43539,1,70,38,32
43541,1,6,26,-20
43542,1,12,12,0
43543,1,7,34,-27
43545,1,52,113,-61
43546,1,1,3,-2
43547,1,8,0,8
43549,1,223,169,54
43557,1,65,53,12
43561,1,40,36,4
43564,1,40,16,24
43565,1,65,61,4
43569,1,7,29,-22
43570,1,17,6,11
43571,1,15,14,1
43572,1,5,1,4
43574,1,2,12,-10
43575,1,50,12,38
43576,1,450,497,-47
43577,1,5,17,-12
43579,1,24,15,9
43580,1,100,99,1
43582,1,24,19,5
43586,1,43,45,-2
43587,1,3,13,-10
43590,1,83,31,52
43592,1,8,9,-1
43593,1,30,8,22
43594,1,57,20,37
43595,1,6,4,2
43596,1,67,40,27
43597,1,53,9,44
43599,1,101,98,3
43600,1,219,219,0
43601,1,17,2,15
43603,1,32,84,-52
43604,1,29,40,-11
43606,1,48,13,35
43608,1,75,23,52
43611,1,2,26,-24
43612,1,7,19,-12
43617,1,31,75,-44
43618,1,68,73,-5
43619,1,44,79,-35
43620,1,75,102,-27
43621,1,40,78,-38
43622,1,131,77,54
43623,1,58,52,6
43624,1,78,63,15
43625,1,3,7,-4
43626,1,24,41,-17
43629,1,55,91,-36
43631,1,13,26,-13
43634,1,25,7,18
43635,1,52,14,38
43639,1,14,19,-5
43640,1,1,15,-14
43643,1,8,22,-14
43646,1,20,25,-5
43648,1,64,18,46
43649,1,18,1,17
43650,1,9,3,6
43653,1,73,38,35
43654,1,18,43,-25
43655,1,24,29,-5
43656,1,16,36,-20
43659,1,27,27,0
43661,1,1,6,-5
43663,1,2,30,-28
43665,1,155,118,37
43666,1,23,61,-38
43668,1,123,75,48
43671,1,5,19,-14
43672,1,5,7,-2
43673,1,8,23,-15
43675,1,96,75,21
43677,1,69,53,16
43679,1,66,86,-20
43683,1,6,6,0
43684,1,79,97,-18
43685,1,42,68,-26
43691,1,9,24,-15
43692,1,65,34,31
43693,1,17,17,0
43695,1,29,11,18
43704,1,17,7,10
43705,1,366,403,-37
43706,1,86,34,52
43708,1,1,23,-22
43712,1,17,34,-17
43713,1,23,20,3
43715,1,39,1,38
43722,1,119,72,47
43724,1,19,28,-9
43725,1,9,36,-27
43726,1,22,2,20
43727,1,9,1,8
43730,1,22,8,14
43736,1,45,12,33
43738,1,27,30,-3
43739,1,122,121,1
43741,1,50,22,28
43742,1,29,26,3
43747,1,233,213,20
43750,1,30,31,-1
43752,1,126,87,39
43754,1,28,29,-1
43755,1,74,34,40
43757,1,30,35,-5
43759,1,2,1,1
43761,1,111,79,32
43762,1,13,34,-21
43765,1,113,107,6
43767,1,2,8,-6
43771,1,6,21,-15
43772,1,13,11,2
43775,1,6,14,-8
43777,1,9,11,-2
43779,1,136,82,54
43780,1,39,5,34
43781,1,108,165,-57
43783,1,88,51,37
43786,1,6,32,-26
43792,1,7,10,-3
43793,1,1,2,-1
43799,1,210,157,53
43800,1,57,51,6
43802,1,18,20,-2
43803,1,123,93,30
43804,1,13,16,-3
43805,1,57,30,27
43806,1,48,39,9
43809,1,24,20,4
43811,1,16,6,10
43813,1,33,23,10
43814,1,186,221,-35
43815,1,110,154,-44
43816,1,17,53,-36
43817,1,26,44,-18
43819,1,8,25,-17
43820,1,20,34,-14
43821,1,27,84,-57
43822,1,58,110,-52
43824,1,80,60,20
43825,1,3,10,-7
43826,1,5,16,-11
43827,1,84,78,6
43829,1,52,71,-19
43831,1,8,7,1
43832,1,1,3,-2
43834,1,21,8,13
43835,1,12,34,-22
43836,1,9,24,-15
43842,1,1,47,-46
43843,1,58,41,17
43844,1,2,5,-3
43845,1,50,66,-16
43846,1,9,2,7
43847,1,50,19,31
43848,1,11,2,9
43849,1,1,1,0
43850,1,86,86,0
43851,1,9,6,3
43855,1,40,29,11
43857,1,49,35,14
43858,1,1,8,-7
43860,1,81,39,42
43861,1,17,25,-8
43864,1,21,22,-1
43868,1,19,32,-13
43871,1,33,7,26
43873,1,1,1,0
43874,1,30,49,-19
43878,1,35,81,-46
43882,1,15,9,6
43884,1,125,81,44
43887,1,7,11,-4
43888,1,163,127,36
43890,1,22,6,16
43897,1,80,40,40
43898,1,52,55,-3
43899,1,63,15,48
43900,1,5,57,-52
43901,1,51,6,45
43904,1,21,2,19
43905,1,8,1,7
43909,1,22,19,3
43910,1,53,5,48
43914,1,56,21,35
43916,1,32,43,-11
43922,1,46,105,-59
43923,1,39,54,-15
43925,1,31,35,-4
43927,1,65,55,10
43930,1,4,3,1
43934,1,73,82,-9
43935,1,148,101,47
43936,1,9,9,0
43939,1,28,4,24
43944,1,46,95,-49
43945,1,29,16,13
43946,1,16,23,-7
43947,1,164,194,-30
43948,1,16,25,-9
43949,1,48,16,32
43950,1,6,10,-4
43951,1,323,273,50
43956,1,40,96,-56
43957,1,12,18,-6
43958,1,25,26,-1
43962,1,87,99,-12
43963,1,19,35,-16
43965,1,2,16,-14
43968,1,50,8,42
43969,1,14,58,-44
43971,1,30,19,11
43973,1,64,18,46
43977,1,29,47,-18
43979,1,42,8,34
43981,1,87,44,43
43983,1,15,17,-2
43985,1,12,19,-7
43986,1,23,10,13
43987,1,134,100,34
43989,1,104,92,12
43990,1,20,46,-26
43991,1,38,83,-45
43994,1,22,15,7
43995,1,115,121,-6
43997,1,86,90,-4
43998,1,19,42,-23
44008,1,29,59,-30
44009,1,161,127,34
44014,1,84,85,-1
44015,1,29,38,-9
44016,1,7,1,6
44017,1,14,10,4
44018,1,11,29,-18
44020,1,14,4,10
44024,1,58,32,26
44026,1,52,31,21
44028,1,15,4,11
44029,1,105,103,2
44032,1,37,16,21
44034,1,51,9,42
44035,1,325,294,31
44036,1,58,43,15
44038,1,167,161,6
44039,1,5,1,4
44041,1,16,4,12
44042,1,144,194,-50
44044,1,85,116,-31
44045,1,2,18,-16
44046,1,107,79,28
44047,1,35,25,10
44048,1,109,112,-3
44051,1,16,35,-19
44052,1,2,13,-11
44055,1,11,38,-27
44065,1,10,8,2
44066,1,60,49,11
44067,1,47,99,-52
44068,1,38,42,-4
44070,1,87,40,47
44071,1,186,146,40
44074,1,41,5,36
44075,1,2,10,-8
44076,1,28,32,-4
44084,1,99,52,47
44085,1,1,53,-52
44088,1,61,30,31
44089,1,19,24,-5
44090,1,3,22,-19
44091,1,47,3,44
44092,1,16,37,-21
44093,1,8,13,-5
44094,1,15,9,6
44096,1,71,20,51
44097,1,86,43,43
44098,1,19,61,-42
44101,1,139,88,51
44104,1,7,15,-8
44105,1,38,79,-41
44106,1,136,85,51
44107,1,29,28,1
44108,1,34,24,10
44109,1,54,54,0
44111,1,42,7,35
44116,1,67,63,4
44117,1,111,67,44
44118,1,50,111,-61
44120,1,1,2,-1
44121,1,37,23,14
44122,1,22,5,17
44126,1,71,128,-57
44127,1,82,40,42
44128,1,15,18,-3
44129,1,7,7,0
44130,1,43,31,12
44131,1,40,42,-2
44134,1,203,220,-17
44135,1,1079,1103,-24
44136,1,76,23,53
44137,1,48,65,-17
44142,1,40,35,5
44146,1,43,28,15
44147,1,10,33,-23
44149,1,40,38,2
44151,1,26,25,1
44152,1,315,296,19
44153,1,47,26,21
44154,1,45,93,-48
44156,1,8,8,0
44159,1,3,3,0
44160,1,19,12,7
44161,1,3,18,-15
44162,1,96,58,38
44165,1,197,160,37
44166,1,113,67,46
44170,1,61,30,31
44171,1,33,31,2
44173,1,32,20,12
44174,1,31,42,-11
44176,1,15,33,-18
44177,1,6,4,2
44178,1,153,147,6
44180,1,83,126,-43
44183,1,37,21,16
44187,1,23,26,-3
44189,1,159,127,32
44190,1,40,31,9
44191,1,24,5,19
44193,1,38,16,22
44194,1,21,28,-7
44196,1,25,23,2
44197,1,2,7,-5
44198,1,49,1,48
44201,1,3,8,-5
44202,1,65,71,-6
44203,1,53,37,16
44204,1,52,38,14
44206,1,26,10,16
44209,1,106,80,26
44210,1,45,34,11
44213,1,16,50,-34
44214,1,4,7,-3
44215,1,73,52,21
44220,1,125,83,42
44221,1,37,16,21
44223,1,14,12,2
44224,1,11,33,-22
44225,1,3,1,2
44227,1,72,86,-14
44228,1,7,12,-5
44233,1,33,14,19
44234,1,14,6,8
44237,1,29,56,-27
44238,1,3,29,-26
44239,1,40,26,14
44240,1,35,6,29
44246,1,24,16,8
44247,1,21,25,-4
44248,1,30,21,9
44252,1,27,34,-7
44255,1,62,90,-28
44257,1,142,113,29
44258,1,16,52,-36
44259,1,56,57,-1
44260,1,24,34,-10
44263,1,3,6,-3
44266,1,6,4,2
44267,1,224,175,49
44268,1,82,101,-19
44272,1,50,15,35
44273,1,87,70,17
44276,1,23,34,-11
44277,1,34,36,-2
44278,1,120,71,49
44279,1,4,22,-18
44282,1,45,33,12
44283,1,128,123,5
44287,1,18,25,-7
44290,1,21,19,2
44291,1,5,3,2
44292,1,4,7,-3
44293,1,2,40,-38
44294,1,13,3,10
44295,1,17,30,-13
44296,1,12,1,11
44297,1,28,17,11
44301,1,18,24,-6
44304,1,14,7,7
44305,1,64,48,16
44306,1,38,1,37
44307,1,3,2,1
44308,1,15,8,7
44310,1,4,49,-45
44317,1,7,2,5
44318,1,27,35,-8
44319,1,68,51,17
44322,1,106,59,47
44323,1,17,59,-42
44324,1,20,6,14
44326,1,96,51,45
44328,1,56,27,29
44331,1,4,49,-45
44332,1,41,48,-7
44333,1,17,5,12
44335,1,27,8,19
44336,1,24,4,20
44337,1,7,25,-18
44338,1,8,2,6
44339,1,16,14,2
44340,1,30,19,11
44342,1,41,4,37
44343,1,46,18,28
44348,1,39,12,27
44349,1,14,9,5
44351,1,2,19,-17
44352,1,54,16,38
44354,1,14,10,4
44355,1,70,19,51
44358,1,3,7,-4
44360,1,495,478,17
44361,1,2,24,-22
44364,1,112,84,28
44366,1,30,21,9
44368,1,47,38,9
44370,1,13,1,12
44374,1,58,10,48
44375,1,39,0,39
44377,1,13,70,-57
44380,1,97,94,3
44382,1,60,61,-1
44383,1,44,72,-28
44385,1,30,16,14
44386,1,1,42,-41
44388,1,149,118,31
44389,1,137,127,10
44390,1,3,14,-11
44391,1,23,34,-11
44392,1,16,7,9
44393,1,55,25,30
44394,1,50,94,-44
44395,1,108,78,30
44397,1,30,20,10
44398,1,104,55,49
44399,1,107,56,51
44403,1,41,65,-24
44404,1,8,47,-39
44408,1,24,10,14
44409,1,51,17,34
44411,1,58,51,7
44413,1,1,3,-2
44414,1,129,127,2
44415,1,17,56,-39
44416,1,13,18,-5
44419,1,123,92,31
44422,1,77,95,-18
44424,1,9,30,-21
44425,1,29,18,11
44428,1,10,7,3
44430,1,548,608,-60
44431,1,78,37,41
44432,1,146,126,20
44433,1,8,8,0
44434,1,8,28,-20
44435,1,302,311,-9
44436,1,11,4,7
44441,1,58,25,33
44446,1,25,26,-1
44447,1,1,17,-16
44450,1,313,298,15
44453,1,11,50,-39
44454,1,44,28,16
44456,1,8,20,-12
44458,1,24,55,-31
44461,1,24,35,-11
44464,1,10,24,-14
44465,1,4,2,2
44466,1,88,39,49
44471,1,13,24,-11
44472,1,199,213,-14
44473,1,26,13,13
44475,1,29,23,6
44478,1,20,11,9
44480,1,76,36,40
44482,1,6,1,5
44483,1,20,1,19
44485,1,49,31,18
44488,1,871,848,23
44490,1,46,51,-5
44491,1,14,13,1
44492,1,57,85,-28
44493,1,3,2,1
44494,1,134,107,27
44495,1,18,57,-39
44496,1,3,9,-6
44497,1,30,1,29
44498,1,148,106,42
44499,1,3,18,-15
44500,1,35,42,-7
44501,1,95,64,31
44502,1,66,88,-22
44506,1,41,23,18
44507,1,8,7,1
44508,1,6,22,-16
44510,1,36,68,-32
44511,1,14,63,-49
44514,1,7,22,-15
44515,1,18,44,-26
44519,1,49,28,21
44521,1,177,205,-28
44524,1,7,12,-5
44525,1,70,88,-18
44526,1,21,81,-60
44528,1,66,23,43
44529,1,162,207,-45
44535,1,99,73,26
44537,1,46,52,-6
44538,1,11,7,4
44540,1,59,6,53
44541,1,5,9,-4
44546,1,55,1,54
44547,1,12,8,4
44549,1,42,14,28
44550,1,37,21,16
44551,1,179,138,41
44554,1,23,21,2
44555,1,84,77,7
44559,1,13,51,-38
44560,1,13,43,-30
44561,1,78,27,51
44562,1,17,28,-11
44563,1,18,0,18
44564,1,58,11,47
44565,1,36,27,9
44566,1,248,294,-46
44567,1,42,2,40
44568,1,1,38,-37
44569,1,8,5,3
44570,1,56,113,-57
44572,1,20,62,-42
44573,1,70,38,32
44578,1,6,14,-8
44579,1,49,21,28
44580,1,50,73,-23
44583,1,64,113,-49
44585,1,77,25,52
44587,1,50,99,-49
44589,1,41,44,-3
44590,1,5,19,-14
44591,1,6,21,-15
44593,1,29,32,-3
44594,1,36,53,-17
44597,1,60,55,5
44600,1,17,10,7
44602,1,27,18,9
44604,1,28,25,3
44610,1,35,62,-27
44611,1,9,34,-25
44612,1,107,53,54
44613,1,62,75,-13
44614,1,68,76,-8
44615,1,8,4,4
44618,1,30,4,26
44624,1,87,61,26
44625,1,3,62,-59
44628,1,28,4,24
44630,1,84,109,-25
44631,1,2,13,-11
44633,1,36,24,12
44634,1,25,15,10
44637,1,118,95,23
44639,1,33,4,29
44640,1,6,6,0
44641,1,33,16,17
44642,1,57,47,10
44645,1,10,20,-10
44646,1,30,11,19
44649,1,3,4,-1
44652,1,38,35,3
44653,1,12,10,2
44654,1,74,64,10
44655,1,11,6,5
44657,1,59,56,3
44658,1,1,13,-12
44664,1,9,4,5
44667,1,29,9,20
44669,1,63,45,18
44670,1,4,49,-45
44671,1,8,6,2
44673,1,54,72,-18
44674,1,69,87,-18
44680,1,99,47,52
44684,1,53,37,16
44686,1,110,76,34
44689,1,29,19,10
44690,1,19,37,-18
44691,1,4,46,-42
44692,1,86,144,-58
44694,1,57,71,-14
44695,1,17,8,9
44696,1,23,15,8
44698,1,193,180,13
44699,1,10,1,9
44700,1,39,9,30
44703,1,57,37,20
44704,1,34,61,-27
44705,1,105,165,-60
44707,1,22,13,9
44708,1,13,23,-10
44711,1,21,3,18
44715,1,115,82,33
44718,1,4,17,-13
44719,1,81,79,2
44722,1,51,13,38
44723,1,23,40,-17
44727,1,25,9,16
44728,1,30,10,20
44731,1,60,35,25
44735,1,35,5,30
44736,1,27,49,-22
44741,1,222,224,-2
44743,1,184,133,51
44744,1,47,53,-6
44747,1,15,15,0
44751,1,19,0,19
44752,1,9,26,-17
44754,1,8,8,0
44755,1,26,37,-11
44758,1,109,62,47
44759,1,57,77,-20
44761,1,25,36,-11
44762,1,17,21,-4
44764,1,58,71,-13
44765,1,13,23,-10
44767,1,75,56,19
44768,1,43,82,-39
44769,1,15,64,-49
44771,1,162,151,11
44774,1,258,204,54
44776,1,6,10,-4
44777,1,12,33,-21
44781,1,33,28,5
44782,1,48,22,26
44785,1,107,80,27
44786,1,92,93,-1
44787,1,5,8,-3
44789,1,79,76,3
44790,1,34,4,30
44791,1,2,8,-6
44793,1,48,65,-17
44795,1,25,10,15
44797,1,3,6,-3
44798,1,50,62,-12
44799,1,14,2,12
44804,1,197,191,6
44805,1,371,385,-14
44808,1,37,4,33
44812,1,17,4,13
44813,1,37,63,-26
44814,1,42,18,24
44815,1,54,64,-10
44817,1,25,61,-36
44820,1,115,138,-23
44823,1,53,74,-21
44824,1,49,38,11
44825,1,67,19,48
44826,1,21,66,-45
44827,1,1,1,0
44831,1,46,11,35
44832,1,45,50,-5
44833,1,128,89,39
44834,1,62,16,46
44835,1,97,76,21
44839,1,126,108,18
44840,1,23,39,-16
44842,1,9,12,-3
44843,1,5,11,-6
44844,1,48,30,18
44846,1,4,45,-41
44847,1,8,27,-19
44848,1,63,25,38
44849,1,7,2,5
44851,1,47,63,-16
44852,1,75,61,14
44853,1,5,6,-1
44854,1,78,87,-9
44856,1,38,47,-9
44858,1,8,4,4
44860,1,5,35,-30
44864,1,1125,1126,-1
44867,1,66,39,27
44868,1,232,200,32
44874,1,1,2,-1
44876,1,24,30,-6
44877,1,17,13,4
44878,1,20,11,9
44879,1,118,140,-22
44880,1,76,47,29
44881,1,13,26,-13
44883,1,11,54,-43
44884,1,176,141,35
44885,1,105,60,45
44886,1,35,29,6
44887,1,8,23,-15
44888,1,8,11,-3
44890,1,29,14,15
44893,1,16,36,-20
44894,1,30,76,-46
44897,1,79,80,-1
44900,1,27,55,-28
44901,1,11,16,-5
44904,1,18,9,9
44905,1,8,2,6
44907,1,185,166,19
44910,1,29,4,25
44911,1,61,31,30
44913,1,7,3,4
44914,1,145,109,36
44917,1,1,2,-1
44918,1,29,35,-6
44922,1,8,7,1
44923,1,228,230,-2
44924,1,9,15,-6
44925,1,2,34,-32
44926,1,32,14,18
44927,1,12,5,7
44929,1,83,46,37
44930,1,181,147,34
44931,1,103,120,-17
44933,1,2,27,-25
44935,1,4,4,0
44939,1,176,140,36
44940,1,11,46,-35
44942,1,68,60,8
44943,1,17,5,12
44944,1,30,91,-61
44946,1,456,434,22
44950,1,59,70,-11
44957,1,16,6,10
44960,1,140,96,44
44963,1,3,18,-15
44964,1,48,16,32
44965,1,286,236,50
44969,1,7,4,3
44971,1,1,15,-14
44972,1,67,18,49
44980,1,10,2,8
44981,1,30,17,13
44982,1,51,39,12
44983,1,45,42,3
44984,1,12,13,-1
44986,1,27,30,-3
44994,1,69,51,18
45000,1,39,29,10
45002,1,73,86,-13
45003,1,422,389,33
45004,1,69,104,-35
45006,1,16,5,11
45007,1,6,16,-10
45010,1,72,43,29
45011,1,6,1,5
45014,1,14,8,6
45018,1,26,6,20
45019,1,13,32,-19
45020,1,81,67,14
45021,1,8,4,4
45022,1,8,8,0
45023,1,92,68,24
45024,1,3,10,-7
45027,1,14,13,1
45028,1,86,52,34
45034,1,52,22,30
45035,1,115,79,36
45038,1,110,109,1
45039,1,55,24,31
45045,1,6,16,-10
45048,1,20,9,11
45050,1,88,115,-27
45053,1,3,11,-8
45054,1,14,11,3
45055,1,31,57,-26
45057,1,20,19,1
45059,1,8,1,7
45060,1,15,4,11
45061,1,20,15,5
45063,1,2,2,0
45064,1,58,61,-3
45066,1,61,24,37
45068,1,22,32,-10
45070,1,84,69,15
45071,1,8,16,-8
45074,1,8,21,-13
45075,1,41,20,21
45077,1,41,6,35
45079,1,13,55,-42
45080,1,586,554,32
45082,1,32,36,-4
45083,1,10,27,-17
45084,1,17,47,-30
45085,1,46,5,41
45087,1,8,35,-27
45088,1,56,72,-16
45091,1,13,10,3
45093,1,39,1,38
45094,1,25,11,14
45095,1,17,5,12
45096,1,22,9,13
45097,1,26,39,-13
45099,1,223,196,27
45102,1,15,6,9
45106,1,5,6,-1
45107,1,11,7,4
45108,1,15,5,10
45109,1,6,4,2
45110,1,5,6,-1
45111,1,27,30,-3
45112,1,40,23,17
45116,1,142,141,1
45118,1,99,95,4
45119,1,4,8,-4
45120,1,57,12,45
45122,1,16,27,-11
45123,1,10,42,-32
45124,1,94,81,13
45125,1,92,106,-14
45128,1,10,45,-35
45129,1,9,5,4
45130,1,43,82,-39
45131,1,63,97,-34
45134,1,18,1,17
45138,1,37,11,26
45139,1,11,61,-50
45140,1,50,23,27
45141,1,6,3,3
45142,1,45,33,12
45143,1,1,5,-4
45144,1,40,23,17
45146,1,24,63,-39
45147,1,5,11,-6
45148,1,40,43,-3
45151,1,66,34,32
45152,1,49,50,-1
45153,1,1,26,-25
45157,1,124,176,-52
45159,1,679,670,9
45160,1,17,35,-18
45161,1,63,34,29
45163,1,20,12,8
45164,1,5,44,-39
45168,1,2,3,-1
45171,1,8,20,-12
45172,1,5,4,1
45174,1,3,14,-11
45176,1,103,70,33
45179,1,71,25,46
45184,1,45,11,34
45186,1,13,4,9
45189,1,32,26,6
45191,1,43,13,30
45192,1,52,88,-36
45193,1,9,14,-5
45194,1,38,29,9
45195,1,171,130,41
45199,1,449,440,9
45201,1,19,35,-16
45202,1,72,78,-6
45204,1,11,24,-13
45206,1,29,6,23
45207,1,460,417,43
45209,1,33,39,-6
45210,1,14,21,-7
45211,1,3,4,-1
45212,1,16,46,-30
45213,1,35,14,21
45216,1,70,103,-33
45217,1,10,3,7
45219,1,1,10,-9
45222,1,32,50,-18
45223,1,308,330,-22
45224,1,36,15,21
45225,1,11,8,3
45226,1,84,37,47
45228,1,4,11,-7
45229,1,90,42,48
45231,1,52,1,51
45232,1,487,541,-54
45234,1,8,6,2
45237,1,34,3,31
45240,1,63,65,-2
45244,1,58,27,31
45245,1,57,6,51
45246,1,139,120,19
45247,1,110,96,14
45248,1,167,195,-28
45249,1,68,17,51
45250,1,34,14,20
45252,1,67,86,-19
45254,1,36,36,0
45255,1,89,75,14
45259,1,5,61,-56
45260,1,111,70,41
45262,1,20,48,-28
45265,1,12,35,-23
45267,1,52,36,16
45269,1,71,50,21
45270,1,260,303,-43
45271,1,70,37,33
45272,1,26,15,11
45273,1,71,44,27
45276,1,70,29,41
45277,1,67,82,-15
45278,1,13,17,-4
45281,1,212,198,14
45282,1,22,20,2
45283,1,23,34,-11
45285,1,27,5,22
45286,1,5,12,-7
45289,1,3,2,1
45291,1,49,43,6
45292,1,12,5,7
45294,1,4,2,2
45295,1,74,61,13
45297,1,150,182,-32
45299,1,19,36,-17
45300,1,29,55,-26
45302,1,75,75,0
45306,1,16,30,-14
45307,1,5,3,2
45308,1,15,10,5
45315,1,21,3,18
45316,1,19,9,10
45320,1,69,69,0
45321,1,3,6,-3
45322,1,103,78,25
45323,1,34,21,13
45325,1,104,51,53
45326,1,44,50,-6
45327,1,3,13,-10
45331,1,63,16,47
45332,1,35,55,-20
45333,1,54,81,-27
45334,1,76,28,48
45335,1,130,101,29
45336,1,19,11,8
45338,1,85,56,29
45343,1,609,667,-58
45344,1,239,222,17
45345,1,2,7,-5
45346,1,62,117,-55
45347,1,14,45,-31
45350,1,3,9,-6
45352,1,52,68,-16
45353,1,37,14,23
45355,1,74,108,-34
45357,1,104,100,4
45362,1,55,40,15
45363,1,44,33,11
45367,1,48,25,23
45368,1,7,28,-21
45370,1,20,70,-50
45372,1,19,7,12
45374,1,21,31,-10
45376,1,89,46,43
45379,1,14,8,6
45380,1,50,18,32
45381,1,24,52,-28
45382,1,10,7,3
45383,1,8,19,-11
45386,1,8,32,-24
45387,1,71,48,23
45389,1,115,135,-20
45390,1,13,13,0
45392,1,42,47,-5
45393,1,65,46,19
45396,1,3,20,-17
45398,1,8,10,-2
45400,1,35,8,27
45402,1,3,1,2
45404,1,24,33,-9
45411,1,113,133,-20
45412,1,77,101,-24
45415,1,94,87,7
45416,1,57,46,11
45417,1,8,12,-4
45418,1,38,1,37
45423,1,23,7,16
45424,1,13,17,-4
45426,1,227,242,-15
45428,1,5,2,3
45430,1,38,5,33
45431,1,26,36,-10
45432,1,18,18,0
45433,1,25,17,8
45435,1,76,95,-19
45436,1,5,10,-5
45437,1,41,55,-14
45438,1,62,20,42
45440,1,4,9,-5
45441,1,662,619,43
45442,1,39,41,-2
45444,1,38,52,-14
45445,1,38,83,-45
45447,1,9,1,8
45448,1,89,63,26
45451,1,22,7,15
45452,1,2,7,-5
45456,1,64,30,34
45457,1,17,31,-14
45459,1,40,35,5
45461,1,6,12,-6
45462,1,58,80,-22
45463,1,273,230,43
45466,1,6,3,3
45470,1,66,63,3
45472,1,5,3,2
45473,1,120,120,0
45476,1,10,25,-15
45481,1,9,17,-8
45482,1,55,24,31
45484,1,27,5,22
45485,1,6,16,-10
45486,1,89,92,-3
45487,1,8,26,-18
45488,1,44,68,-24
45491,1,30,34,-4
45492,1,37,45,-8
45495,1,7,7,0
45496,1,5,19,-14
45497,1,1,11,-10
45503,1,206,211,-5
45504,1,56,31,25
45505,1,3,27,-24
45507,1,70,71,-1
45508,1,60,56,4
45510,1,11,12,-1
45511,1,66,55,11
45515,1,71,120,-49
45516,1,8,10,-2
45519,1,8,64,-56
45522,1,122,154,-32
45523,1,2,9,-7
45524,1,1,19,-18
45525,1,11,24,-13
45526,1,29,11,18
45530,1,10,44,-34
45531,1,25,74,-49
45533,1,26,19,7
45535,1,40,91,-51
45537,1,51,25,26
45538,1,48,28,20
45539,1,5,31,-26
45540,1,13,29,-16
45542,1,3,2,1
45544,1,65,65,0
45546,1,6,42,-36
45547,1,46,21,25
45552,1,15,3,12
45555,1,20,15,5
45556,1,2,11,-9
45558,1,11,10,1
45560,1,63,78,-15
45561,1,18,10,8
45562,1,13,37,-24
45564,1,65,73,-8
45566,1,48,6,42
45567,1,12,16,-4
45568,1,7,2,5
45572,1,48,94,-46
45575,1,2,8,-6
45576,1,18,19,-1
45577,1,41,38,3
45584,1,75,60,15
45588,1,413,456,-43
45592,1,73,20,53
45594,1,29,59,-30
45595,1,12,18,-6
45599,1,127,102,25
45602,1,28,11,17
45603,1,62,20,42
45604,1,84,46,38
45607,1,136,147,-11
45608,1,33,51,-18
45609,1,6,8,-2
45610,1,10,4,6
45612,1,113,67,46
45614,1,43,84,-41
45616,1,33,41,-8
45618,1,31,14,17
45620,1,34,13,21
45621,1,17,55,-38
45622,1,32,8,24
45623,1,8,8,0
45628,1,13,1,12
45629,1,706,735,-29
45630,1,16,21,-5
45631,1,19,13,6
45632,1,7,47,-40
45634,1,198,159,39
45635,1,12,35,-23
45636,1,9,2,7
45638,1,16,40,-24
45643,1,36,21,15
45647,1,13,3,10
45648,1,99,57,42
45649,1,38,22,16
45651,1,34,14,20
45653,1,16,3,13
45654,1,122,75,47
45655,1,14,16,-2
45659,1,44,29,15
45661,1,17,21,-4
45663,1,68,53,15
45665,1,28,2,26
45667,1,50,55,-5
45668,1,30,42,-12
45669,1,30,24,6
45672,1,29,3,26
45673,1,5,5,0
45674,1,66,94,-28
45675,1,36,66,-30
45676,1,61,71,-10
45677,1,13,32,-19
45683,1,37,6,31
45685,1,17,0,17
45686,1,20,14,6
45691,1,15,7,8
45694,1,41,41,0
45695,1,34,70,-36
45697,1,8,29,-21
45699,1,16,41,-25
45700,1,42,67,-25
45701,1,9,2,7
45702,1,69,20,49
45703,1,10,24,-14
45704,1,34,5,29
45705,1,86,101,-15
45707,1,52,63,-11
45708,1,30,31,-1
45709,1,25,28,-3
45712,1,36,22,14
45715,1,52,22,30
45718,1,2,2,0
45719,1,72,25,47
45727,1,4,4,0
45730,1,1,17,-16
45731,1,1,10,-9
45733,1,44,13,31
45736,1,36,68,-32
45737,1,66,78,-12
45738,1,65,54,11
45741,1,10,16,-6
45742,1,166,163,3
45743,1,71,68,3
45744,1,62,44,18
45746,1,71,28,43
45749,1,4,8,-4
45750,1,78,26,52
45751,1,36,33,3
45755,1,53,28,25
45758,1,5,14,-9
45761,1,9,5,4
45771,1,111,96,15
45772,1,85,49,36
45774,1,27,45,-18
45776,1,84,73,11
45778,1,32,32,0
45779,1,1,5,-4
45780,1,52,0,52
45785,1,3,14,-11
45786,1,184,138,46
45787,1,111,109,2
45788,1,5,30,-25
45790,1,12,57,-45
45791,1,67,26,41
45793,1,38,44,-6
45797,1,225,278,-53
45799,1,7,8,-1
45801,1,26,39,-13
45802,1,45,15,30
45803,1,38,83,-45
45804,1,40,43,-3
45806,1,18,56,-38
45808,1,38,21,17
45809,1,17,8,9
45810,1,61,28,33
45812,1,4,24,-20
45813,1,11,28,-17
45816,1,92,116,-24
45817,1,48,60,-12
45819,1,35,20,15
45820,1,83,50,33
45822,1,69,47,22
45823,1,47,3,44
45824,1,53,10,43
45825,1,99,89,10
45828,1,73,81,-8
45829,1,25,24,1
45831,1,52,30,22
45834,1,36,69,-33
45835,1,32,18,14
45839,1,78,40,38
45840,1,8,37,-29
45841,1,27,7,20
45844,1,36,11,25
45845,1,310,300,10
45846,1,24,9,15
45847,1,49,15,34
45851,1,4,10,-6
45853,1,5,2,3
45854,1,30,43,-13
45855,1,32,68,-36
45857,1,39,39,0
45861,1,64,48,16
45862,1,23,1,22
45863,1,23,16,7
45864,1,74,92,-18
45868,1,50,39,11
45870,1,5,2,3
45871,1,93,42,51
45872,1,147,155,-8
45873,1,24,15,9
45874,1,115,71,44
45875,1,14,23,-9
45876,1,22,34,-12
45878,1,50,61,-11
45879,1,16,5,11
45880,1,14,6,8
45884,1,3,5,-2
45885,1,84,81,3
45887,1,8,3,5
45888,1,16,21,-5
45889,1,8,30,-22
45890,1,73,83,-10
45892,1,173,145,28
45896,1,10,4,6
45897,1,60,29,31
45898,1,5,5,0
45899,1,16,8,8
45902,1,6,40,-34
45903,1,13,10,3
45904,1,63,18,45
45905,1,32,14,18
45907,1,23,23,0
45908,1,3,1,2
45910,1,1,13,-12
45913,1,40,59,-19
45914,1,26,20,6
45916,1,73,83,-10
45917,1,29,6,23
45919,1,4,9,-5
45920,1,96,53,43
45923,1,36,68,-32
45925,1,76,74,2
45926,1,208,201,7
45927,1,128,78,50
45931,1,7,22,-15
45933,1,15,8,7
45939,1,139,100,39
45942,1,172,140,32
45943,1,14,7,7
45944,1,37,84,-47
45947,1,6,11,-5
45948,1,7,16,-9
45950,1,35,34,1
45951,1,630,595,35
45952,1,5,4,1
45953,1,10,1,9
45954,1,20,28,-8
45955,1,47,47,0
45956,1,45,51,-6
45959,1,54,69,-15
45960,1,21,81,-60
45961,1,37,13,24
45963,1,23,13,10
45964,1,46,22,24
45967,1,23,9,14
45968,1,12,20,-8
45969,1,6,42,-36
45970,1,2,4,-2
45971,1,57,36,21
45972,1,153,141,12
45973,1,12,5,7
45974,1,18,10,8
45975,1,3,24,-21
45976,1,5,22,-17
45978,1,25,6,19
45979,1,11,20,-9
45981,1,39,26,13
45982,1,43,4,39
45984,1,14,10,4
45993,1,52,29,23
45994,1,23,9,14
45995,1,186,199,-13
45996,1,13,30,-17
45998,1,46,5,41
46001,1,70,22,48
46002,1,1,4,-3
46012,1,69,41,28
46013,1,96,59,37
46016,1,9,3,6
46020,1,62,77,-15
46023,1,26,67,-41
46024,1,140,183,-43
46027,1,11,6,5
46028,1,41,27,14
46032,1,2,5,-3
46039,1,7,32,-25
46040,1,29,58,-29
46041,1,177,145,32
46043,1,2,9,-7
46046,1,87,49,38
46048,1,39,12,27
46049,1,70,38,32
46050,1,49,10,39
46058,1,5,0,5
46060,1,19,10,9
46061,1,51,21,30
46063,1,42,34,8
46064,1,70,29,41
46066,1,109,110,-1
46067,1,53,28,25
46069,1,50,5,45
46070,1,2,4,-2
46071,1,27,6,21
46075,1,30,38,-8
46077,1,5,20,-15
46078,1,8,26,-18
46081,1,5,4,1
46083,1,11,25,-14
46084,1,7,32,-25
46086,1,13,10,3
46087,1,57,72,-15
46088,1,54,16,38
46090,1,26,25,1
46092,1,71,62,9
46093,1,11,6,5
46094,1,813,767,46
46095,1,41,20,21
46098,1,9,9,0
46102,1,53,89,-36
46105,1,3,4,-1
46106,1,10,13,-3
46109,1,7,6,1
46111,1,17,20,-3
46112,1,135,109,26
46117,1,9,30,-21
46119,1,68,44,24
46120,1,27,71,-44
46121,1,34,51,-17
46122,1,6,4,2
46125,1,1,7,-6
46127,1,103,83,20
46128,1,41,7,34
46131,1,44,56,-12
46133,1,3,1,2
46135,1,67,21,46
46136,1,39,18,21
46138,1,58,25,33
46139,1,39,88,-49
46143,1,25,42,-17
46144,1,2,9,-7
46154,1,8,14,-6
46157,1,8,36,-28
46160,1,4,19,-15
46161,1,152,163,-11
46164,1,46,31,15
46165,1,6,10,-4
46166,1,29,18,11
46168,1,126,175,-49
46175,1,66,16,50
46176,1,7,8,-1
46177,1,202,200,2
46180,1,76,99,-23
46181,1,16,46,-30
46184,1,19,36,-17
46186,1,1,27,-26
46187,1,145,138,7
46188,1,8,4,4
46190,1,112,63,49
46191,1,17,48,-31
46192,1,51,15,36
46193,1,31,32,-1
46194,1,86,89,-3
46197,1,26,27,-1
46199,1,125,153,-28
46201,1,3,43,-40
46204,1,39,14,25
46205,1,52,2,50
46206,1,18,28,-10
46208,1,187,147,40
46209,1,47,23,24
46210,1,46,66,-20
46211,1,79,45,34
46212,1,9,13,-4
46213,1,167,131,36
46214,1,26,53,-27
46216,1,18,4,14
46218,1,12,2,10
46220,1,148,148,0
46224,1,254,264,-10
46225,1,22,5,17
46226,1,55,29,26
46229,1,194,169,25
46230,1,9,2,7
46233,1,8,5,3
46234,1,106,123,-17
46235,1,113,171,-58
46236,1,11,12,-1
46237,1,9,25,-16
46240,1,13,13,0
46241,1,110,134,-24
46243,1,95,99,-4
46244,1,79,31,48
46246,1,7,1,6
46247,1,55,40,15
46251,1,3,18,-15
46253,1,34,7,27
46254,1,166,113,53
46256,1,19,70,-51
46258,1,69,58,11
46259,1,92,58,34
46262,1,190,187,3
46263,1,127,107,20
46264,1,62,78,-16
46266,1,2,4,-2
46267,1,38,26,12
46268,1,26,2,24
46269,1,56,33,23
46270,1,28,18,10
46271,1,129,125,4
46272,1,65,122,-57
46273,1,56,66,-10
46275,1,5,12,-7
46276,1,10,12,-2
46278,1,82,122,-40
46280,1,103,86,17
46282,1,48,30,18
46283,1,257,256,1
46284,1,26,10,16
46287,1,8,0,8
46290,1,10,16,-6
46292,1,217,163,54
46293,1,13,27,-14
46297,1,49,72,-23
46299,1,67,28,39
46301,1,14,12,2
46303,1,203,191,12
46308,1,73,69,4
46310,1,35,24,11
46311,1,5,39,-34
46312,1,351,315,36
46313,1,120,72,48
46314,1,51,17,34
46315,1,61,9,52
46316,1,17,7,10
46317,1,180,233,-53
46318,1,58,48,10
46319,1,9,37,-28
46326,1,2,8,-6
46327,1,63,15,48
46328,1,28,43,-15
46330,1,11,20,-9
46331,1,3,15,-12
46332,1,25,10,15
46333,1,1,21,-20
46334,1,50,46,4
46335,1,13,3,10
46340,1,31,80,-49
46342,1,33,22,11
46343,1,130,156,-26
46346,1,10,18,-8
46347,1,8,42,-34
46348,1,20,2,18
46349,1,42,65,-23
46352,1,300,259,41
46353,1,19,1,18
46354,1,41,71,-30
46356,1,94,97,-3
46357,1,20,4,16
46358,1,14,31,-17
46360,1,36,5,31
46361,1,14,26,-12
46362,1,24,10,14
46365,1,163,207,-44
46367,1,16,10,6
46368,1,6,4,2
46370,1,23,10,13
46371,1,9,4,5
46372,1,34,35,-1
46376,1,1,36,-35
46377,1,38,7,31
46378,1,17,16,1
46379,1,10,2,8
46381,1,51,13,38
46382,1,12,17,-5
46387,1,37,45,-8
46390,1,10,12,-2
46392,1,127,76,51
46393,1,6,38,-32
46398,1,65,43,22
46399,1,1,2,-1
46401,1,22,64,-42
46403,1,3,19,-16
46404,1,54,71,-17
46406,1,17,33,-16
46407,1,38,17,21
46409,1,63,58,5
46410,1,14,21,-7
46411,1,2,10,-8
46414,1,10,47,-37
46417,1,24,3,21
46418,1,65,47,18
46423,1,56,27,29
46425,1,92,136,-44
46426,1,74,34,40
46427,1,2,16,-14
46431,1,9,10,-1
46432,1,56,48,8
46433,1,119,96,23
46434,1,54,36,18
46435,1,60,33,27
46436,1,5,14,-9
46437,1,35,23,12
46438,1,4,3,1
46440,1,252,253,-1
46441,1,95,116,-21
46444,1,1,3,-2
46447,1,18,33,-15
46449,1,23,7,16
46450,1,50,35,15
46451,1,3,3,0
46453,1,95,115,-20
46456,1,87,100,-13
46457,1,19,64,-45
46458,1,15,4,11
46461,1,22,1,21
46467,1,65,116,-51
46469,1,19,67,-48
46470,1,42,40,2
46471,1,63,42,21
46472,1,22,33,-11
46473,1,9,16,-7
46475,1,4,0,4
46476,1,21,17,4
46477,1,17,47,-30
46478,1,55,22,33
46480,1,69,100,-31
46481,1,15,31,-16
46482,1,18,6,12
46488,1,6,6,0
46489,1,80,63,17
46493,1,92,60,32
46495,1,22,4,18
46496,1,4,29,-25
46497,1,50,43,7
46498,1,43,80,-37
46499,1,9,46,-37
46500,1,136,101,35
46501,1,127,78,49
46502,1,16,8,8
46504,1,8,23,-15
46505,1,31,4,27
46506,1,75,60,15
46507,1,22,18,4
46510,1,86,97,-11
46511,1,3,4,-1
46512,1,12,10,2
46513,1,19,66,-47
46515,1,42,61,-19
46516,1,16,23,-7
46517,1,3,13,-10
46520,1,37,59,-22
46523,1,13,10,3
46525,1,143,101,42
46527,1,35,91,-56
46528,1,67,32,35
46530,1,24,7,17
46531,1,64,52,12
46532,1,18,11,7
46533,1,17,23,-6
46534,1,61,81,-20
46535,1,84,77,7
46537,1,5,6,-1
46538,1,28,18,10
46539,1,183,223,-40
46540,1,120,77,43
46541,1,3,2,1
46545,1,5,2,3
46546,1,4,4,0
46548,1,11,46,-35
46550,1,3,11,-8
46551,1,21,2,19
46553,1,4,4,0
46554,1,15,17,-2
46555,1,155,162,-7
46556,1,7,7,0
46557,1,16,6,10
46559,1,38,4,34
46560,1,47,7,40
46562,1,45,37,8
46564,1,59,12,47
46565,1,57,52,5
46568,1,28,40,-12
46569,1,14,41,-27
46570,1,32,22,10
46571,1,248,259,-11
46572,1,49,31,18
46574,1,6,2,4
46575,1,83,104,-21
46577,1,11,7,4
46578,1,2,3,-1
46579,1,66,64,2
46580,1,103,62,41
46582,1,64,117,-53
46583,1,8,3,5
46585,1,14,42,-28
46587,1,16,30,-14
46588,1,105,69,36
46596,1,12,32,-20
46599,1,41,35,6
46601,1,11,15,-4
46602,1,305,327,-22
46603,1,26,3,23
46604,1,9,3,6
46605,1,8,30,-22
46606,1,29,16,13
46607,1,8,27,-19
46608,1,73,43,30
46609,1,48,9,39
46610,1,5,17,-12
46611,1,156,102,54
46615,1,127,108,19
46616,1,52,61,-9
46619,1,99,55,44
46620,1,7,23,-16
46622,1,94,110,-16
46623,1,52,24,28
46625,1,49,19,30
46626,1,8,39,-31
46629,1,17,19,-2
46631,1,173,145,28
46632,1,100,139,-39
46635,1,9,18,-9
46636,1,10,29,-19
46638,1,59,50,9
46640,1,279,234,45
46648,1,108,108,0
46649,1,61,32,29
46650,1,44,55,-11
46651,1,119,86,33
46652,1,57,27,30
46653,1,31,29,2
46655,1,94,102,-8
46657,1,14,11,3
46660,1,33,10,23
46662,1,144,154,-10
46663,1,42,61,-19
46664,1,253,242,11
46665,1,53,19,34
46667,1,8,57,-49
46668,1,6,24,-18
46669,1,6,15,-9
46673,1,34,8,26
46675,1,5,14,-9
46676,1,33,17,16
46677,1,8,24,-16
46679,1,12,20,-8
46682,1,46,9,37
46683,1,162,148,14
46684,1,9,12,-3
46686,1,215,238,-23
46687,1,41,71,-30
46689,1,74,26,48
46691,1,14,5,9
46692,1,90,40,50
46694,1,2,7,-5
46697,1,25,23,2
46698,1,15,17,-2
46700,1,69,58,11
46701,1,1,6,-5
46702,1,19,44,-25
46703,1,60,57,3
46705,1,54,29,25
46708,1,8,22,-14
46715,1,16,2,14
46718,1,33,30,3
46720,1,194,255,-61
46721,1,3,1,2
46722,1,7,19,-12
46726,1,146,117,29
46727,1,41,70,-29
46729,1,25,8,17
46730,1,124,72,52
46731,1,34,2,32
46732,1,21,14,7
46733,1,37,20,17
46735,1,62,46,16
46736,1,82,100,-18
46737,1,67,56,11
46738,1,103,116,-13
46739,1,71,62,9
46740,1,67,15,52
46741,1,17,10,7
46742,1,5,10,-5
46743,1,6,20,-14
46744,1,14,17,-3
46750,1,10,6,4
46752,1,54,21,33
46754,1,76,82,-6
46755,1,60,25,35
46756,1,105,89,16
46757,1,122,72,50
46758,1,24,85,-61
46763,1,175,136,39
46766,1,49,92,-43
46768,1,34,69,-35
46771,1,248,194,54
46772,1,18,42,-24
46776,1,45,5,40
46778,1,71,26,45
46779,1,28,18,10
46782,1,41,1,40
46785,1,58,46,12
46788,1,5,12,-7
46789,1,28,15,13
46791,1,42,68,-26
46795,1,45,24,21
46796,1,55,8,47
46798,1,5,25,-20
46803,1,74,36,38
46805,1,18,6,12
46806,1,134,150,-16
46810,1,48,72,-24
46813,1,30,13,17
46814,1,7,8,-1
46816,1,37,12,25
46818,1,44,10,34
46819,1,391,344,47
46822,1,7,10,-3
46823,1,49,53,-4
46824,1,42,11,31
46825,1,5,23,-18
46827,1,70,44,26
46829,1,30,79,-49
46830,1,15,38,-23
46833,1,78,49,29
46836,1,42,16,26
46837,1,158,114,44
46838,1,52,7,45
46839,1,52,36,16
46841,1,5,27,-22
46842,1,15,41,-26
46844,1,1,11,-10
46845,1,39,13,26
46848,1,8,7,1
46851,1,57,110,-53
46852,1,16,19,-3
46856,1,372,415,-43
46858,1,14,50,-36
46859,1,40,26,14
46861,1,17,15,2
46863,1,15,19,-4
46864,1,28,9,19
46866,1,3,23,-20
46867,1,20,30,-10
46868,1,170,184,-14
46869,1,16,47,-31
46870,1,153,142,11
46872,1,31,15,16
46874,1,6,48,-42
46875,1,45,13,32
46876,1,18,0,18
46877,1,57,96,-39
46878,1,25,34,-9
46881,1,23,33,-10
46883,1,32,93,-61
46891,1,222,281,-59
46894,1,92,147,-55
46895,1,39,55,-16
46897,1,24,9,15
46899,1,70,62,8
46900,1,15,6,9
46902,1,19,7,12
46904,1,84,40,44
46905,1,28,4,24
46906,1,56,15,41
46907,1,7,5,2
46912,1,341,385,-44
46913,1,18,17,1
46914,1,259,226,33
46915,1,6,25,-19
46921,1,6,41,-35
46922,1,3,58,-55
46923,1,31,47,-16
46924,1,8,50,-42
46925,1,3,12,-9
46926,1,132,96,36
46927,1,33,12,21
46929,1,34,16,18
46933,1,52,109,-57
46938,1,24,23,1
46940,1,13,66,-53
46942,1,5,19,-14
46943,1,20,9,11
46944,1,26,34,-8
46946,1,4,2,2
46948,1,17,4,13
46949,1,21,38,-17
46950,1,13,5,8
46955,1,53,46,7
46957,1,17,48,-31
46958,1,27,66,-39
46959,1,26,47,-21
46960,1,44,4,40
46962,1,14,2,12
46966,1,8,17,-9
46967,1,46,20,26
46968,1,9,13,-4
46970,1,4,21,-17
46971,1,14,15,-1
46973,1,7,3,4
46974,1,42,21,21
46975,1,98,114,-16
46977,1,61,76,-15
46979,1,107,141,-34
46980,1,27,4,23
46981,1,49,83,-34
46982,1,4,6,-2
46983,1,12,14,-2
46984,1,20,76,-56
46985,1,301,278,23
46989,1,21,17,4
46990,1,14,13,1
46992,1,7,19,-12
46993,1,59,101,-42
46994,1,41,48,-7
46995,1,5,12,-7
46999,1,54,27,27
47000,1,13,14,-1
47002,1,2,9,-7
47003,1,20,81,-61
47004,1,84,57,27
47006,1,25,24,1
47008,1,36,7,29
47011,1,11,3,8
47012,1,5,7,-2
47016,1,8,14,-6
47019,1,41,25,16
47021,1,50,12,38
47022,1,5,25,-20
47024,1,30,68,-38
47026,1,135,87,48
47028,1,29,26,3
47030,1,59,19,40
47031,1,14,18,-4
47035,1,36,26,10
47036,1,76,81,-5
47037,1,7,67,-60
47039,1,54,69,-15
47043,1,22,15,7
47045,1,16,10,6
47047,1,60,65,-5
47049,1,30,4,26
47050,1,2,12,-10
47051,1,169,224,-55
47052,1,24,21,3
47053,1,8,22,-14
47054,1,64,30,34
47058,1,40,17,23
47059,1,53,22,31
47060,1,39,28,11
47061,1,49,3,46
47062,1,110,120,-10
47063,1,37,33,4
47064,1,6,6,0
47067,1,12,1,11
47069,1,25,49,-24
47071,1,78,31,47
47072,1,52,16,36
47076,1,20,42,-22
47080,1,116,161,-45
47082,1,54,18,36
47085,1,140,155,-15
47086,1,70,57,13
47088,1,395,441,-46
47090,1,6,1,5
47092,1,97,71,26
47093,1,20,46,-26
47094,1,9,4,5
47097,1,6,19,-13
47100,1,27,32,-5
47101,1,72,65,7
47102,1,134,90,44
47103,1,3,15,-12
47106,1,49,60,-11
47109,1,93,65,28
47110,1,61,58,3
47112,1,70,17,53
47114,1,14,9,5
47115,1,51,27,24
47116,1,9,6,3
47118,1,3,4,-1
47119,1,39,42,-3
47120,1,26,10,16
47121,1,28,17,11
47123,1,31,35,-4
47124,1,42,9,33
47125,1,17,39,-22
47126,1,35,8,27
47129,1,14,7,7
47130,1,49,13,36
47133,1,42,20,22
47134,1,66,79,-13
47137,1,75,109,-34
47140,1,1,7,-6
47142,1,9,64,-55
47146,1,4,0,4
47148,1,24,11,13
47149,1,10,6,4
47150,1,34,61,-27
47151,1,11,2,9
47152,1,1093,1144,-51
47153,1,21,39,-18
47157,1,29,22,7
47158,1,130,119,11
47159,1,39,10,29
47160,1,66,86,-20
47162,1,71,23,48
47164,1,25,32,-7
47165,1,20,46,-26
47169,1,29,43,-14
47171,1,1,1,0
47177,1,205,212,-7
47178,1,9,18,-9
47180,1,15,38,-23
47181,1,20,7,13
47183,1,61,36,25
47184,1,27,13,14
47185,1,143,143,0
47186,1,37,75,-38
47187,1,81,74,7
47188,1,13,18,-5
47190,1,39,21,18
47192,1,14,31,-17
47193,1,3,12,-9
47194,1,3,1,2
47198,1,36,13,23
47200,1,16,8,8
47201,1,2,55,-53
47204,1,24,25,-1
47206,1,35,18,17
47208,1,172,175,-3
47213,1,8,4,4
47214,1,56,84,-28
47215,1,6,3,3
47216,1,295,278,17
47218,1,91,50,41
47220,1,29,12,17
47222,1,24,8,16
47223,1,26,19,7
47224,1,125,72,53
47229,1,7,18,-11
47232,1,38,15,23
47233,1,33,20,13
47234,1,7,3,4
47235,1,15,42,-27
47237,1,17,39,-22
47239,1,32,9,23
47240,1,30,30,0
47242,1,11,28,-17
47244,1,8,3,5
47245,1,166,159,7
47247,1,19,5,14
47250,1,392,406,-14
47251,1,6,3,3
47252,1,55,108,-53
47254,1,22,22,0
47255,1,55,31,24
47256,1,4,2,2
47259,1,29,8,21
47261,1,53,90,-37
47263,1,90,56,34
47266,1,83,85,-2
47267,1,130,90,40
47268,1,27,11,16
47273,1,6,5,1
47275,1,14,15,-1
47276,1,33,21,12
47277,1,46,80,-34
47279,1,2,19,-17
47281,1,73,43,30
47282,1,8,5,3
47283,1,27,18,9
47284,1,16,9,7
47286,1,29,47,-18
47288,1,120,149,-29
47289,1,14,3,11
47291,1,36,10,26
47292,1,92,71,21
47293,1,24,19,5
47295,1,74,74,0
47296,1,7,7,0
47297,1,8,1,7
47298,1,43,35,8
47299,1,37,10,27
47300,1,64,42,22
47301,1,9,15,-6
47302,1,100,113,-13
47306,1,36,61,-25
47309,1,30,3,27
47312,1,12,6,6
47316,1,26,10,16
47317,1,7,5,2
47319,1,9,2,7
47321,1,66,56,10
47323,1,12,5,7
47324,1,11,2,9
47325,1,19,61,-42
47326,1,28,9,19
47330,1,12,23,-11
47331,1,21,38,-17
47332,1,21,43,-22
47334,1,19,61,-42
47337,1,45,13,32
47338,1,23,18,5
47341,1,18,4,14
47342,1,1144,1155,-11
47344,1,21,36,-15
47345,1,16,77,-61
47346,1,42,66,-24
47347,1,17,26,-9
47349,1,47,30,17
47350,1,8,9,-1
47351,1,18,70,-52
47352,1,72,44,28
47353,1,381,330,51
47357,1,80,74,6
47358,1,54,18,36
47359,1,52,55,-3
47360,1,3,3,0
47361,1,119,74,45
47362,1,9,12,-3
47363,1,91,47,44
47364,1,116,65,51
47366,1,10,12,-2
47367,1,9,25,-16
47368,1,5,6,-1
47370,1,30,13,17
47371,1,55,32,23
47373,1,5,25,-20
47375,1,37,36,1
47377,1,132,123,9
47381,1,57,32,25
47383,1,189,140,49
47389,1,24,18,6
47390,1,40,53,-13
47392,1,5,14,-9
47395,1,57,3,54
47396,1,26,28,-2
47398,1,18,12,6
47399,1,5,3,2
47401,1,5,8,-3
47402,1,48,16,32
47403,1,51,54,-3
47404,1,28,14,14
47407,1,6,15,-9
47409,1,22,15,7
47410,1,13,7,6
47413,1,47,81,-34
47414,1,11,6,5
47415,1,109,80,29
47416,1,108,59,49
47417,1,21,57,-36
47421,1,11,17,-6
47422,1,9,24,-15
47423,1,79,72,7
47424,1,13,16,-3
47425,1,51,15,36
47426,1,11,0,11
47427,1,7,56,-49
47428,1,20,45,-25
47429,1,9,8,1
47431,1,78,41,37
47432,1,74,80,-6
47434,1,34,81,-47
47436,1,122,102,20
47438,1,24,5,19
47439,1,119,175,-56
47440,1,3,6,-3
47441,1,24,41,-17
47443,1,7,6,1
47444,1,73,66,7
47452,1,5,18,-13
47453,1,25,23,2
47454,1,55,57,-2
47456,1,35,26,9
47457,1,48,15,33
47461,1,17,1,16
47462,1,84,108,-24
47463,1,13,38,-25
47464,1,51,6,45
47470,1,10,9,1
47471,1,46,64,-18
47472,1,17,12,5
47473,1,193,159,34
47474,1,18,72,-54
47475,1,55,25,30
47477,1,46,94,-48
47478,1,48,25,23
47480,1,54,4,50
47481,1,162,129,33
47486,1,60,97,-37
47487,1,28,22,6
47488,1,10,4,6
47489,1,5,30,-25
47493,1,15,59,-44
47496,1,38,18,20
47498,1,38,41,-3
47499,1,24,5,19
47501,1,19,2,17
47504,1,3,5,-2
47507,1,54,33,21
47508,1,74,61,13
47511,1,58,41,17
47513,1,66,120,-54
47515,1,6,17,-11
47517,1,44,13,31
47519,1,80,29,51
47521,1,56,27,29
47523,1,45,13,32
47525,1,38,21,17
47526,1,2,23,-21
47527,1,314,284,30
47530,1,52,4,48
47531,1,12,50,-38
47533,1,5,2,3
47536,1,109,64,45
47537,1,7,1,6
47538,1,23,50,-27
47539,1,40,22,18
47540,1,23,4,19
47543,1,59,55,4
47546,1,25,15,10
47548,1,1,11,-10
47549,1,109,56,53
47554,1,39,39,0
47555,1,52,14,38
47557,1,45,0,45
47558,1,59,108,-49
47559,1,36,40,-4
47561,1,27,12,15
47562,1,47,19,28
47563,1,47,31,16
47565,1,60,17,43
47566,1,22,38,-16
47569,1,11,20,-9
47570,1,23,3,20
47571,1,17,3,14
47572,1,32,6,26
47573,1,16,11,5
47574,1,27,78,-51
47575,1,84,46,38
47579,1,26,16,10
47580,1,31,34,-3
47581,1,25,62,-37
47582,1,27,6,21
47585,1,18,34,-16
47586,1,123,80,43
47589,1,8,6,2
47590,1,81,47,34
47595,1,9,37,-28
47597,1,151,141,10
47600,1,25,45,-20
47602,1,16,13,3
47603,1,9,3,6
47604,1,25,17,8
47605,1,46,27,19
47606,1,2,25,-23
47608,1,15,11,4
47609,1,36,28,8
47610,1,8,22,-14
47616,1,32,12,20
47617,1,43,5,38
47618,1,10,53,-43
47621,1,12,52,-40
47622,1,20,3,17
47624,1,24,23,1
47625,1,18,51,-33
47627,1,36,37,-1
47630,1,241,302,-61
47631,1,52,80,-28
47632,1,95,111,-16
47634,1,58,8,50
47639,1,73,34,39
47641,1,7,16,-9
47642,1,25,36,-11
47644,1,11,69,-58
47645,1,194,182,12
47647,1,142,98,44
47648,1,113,71,42
47649,1,171,121,50
47650,1,54,22,32
47651,1,5,17,-12
47652,1,156,122,34
47653,1,21,8,13
47654,1,37,45,-8
47657,1,2,2,0
47659,1,15,17,-2
47660,1,46,1,45
47661,1,10,7,3
47662,1,40,39,1
47663,1,22,12,10
47664,1,32,25,7
47669,1,102,94,8
47672,1,19,19,0
47673,1,53,66,-13
47675,1,29,20,9
47676,1,10,40,-30
47677,1,1,3,-2
47681,1,5,31,-26
47684,1,363,371,-8
47685,1,49,104,-55
47686,1,67,67,0
47687,1,37,73,-36
47689,1,134,111,23
47691,1,38,6,32
47695,1,126,133,-7
47697,1,818,844,-26
47698,1,31,17,14
47700,1,33,31,2
47701,1,16,4,12
47702,1,3,18,-15
47704,1,4,8,-4
47705,1,29,20,9
47709,1,26,8,18
47711,1,2,13,-11
47712,1,540,533,7
47715,1,4,6,-2
47717,1,6,2,4
47718,1,8,36,-28
47720,1,11,3,8
47721,1,82,95,-13
47722,1,96,75,21
47724,1,21,4,17
47725,1,23,16,7
47726,1,418,383,35
47727,1,307,272,35
47728,1,75,50,25
47731,1,13,6,7
47733,1,73,115,-42
47738,1,365,325,40
47739,1,41,53,-12
47740,1,167,126,41
47741,1,67,38,29
47742,1,12,37,-25
47743,1,16,1,15
47745,1,60,42,18
47746,1,171,164,7
47748,1,112,93,19
47751,1,50,67,-17
47753,1,63,98,-35
47754,1,44,18,26
47756,1,10,10,0
47758,1,21,36,-15
47759,1,18,44,-26
47761,1,36,12,24
47763,1,2,6,-4
47765,1,34,20,14
47766,1,19,30,-11
47767,1,3,10,-7
47769,1,25,36,-11
47770,1,86,47,39
47774,1,3,10,-7
47778,1,71,78,-7
47780,1,49,5,44
47781,1,78,31,47
47782,1,41,22,19
47783,1,87,91,-4
47785,1,33,10,23
47786,1,53,72,-19
47788,1,95,42,53
47789,1,92,114,-22
47793,1,7,5,2
47795,1,34,78,-44
47797,1,48,3,45
47798,1,53,106,-53
47799,1,2,9,-7
47801,1,10,15,-5
47804,1,98,113,-15
47805,1,19,53,-34
47806,1,27,67,-40
47807,1,122,103,19
47809,1,203,237,-34
47810,1,3,2,1
47811,1,18,22,-4
47815,1,43,4,39
47821,1,65,26,39
47822,1,73,104,-31
47824,1,84,71,13
47825,1,13,6,7
47826,1,4,12,-8
47827,1,192,142,50
47828,1,64,29,35
47831,1,37,40,-3
47832,1,3,3,0
47836,1,1,4,-3
47839,1,26,37,-11
47841,1,203,177,26
47842,1,351,309,42
47843,1,30,48,-18
47844,1,2,2,0
47848,1,63,21,42
47851,1,22,24,-2
47852,1,43,18,25
47853,1,14,38,-24
47854,1,3,11,-8
47855,1,80,33,47
47856,1,34,35,-1
47859,1,48,46,2
47860,1,50,31,19
47862,1,33,31,2
47866,1,3,25,-22
47869,1,54,20,34
47874,1,25,86,-61
47875,1,14,1,13
47876,1,78,106,-28
47877,1,339,293,46
47880,1,335,313,22
47881,1,110,148,-38
47882,1,34,90,-56
47883,1,258,256,2
47889,1,20,11,9
47893,1,3,64,-61
47894,1,11,10,1
47897,1,21,32,-11
47898,1,72,56,16
47901,1,20,28,-8
47902,1,28,33,-5
47903,1,11,14,-3
47904,1,6,45,-39
47905,1,3,7,-4
47906,1,6,6,0
47908,1,12,1,11
47909,1,51,10,41
47910,1,20,13,7
47911,1,50,8,42
47912,1,37,20,17
47913,1,3,46,-43
47914,1,31,83,-52
47915,1,40,30,10
47917,1,142,153,-11
47918,1,68,49,19
47919,1,84,94,-10
47923,1,41,7,34
47924,1,17,22,-5
47925,1,251,285,-34
47926,1,75,25,50
47928,1,24,10,14
47930,1,6,13,-7
47931,1,66,56,10
47932,1,19,10,9
47933,1,467,430,37
47935,1,32,46,-14
47936,1,47,29,18
47937,1,42,5,37
47939,1,11,71,-60
47945,1,43,40,3
47946,1,36,12,24
47947,1,20,15,5
47949,1,45,38,7
47950,1,37,12,25
47951,1,125,136,-11
47954,1,31,25,6
47956,1,103,79,24
47960,1,25,79,-54
47961,1,30,21,9
47962,1,502,511,-9
47965,1,25,12,13
47968,1,71,48,23
47971,1,234,206,28
47973,1,133,121,12
47975,1,158,145,13
47976,1,35,5,30
47977,1,92,50,42
47978,1,15,16,-1
47980,1,595,604,-9
47984,1,20,32,-12
47988,1,14,57,-43
47989,1,47,3,44
47991,1,6,7,-1
47995,1,2,14,-12
47997,1,8,38,-30
48000,1,9,13,-4
48001,1,61,16,45
48009,1,8,25,-17
48015,1,31,84,-53
48018,1,70,58,12
48021,1,21,26,-5
48022,1,3,0,3
48026,1,301,301,0
48030,1,3,1,2
48031,1,12,25,-13
48034,1,1,1,0
48035,1,19,13,6
48036,1,22,53,-31
48038,1,2,10,-8
48040,1,20,19,1
48042,1,8,49,-41
48044,1,67,54,13
48045,1,42,29,13
48048,1,215,165,50
48052,1,7,17,-10
48054,1,100,67,33
48055,1,5,1,4
48056,1,14,9,5
48058,1,10,33,-23
48060,1,30,31,-1
48061,1,54,55,-1
48063,1,131,100,31
48064,1,10,21,-11
48065,1,2,23,-21
48068,1,12,47,-35
48069,1,25,26,-1
48071,1,64,37,27
48076,1,91,47,44
48077,1,7,5,2
48078,1,483,450,33
48079,1,3,0,3
48080,1,26,29,-3
48084,1,21,2,19
48085,1,23,4,19
48089,1,7,22,-15
48090,1,7,2,5
48094,1,21,6,15
48096,1,49,38,11
48097,1,6,4,2
48099,1,6,44,-38
48100,1,6,2,4
48101,1,6,32,-26
48103,1,96,119,-23
48110,1,10,10,0
48113,1,4,35,-31
48115,1,18,14,4
48118,1,31,41,-10
48119,1,58,89,-31
48121,1,78,94,-16
48123,1,19,26,-7
48126,1,93,67,26
48127,1,57,23,34
48129,1,78,27,51
48130,1,33,25,8
48133,1,27,18,9
48134,1,2,1,1
48135,1,29,18,11
48138,1,9,8,1
48140,1,12,35,-23
48144,1,10,18,-8
48146,1,8,39,-31
48150,1,18,4,14
48152,1,1,3,-2
48153,1,8,10,-2
48154,1,15,16,-1
48157,1,80,36,44
48161,1,3,3,0
48166,1,39,21,18
48167,1,30,46,-16
48168,1,5,2,3
48169,1,9,5,4
48171,1,11,3,8
48172,1,209,176,33
48173,1,14,32,-18
48175,1,98,45,53
48176,1,61,39,22
48177,1,41,46,-5
48178,1,37,6,31
48182,1,18,19,-1
48183,1,11,39,-28
48190,1,8,64,-56
48191,1,6,17,-11
48193,1,236,211,25
48194,1,9,22,-13
48196,1,4,4,0
48198,1,57,40,17
48200,1,311,267,44
48201,1,82,83,-1
48204,1,42,35,7
48205,1,15,27,-12
48207,1,155,121,34
48208,1,37,59,-22
48211,1,4,27,-23
48212,1,44,40,4
48216,1,42,45,-3
48217,1,69,65,4
48218,1,60,88,-28
48219,1,36,42,-6
48221,1,33,3,30
48223,1,71,52,19
48225,1,40,56,-16
48226,1,49,21,28
48227,1,13,30,-17
48229,1,4,39,-35
48234,1,2,2,0
48235,1,15,2,13
48236,1,187,203,-16
48237,1,45,28,17
48239,1,28,38,-10
48245,1,51,39,12
48246,1,37,0,37
48250,1,14,35,-21
48253,1,45,31,14
48255,1,43,58,-15
48256,1,174,193,-19
48257,1,22,49,-27
48258,1,105,115,-10
48261,1,82,84,-2
48262,1,160,163,-3
48267,1,11,29,-18
48268,1,21,10,11
48270,1,12,6,6
48273,1,19,0,19
48275,1,113,62,51
48277,1,3,10,-7
48278,1,71,31,40
48279,1,25,37,-12
48281,1,101,128,-27
48285,1,128,162,-34
48286,1,44,21,23
48287,1,10,35,-25
48290,1,3,15,-12
48291,1,51,26,25
48293,1,18,3,15
48294,1,33,64,-31
48296,1,39,53,-14
48297,1,72,34,38
48299,1,54,61,-7
48304,1,18,10,8
48306,1,5,2,3
48307,1,17,11,6
48309,1,50,2,48
48310,1,5,13,-8
48312,1,6,38,-32
48313,1,23,11,12
48318,1,22,46,-24
48321,1,50,16,34
48323,1,41,26,15
48324,1,5,17,-12
48325,1,114,87,27
48327,1,29,3,26
48328,1,1,22,-21
48329,1,9,18,-9
48331,1,193,192,1
48332,1,16,0,16
48333,1,48,55,-7
48334,1,176,149,27
48335,1,28,17,11
48336,1,72,28,44
48339,1,131,107,24
48341,1,116,129,-13
48342,1,34,14,20
48343,1,8,1,7
48345,1,11,18,-7
48346,1,76,106,-30
48349,1,36,15,21
48352,1,18,30,-12
48353,1,59,41,18
48355,1,37,50,-13
48357,1,105,149,-44
48359,1,1,3,-2
48363,1,20,4,16
48365,1,5,44,-39
48367,1,25,28,-3
48368,1,44,69,-25
48369,1,33,18,15
48370,1,109,126,-17
48372,1,6,15,-9
48374,1,133,82,51
48375,1,20,4,16
48380,1,18,4,14
48381,1,16,10,6
48384,1,29,51,-22
48386,1,46,51,-5
48388,1,4,8,-4
48389,1,21,10,11
48391,1,101,59,42
48392,1,18,36,-18
48393,1,28,18,10
48394,1,25,34,-9
48396,1,64,29,35
48397,1,7,30,-23
48401,1,1,14,-13
48402,1,14,13,1
48403,1,20,46,-26
48405,1,29,22,7
48409,1,23,15,8
48410,1,64,31,33
48411,1,69,16,53
48413,1,111,94,17
48415,1,6,15,-9
48416,1,135,142,-7
48420,1,6,31,-25
48422,1,20,17,3
48423,1,63,108,-45
48424,1,11,21,-10
48425,1,5,14,-9
48428,1,62,46,16
48429,1,19,48,-29
48430,1,27,11,16
48435,1,17,24,-7
48436,1,40,12,28
48438,1,53,24,29
48440,1,41,62,-21
48442,1,56,66,-10
48443,1,42,12,30
48444,1,355,346,9
48445,1,3,1,2
48446,1,19,56,-37
48447,1,8,3,5
48449,1,91,71,20
48450,1,35,32,3
48453,1,5,5,0
48457,1,34,23,11
48458,1,72,53,19
48459,1,19,14,5
48460,1,252,285,-33
48461,1,178,191,-13
48462,1,132,88,44
48464,1,19,20,-1
48465,1,15,22,-7
48467,1,240,195,45
48468,1,22,30,-8
48469,1,14,1,13
48471,1,34,52,-18
48474,1,74,70,4
48478,1,117,116,1
48479,1,9,10,-1
48480,1,20,14,6
48483,1,297,253,44
48484,1,108,133,-25
48487,1,909,970,-61
48488,1,3,3,0
48489,1,52,67,-15
48490,1,56,21,35
48492,1,1,10,-9
48493,1,81,58,23
48496,1,100,128,-28
48497,1,48,60,-12
48498,1,3,6,-3
48501,1,39,29,10
48502,1,33,65,-32
48503,1,15,6,9
48505,1,61,69,-8
48506,1,33,31,2
48507,1,55,87,-32
48508,1,14,1,13
48509,1,103,151,-48
48510,1,171,219,-48
48511,1,84,65,19
48512,1,8,1,7
48515,1,70,20,50
48517,1,84,68,16
48518,1,43,14,29
48521,1,137,138,-1
48522,1,6,3,3
48523,1,392,414,-22
48524,1,3,4,-1
48525,1,3,18,-15
48527,1,233,221,12
48529,1,128,136,-8
48530,1,4,9,-5
48531,1,19,4,15
48532,1,21,8,13
48533,1,1,9,-8
48534,1,27,2,25
48535,1,36,86,-50
48539,1,13,9,4
48544,1,5,0,5
48545,1,57,58,-1
48551,1,14,8,6
48552,1,40,69,-29
48555,1,4,10,-6
48556,1,59,70,-11
48558,1,24,20,4
48559,1,29,36,-7
48561,1,66,37,29
48566,1,79,60,19
48567,1,19,15,4
48569,1,19,8,11
48570,1,16,16,0
48573,1,1,2,-1
48574,1,3,20,-17
48576,1,6,27,-21
48580,1,151,176,-25
48581,1,14,2,12
48583,1,5,8,-3
48586,1,5,28,-23
48589,1,10,9,1
48593,1,106,105,1
48594,1,2,20,-18
48595,1,52,4,48
48596,1,193,176,17
48597,1,60,26,34
48598,1,231,196,35
48600,1,43,2,41
48602,1,24,1,23
48604,1,71,44,27
48607,1,2,3,-1
48608,1,36,50,-14
48609,1,48,6,42
48610,1,329,335,-6
48613,1,46,88,-42
48614,1,7,11,-4
48616,1,1,41,-40
48618,1,6,18,-12
48619,1,32,11,21
48620,1,309,325,-16
48621,1,15,28,-13
48628,1,74,116,-42
48629,1,51,35,16
48632,1,35,25,10
48635,1,73,93,-20
48638,1,1,6,-5
48640,1,172,140,32
48641,1,59,97,-38
48642,1,8,10,-2
48643,1,48,7,41
48644,1,26,66,-40
48645,1,2,2,0
48646,1,1,18,-17
48647,1,45,47,-2
48648,1,8,16,-8
48649,1,137,114,23
48651,1,9,4,5
48652,1,95,140,-45
48655,1,18,11,7
48656,1,141,144,-3
48659,1,2,7,-5
48662,1,350,355,-5
48664,1,62,9,53
48667,1,36,26,10
48669,1,20,6,14
48671,1,16,1,15
48673,1,40,31,9
48674,1,19,3,16
48675,1,45,60,-15
48676,1,3,36,-33
48677,1,55,53,2
48681,1,134,153,-19
48684,1,63,38,25
48686,1,48,75,-27
48687,1,132,88,44
48688,1,1,4,-3
48689,1,29,4,25
48695,1,3,8,-5
48697,1,81,97,-16
48699,1,37,19,18
48700,1,15,14,1
48701,1,3,13,-10
48702,1,19,2,17
48703,1,33,15,18
48705,1,42,7,35
48708,1,19,26,-7
48709,1,143,92,51
48711,1,120,106,14
48712,1,127,131,-4
48713,1,16,23,-7
48714,1,12,8,4
48716,1,75,61,14
48717,1,227,268,-41
48722,1,42,9,33
48723,1,217,166,51
48726,1,78,48,30
48727,1,9,29,-20
48729,1,105,64,41
48730,1,41,6,35
48732,1,16,14,2
48734,1,19,40,-21
48735,1,45,1,44
48737,1,37,18,19
48738,1,79,34,45
48739,1,39,20,19
48741,1,16,16,0
48742,1,64,47,17
48743,1,68,27,41
48744,1,44,34,10
48745,1,28,29,-1
48750,1,41,24,17
48751,1,58,48,10
48752,1,30,15,15
48754,1,51,34,17
48755,1,30,0,30
48757,1,113,125,-12
48763,1,225,244,-19
48764,1,19,7,12
48766,1,3,2,1
48767,1,3,11,-8
48770,1,16,52,-36
48771,1,50,38,12
48773,1,61,8,53
48776,1,2,12,-10
48778,1,487,453,34
48779,1,77,33,44
48780,1,3,1,2
48782,1,230,263,-33
48784,1,3,17,-14
48785,1,12,62,-50
48786,1,9,1,8
48788,1,229,257,-28
48789,1,26,28,-2
48790,1,88,55,33
48792,1,135,84,51
48794,1,3,1,2
48798,1,28,7,21
48799,1,9,8,1
48802,1,535,491,44
48803,1,169,154,15
48805,1,24,17,7
48807,1,95,96,-1
48809,1,163,112,51
48811,1,6,65,-59
48813,1,21,2,19
48814,1,25,13,12
48815,1,5,4,1
48816,1,34,95,-61
48820,1,14,60,-46
48821,1,73,41,32
48823,1,139,128,11
48825,1,75,32,43
48826,1,100,69,31
48827,1,56,44,12
48828,1,40,17,23
48829,1,17,52,-35
48830,1,69,37,32
48831,1,578,547,31
48833,1,46,31,15
48836,1,35,1,34
48838,1,41,56,-15
48841,1,14,35,-21
48842,1,11,11,0
48843,1,4,3,1
48844,1,30,3,27
48848,1,1,1,0
48849,1,19,1,18
48851,1,15,24,-9
48852,1,43,66,-23
48854,1,6,4,2
48855,1,8,13,-5
48856,1,38,29,9
48857,1,29,0,29
48858,1,18,0,18
48861,1,57,21,36
48864,1,96,80,16
48865,1,2,3,-1
48866,1,41,23,18
48868,1,44,29,15
48871,1,100,102,-2
48873,1,42,13,29
48874,1,2,2,0
48875,1,3,18,-15
48877,1,15,26,-11
48879,1,59,73,-14
48880,1,21,75,-54
48881,1,60,36,24
48882,1,13,8,5
48883,1,25,50,-25
48888,1,46,73,-27
48889,1,42,54,-12
48893,1,9,58,-49
48894,1,40,38,2
48898,1,22,14,8
48899,1,39,38,1
48900,1,43,16,27
48901,1,40,36,4
48902,1,51,77,-26
48904,1,28,47,-19
48907,1,63,22,41
48909,1,3,2,1
48910,1,14,7,7
48911,1,2,20,-18
48913,1,5,10,-5
48914,1,23,45,-22
48915,1,41,2,39
48917,1,61,45,16
48918,1,14,4,10
48919,1,103,60,43
48920,1,28,20,8
48922,1,9,23,-14
48923,1,5,5,0
48928,1,58,81,-23
48929,1,43,11,32
48930,1,358,339,19
48931,1,48,41,7
48932,1,1,5,-4
48933,1,29,80,-51
48934,1,23,28,-5
48936,1,6,1,5
48937,1,259,274,-15
48939,1,59,34,25
48945,1,8,7,1
48946,1,50,16,34
48947,1,26,40,-14
48948,1,8,10,-2
48949,1,49,33,16
48950,1,9,10,-1
48952,1,46,10,36
48953,1,55,24,31
48957,1,110,120,-10
48958,1,2,15,-13
48959,1,58,28,30
48963,1,72,104,-32
48967,1,20,15,5
48968,1,43,4,39
48969,1,290,343,-53
48970,1,16,5,11
48973,1,52,16,36
48974,1,62,38,24
48976,1,135,114,21
48977,1,32,81,-49
48979,1,157,162,-5
48980,1,45,11,34
48985,1,4,34,-30
48987,1,72,65,7
48988,1,210,255,-45
48991,1,51,15,36
48994,1,64,18,46
48995,1,50,33,17
48997,1,7,2,5
48999,1,119,98,21
49000,1,10,53,-43
49001,1,36,88,-52
49003,1,22,10,12
49004,1,72,21,51
49005,1,47,53,-6
49007,1,11,2,9
49010,1,21,12,9
49011,1,68,114,-46
49013,1,5,2,3
49014,1,14,8,6
49015,1,3,34,-31
49017,1,34,32,2
49018,1,30,16,14
49019,1,37,16,21
49021,1,27,14,13
49022,1,5,7,-2
49023,1,51,36,15
49031,1,108,119,-11
49032,1,20,25,-5
49033,1,172,170,2
49034,1,37,3,34
49037,1,2,27,-25
49039,1,10,30,-20
49040,1,12,4,8
49042,1,31,5,26
49048,1,162,118,44
49049,1,26,22,4
49050,1,15,20,-5
49055,1,27,49,-22
49058,1,134,121,13
49063,1,3,14,-11
49065,1,16,7,9
49066,1,143,105,38
49068,1,2,7,-5
49069,1,17,6,11
49070,1,60,52,8
49071,1,47,19,28
49073,1,33,9,24
49079,1,34,31,3
49080,1,16,6,10
49081,1,16,49,-33
49082,1,25,86,-61
49083,1,24,31,-7
49087,1,51,54,-3
49089,1,7,21,-14
49090,1,183,135,48
49092,1,3,2,1
49093,1,43,36,7
49094,1,7,20,-13
49095,1,75,41,34
49096,1,58,49,9
49102,1,164,123,41
49103,1,25,22,3
49104,1,62,60,2
49105,1,16,13,3
49107,1,2,4,-2
49110,1,9,15,-6
49111,1,65,40,25
49112,1,43,23,20
49113,1,44,99,-55
49114,1,68,25,43
49115,1,34,6,28
49116,1,33,11,22
49119,1,64,19,45
49124,1,15,3,12
49126,1,15,16,-1
49131,1,3,9,-6
49132,1,37,15,22
49133,1,44,27,17
49134,1,31,15,16
49135,1,68,86,-18
49136,1,83,41,42
49141,1,25,49,-24
49142,1,2,6,-4
49147,1,87,110,-23
49149,1,150,199,-49
49153,1,648,616,32
49156,1,31,10,21
49157,1,27,1,26
49158,1,20,19,1
49159,1,70,16,54
49161,1,53,64,-11
49167,1,48,55,-7
49168,1,8,17,-9
49169,1,61,45,16
49172,1,17,30,-13
49173,1,71,89,-18
49175,1,7,11,-4
49177,1,19,44,-25
49180,1,9,4,5
49183,1,90,51,39
49186,1,11,37,-26
49187,1,37,25,12
49188,1,126,77,49
49194,1,35,19,16
49196,1,26,42,-16
49197,1,142,118,24
49200,1,72,27,45
49201,1,7,58,-51
49202,1,34,11,23
49204,1,20,7,13
49209,1,41,78,-37
49211,1,1,2,-1
49214,1,60,61,-1
49216,1,3,13,-10
49218,1,30,26,4
49219,1,94,109,-15
49221,1,213,233,-20
49222,1,22,63,-41
49223,1,40,79,-39
49227,1,18,11,7
49230,1,86,71,15
49232,1,72,30,42
49235,1,9,28,-19
49236,1,74,28,46
49237,1,12,1,11
49238,1,48,28,20
49240,1,8,17,-9
49243,1,133,87,46
49244,1,61,69,-8
49245,1,75,111,-36
49246,1,9,24,-15
49250,1,16,16,0
49255,1,5,0,5
49257,1,31,16,15
49258,1,28,61,-33
49259,1,3,52,-49
49261,1,6,14,-8
49263,1,37,57,-20
49266,1,24,19,5
49267,1,60,12,48
49268,1,69,46,23
49269,1,193,225,-32
49271,1,41,45,-4
49272,1,5,14,-9
49274,1,21,7,14
49276,1,1,16,-15
49277,1,4,4,0
49280,1,15,1,14
49282,1,1,1,0
49285,1,59,15,44
49286,1,89,65,24
49289,1,12,12,0
49291,1,56,45,11
49293,1,12,36,-24
49294,1,6,18,-12
49295,1,5,7,-2
49296,1,34,16,18
49298,1,15,57,-42
49300,1,12,23,-11
49302,1,25,28,-3
49303,1,13,1,12
49305,1,12,4,8
49307,1,10,65,-55
49308,1,79,121,-42
49309,1,13,14,-1
49311,1,11,28,-17
49313,1,68,15,53
49315,1,14,19,-5
49317,1,45,14,31
49319,1,47,43,4
49321,1,112,125,-13
49323,1,43,30,13
49324,1,59,20,39
49328,1,60,9,51
49331,1,61,69,-8
49334,1,27,2,25
49336,1,3,19,-16
49337,1,18,50,-32
49338,1,14,30,-16
49339,1,68,20,48
49341,1,6,40,-34
49342,1,24,15,9
49344,1,58,29,29
49345,1,24,72,-48
49346,1,4,14,-10
49349,1,4,14,-10
49352,1,21,9,12
49353,1,6,36,-30
49354,1,3,21,-18
49357,1,17,38,-21
49362,1,78,31,47
49363,1,133,127,6
49364,1,3,3,0
49366,1,2,5,-3
49368,1,63,21,42
49370,1,39,15,24
49371,1,11,7,4
49372,1,6,41,-35
49373,1,7,0,7
49376,1,24,26,-2
49377,1,22,37,-15
49378,1,17,30,-13
49380,1,64,59,5
49384,1,109,103,6
49386,1,7,4,3
49387,1,19,18,1
49389,1,26,40,-14
49390,1,6,16,-10
49391,1,13,29,-16
49392,1,52,33,19
49393,1,12,16,-4
49395,1,45,42,3
49396,1,12,8,4
49397,1,5,4,1
49398,1,45,26,19
49400,1,186,178,8
49401,1,86,94,-8
49404,1,55,8,47
49409,1,174,211,-37
49413,1,218,195,23
49414,1,1,8,-7
49415,1,7,3,4
49417,1,23,30,-7
49419,1,21,18,3
49420,1,12,17,-5
49426,1,39,9,30
49427,1,60,32,28
49428,1,60,69,-9
49430,1,213,193,20
49431,1,2,33,-31
49433,1,43,63,-20
49434,1,10,24,-14
49435,1,20,9,11
49439,1,36,45,-9
49440,1,15,22,-7
49442,1,28,10,18
49443,1,7,9,-2
49444,1,14,14,0
49446,1,14,40,-26
49448,1,57,67,-10
49452,1,140,133,7
49456,1,20,32,-12
49457,1,246,216,30
49460,1,26,44,-18
49461,1,37,41,-4
49463,1,45,53,-8
49466,1,12,3,9
49467,1,60,18,42
49468,1,18,4,14
49469,1,13,23,-10
49470,1,25,30,-5
49472,1,11,8,3
49473,1,11,4,7
49474,1,15,24,-9
49475,1,121,78,43
49476,1,50,25,25
49477,1,12,31,-19
49478,1,2,10,-8
49479,1,8,2,6
49481,1,31,70,-39
49483,1,3,12,-9
49485,1,9,31,-22
49486,1,29,49,-20
49490,1,39,10,29
49491,1,35,38,-3
49492,1,43,46,-3
49494,1,32,15,17
49499,1,3,30,-27
49501,1,58,45,13
49502,1,144,102,42
49504,1,11,5,6
49505,1,61,91,-30
49506,1,81,118,-37
49507,1,47,27,20
49508,1,44,35,9
49509,1,24,43,-19
49510,1,186,175,11
49511,1,36,10,26
49512,1,4,3,1
49513,1,18,33,-15
49514,1,11,4,7
49515,1,61,9,52
49516,1,23,29,-6
49517,1,104,69,35
49519,1,46,3,43
49523,1,16,10,6
49526,1,24,23,1
49529,1,13,14,-1
49530,1,130,100,30
49531,1,102,129,-27
49535,1,35,36,-1
49536,1,20,6,14
49537,1,61,83,-22
49541,1,59,39,20
49542,1,356,391,-35
49544,1,291,278,13
49547,1,6,20,-14
49548,1,13,59,-46
49550,1,23,13,10
49553,1,88,54,34
49554,1,15,19,-4
49556,1,73,48,25
49557,1,10,2,8
49560,1,68,34,34
49562,1,53,25,28
49563,1,245,211,34
49565,1,39,49,-10
49568,1,73,120,-47
49569,1,32,7,25
49573,1,47,22,25
49574,1,32,13,19
49575,1,3,4,-1
49580,1,141,120,21
49581,1,15,22,-7
49582,1,8,19,-11
49583,1,4,9,-5
49584,1,12,3,9
49586,1,143,97,46
49588,1,26,43,-17
49589,1,205,169,36
49593,1,5,44,-39
49596,1,109,116,-7
49598,1,61,13,48
49600,1,58,13,45
49601,1,14,54,-40
49602,1,40,59,-19
49603,1,26,9,17
49605,1,42,47,-5
49606,1,67,16,51
49609,1,19,7,12
49610,1,148,102,46
49614,1,86,72,14
49618,1,95,92,3
49619,1,27,31,-4
49620,1,29,11,18
49623,1,19,30,-11
49625,1,131,93,38
49626,1,18,39,-21
49627,1,13,10,3
49628,1,86,105,-19
49630,1,38,27,11
49632,1,9,21,-12
49634,1,5,37,-32
49636,1,9,49,-40
49637,1,10,26,-16
49640,1,48,23,25
49641,1,11,6,5
49643,1,29,43,-14
49644,1,131,89,42
49645,1,25,27,-2
49646,1,12,19,-7
49647,1,11,13,-2
49650,1,29,22,7
49651,1,33,59,-26
49654,1,66,28,38
49655,1,1,1,0
49658,1,86,50,36
49661,1,120,169,-49
49663,1,12,7,5
49664,1,7,7,0
49665,1,7,16,-9
49666,1,103,150,-47
49667,1,12,7,5
49668,1,21,13,8
49670,1,38,87,-49
49672,1,75,87,-12
49674,1,29,8,21
49681,1,18,8,10
49682,1,13,4,9
49683,1,71,32,39
49684,1,18,12,6
49686,1,22,11,11
49691,1,116,175,-59
49695,1,120,92,28
49698,1,49,32,17
49702,1,21,8,13
49703,1,7,0,7
49704,1,3,8,-5
49705,1,224,178,46
49707,1,49,47,2
49708,1,58,69,-11
49711,1,17,5,12
49714,1,131,166,-35
49718,1,40,9,31
49721,1,14,38,-24
49722,1,65,49,16
49724,1,15,32,-17
49726,1,3,12,-9
49727,1,10,7,3
49728,1,3,1,2
49729,1,30,17,13
49732,1,474,494,-20
49733,1,9,13,-4
49736,1,73,105,-32
49747,1,4,6,-2
49754,1,41,24,17
49756,1,11,37,-26
49760,1,9,15,-6
49761,1,13,17,-4
49763,1,33,38,-5
49765,1,79,29,50
49766,1,79,36,43
49775,1,49,60,-11
49776,1,40,48,-8
49780,1,2,11,-9
49783,1,12,64,-52
49786,1,23,8,15
49787,1,13,5,8
49788,1,148,117,31
49791,1,42,14,28
49792,1,45,60,-15
49794,1,3,7,-4
49795,1,14,18,-4
49797,1,56,13,43
49802,1,32,28,4
49804,1,38,24,14
49807,1,51,5,46
49810,1,6,0,6
49812,1,189,192,-3
49813,1,80,81,-1
49814,1,4,22,-18
49816,1,7,34,-27
49817,1,140,147,-7
49818,1,7,17,-10
49819,1,11,21,-10
49820,1,18,5,13
49821,1,10,3,7
49823,1,26,25,1
49831,1,5,17,-12
49832,1,31,25,6
49834,1,35,35,0
49836,1,23,30,-7
49837,1,22,10,12
49839,1,60,63,-3
49840,1,6,2,4
49841,1,30,73,-43
49842,1,154,114,40
49844,1,62,32,30
49850,1,20,2,18
49851,1,59,18,41
49853,1,10,4,6
49855,1,28,24,4
49857,1,31,60,-29
49858,1,21,23,-2
49863,1,36,57,-21
49865,1,9,15,-6
49869,1,24,26,-2
49870,1,35,51,-16
49873,1,24,67,-43
49874,1,7,6,1
49877,1,3977,3982,-5
49878,1,32,46,-14
49880,1,28,21,7
49881,1,108,92,16
49883,1,6,1,5
49886,1,16,5,11
49889,1,286,326,-40
49890,1,2,7,-5
49892,1,22,21,1
49893,1,331,347,-16
49894,1,19,34,-15
49896,1,134,166,-32
49899,1,199,209,-10
49900,1,1,9,-8
49902,1,220,197,23
49903,1,59,30,29
49904,1,158,117,41
49906,1,8,21,-13
49907,1,11,2,9
49908,1,123,71,52
49910,1,39,19,20
49911,1,78,27,51
49912,1,81,28,53
49914,1,56,34,22
49918,1,40,5,35
49921,1,231,233,-2
49922,1,16,25,-9
49924,1,6,10,-4
49926,1,484,515,-31
49927,1,51,34,17
49928,1,3,27,-24
49929,1,68,14,54
49932,1,23,52,-29
49933,1,72,27,45
49934,1,11,9,2
49935,1,5,14,-9
49938,1,72,26,46
49939,1,8,39,-31
49940,1,38,29,9
49942,1,12,52,-40
49944,1,45,30,15
49946,1,39,56,-17
49950,1,3,13,-10
49951,1,18,4,14
49957,1,6,10,-4
49959,1,2,3,-1
49961,1,47,14,33
49963,1,20,10,10
49964,1,5,1,4
49965,1,4,9,-5
49968,1,6,14,-8
49971,1,11,22,-11
49972,1,22,20,2
49975,1,139,140,-1
49976,1,7,7,0
49977,1,95,142,-47
49978,1,81,57,24
49980,1,44,18,26
49981,1,205,151,54
49983,1,235,182,53
49986,1,130,141,-11
49987,1,28,61,-33
49988,1,45,4,41
49989,1,27,42,-15
49991,1,21,2,19
49999,1,39,77,-38
