uid,variant_number,total_active_mins,active_mins_pre,active_mins_diff
0,0,43,70,-27
1,0,15205,19158,-3953
2,0,17,37,-20
3,0,77,108,-31
4,0,39,66,-27
5,0,174,21,153
6,0,26,12,14
7,0,21,34,-13
9,0,42,52,-10
10,0,127,74,53
11,0,142,96,46
13,0,17,29,-12
14,0,3,15,-12
15,0,35,1523,-1488
16,0,56,9,47
17,0,5462,717,4745
18,0,2,33,-31
19,0,551,228,323
20,0,77,127,-50
21,0,11,25,-14
22,0,19,10,9
23,0,58,61,-3
24,0,130,31,99
25,0,359,205,154
26,0,10,17,-7
27,0,13,73,-60
28,0,270,265,5
29,0,3787,3932,-145
30,0,771,726,45
31,0,42,74,-32
32,0,36,68,-32
33,0,96,25,71
34,0,72,79,-7
36,0,317,264,53
37,0,23,29,-6
38,0,1099,690,409
39,0,164,1063,-899
40,0,8,5,3
41,0,97,112,-15
42,0,1,8,-7
43,0,28,22,6
44,0,67,81,-14
45,0,3,31,-28
46,0,42,35,7
47,0,10,9,1
48,0,21,101,-80
49,0,13,4,9
50,0,123,477,-354
51,0,40,120,-80
52,0,1081,1733,-652
53,0,35,17,18
54,0,20,27,-7
55,0,2,16,-14
56,0,68,52,16
57,0,22,31,-9
58,0,607,401,206
59,0,14,50,-36
60,0,65,340,-275
61,0,3,28,-25
62,0,193,270,-77
63,0,37,30,7
64,0,20,10,10
65,0,248,508,-260
66,0,13,7,6
67,0,24,114,-90
68,0,2,6,-4
69,0,3117,3937,-820
70,0,29,22,7
71,0,111,76,35
72,0,38,23,15
73,0,1413,2234,-821
74,0,31,54,-23
75,0,188,88,100
76,0,30,14,16
77,0,34,14,20
79,0,2,11,-9
80,0,30,366,-336
81,0,91,3,88
82,0,26,18,8
83,0,21,24,-3
84,0,1385,463,922
85,0,16,4,12
86,0,207,412,-205
87,0,47,15,32
88,0,160,20,140
89,0,345,652,-307
90,0,20,12,8
91,0,45,23,22
92,0,119,42,77
93,0,54,12,42
95,0,3,25,-22
96,0,50,411,-361
97,0,18,49,-31
99,0,453,387,66
100,0,33,106,-73
101,0,1222,1414,-192
102,0,20,24,-4
103,0,512,556,-44
105,0,34,19,15
106,0,216,241,-25
107,0,46,94,-48
108,0,6,35,-29
109,0,186,157,29
110,0,33,27,6
112,0,447,452,-5
113,0,1,3,-2
114,0,13,9,4
115,0,3,70,-67
116,0,173,36,137
117,0,48,12,36
118,0,20,8,12
119,0,140,270,-130
120,0,290,184,106
121,0,87,102,-15
122,0,203,14,189
123,0,11645,116694,-105049
124,0,59,78,-19
125,0,6,35,-29
127,0,38,42,-4
128,0,6,95,-89
129,0,14,33,-19
130,0,14,83,-69
131,0,2,15,-13
132,0,86,9,77
133,0,11,1,10
134,0,102,180,-78
136,0,12,111,-99
137,0,3,2,1
138,0,3,10,-7
139,0,51,215,-164
140,0,31,40,-9
141,0,82,124,-42
142,0,307,141,166
143,0,42,9,33
144,0,4831,12471,-7640
145,0,29,5,24
146,0,1991,4068,-2077
147,0,9,7,2
148,0,22,0,22
149,0,1578,1486,92
150,0,927,1477,-550
151,0,3139,2274,865
152,0,194,133,61
154,0,80,50,30
156,0,540,802,-262
157,0,44,28,16
158,0,12,57,-45
159,0,13,9,4
160,0,5,8,-3
161,0,4,13,-9
162,0,88,96,-8
163,0,159,60,99
164,0,171,244,-73
165,0,6,13,-7
166,0,8,7,1
167,0,17,19,-2
170,0,15,184,-169
171,0,4,25,-21
172,0,15,23,-8
173,0,24,31,-7
174,0,2220,201,2019
175,0,102,79,23
176,0,61,50,11
177,0,30,35,-5
178,0,64,72,-8
179,0,48,74,-26
180,0,638,155,483
181,0,4,17,-13
182,0,1859,2240,-381
183,0,21,2,19
184,0,6,36,-30
185,0,1636,909,727
186,0,141,414,-273
187,0,58,35,23
188,0,11,15,-4
189,0,5,1,4
190,0,1807,1285,522
191,0,790,534,256
192,0,54,104,-50
193,0,46,65,-19
194,0,38,49,-11
195,0,35,50,-15
197,0,618,82,536
198,0,30,39,-9
199,0,2,16,-14
200,0,289,461,-172
201,0,66,79,-13
202,0,12,27,-15
203,0,5,18,-13
204,0,130,157,-27
205,0,47,4,43
206,0,64,56,8
207,0,563,678,-115
208,0,4,0,4
209,0,517,1624,-1107
210,0,442,495,-53
211,0,45,20,25
212,0,675,751,-76
213,0,6,0,6
214,0,162,450,-288
215,0,81,59,22
216,0,4250,934,3316
217,0,5,3,2
218,0,40,66,-26
219,0,73,158,-85
220,0,41,35,6
221,0,1733,682,1051
222,0,8,14,-6
223,0,30,24,6
224,0,13,18,-5
225,0,2370,2768,-398
226,0,99,61,38
227,0,147,149,-2
228,0,36,63,-27
229,0,1275,1570,-295
231,0,211,215,-4
232,0,546,269,277
233,0,15,32,-17
234,0,366,1080,-714
235,0,2446,158,2288
236,0,124,233,-109
237,0,75,76,-1
238,0,18,36,-18
239,0,15,14,1
240,0,1,2,-1
241,0,87,310,-223
242,0,11,41,-30
243,0,210,352,-142
245,0,3,12,-9
246,0,615,1147,-532
247,0,29,25,4
248,0,4181,502,3679
250,0,175,202,-27
251,0,734,586,148
252,0,20,19,1
253,0,2322,2069,253
254,0,405,400,5
255,0,35,118,-83
256,0,54,81,-27
257,0,4,33,-29
258,0,51,96,-45
259,0,1,25,-24
260,0,5,426,-421
262,0,75,63,12
263,0,2866,3920,-1054
264,0,63,65,-2
265,0,22,8,14
266,0,10,4,6
267,0,9,15,-6
268,0,567,464,103
269,0,61,35,26
270,0,27,170,-143
271,0,94,177,-83
272,0,3,3,0
273,0,544,468,76
274,0,166,247,-81
275,0,2,9,-7
276,0,5,4,1
277,0,98,29,69
278,0,184,122,62
279,0,138,309,-171
280,0,516,2121,-1605
281,0,392,70,322
282,0,429,113,316
283,0,208,222,-14
286,0,20,10,10
287,0,4,10,-6
288,0,22,102,-80
289,0,44,112,-68
290,0,108,108,0
292,0,40,18,22
293,0,2,60,-58
294,0,48,145,-97
295,0,19,10,9
296,0,5395,4370,1025
297,0,127,92,35
298,0,91,14,77
299,0,71,104,-33
300,0,152,8,144
301,0,37,47,-10
302,0,45,75,-30
303,0,127,174,-47
304,0,1149,7009,-5860
305,0,17,11,6
306,0,90,86,4
307,0,60,301,-241
308,0,45,42,3
309,0,37,59,-22
310,0,109,142,-33
311,0,1146,826,320
312,0,214,68,146
313,0,5,19,-14
314,0,13,1,12
315,0,1871,1961,-90
316,0,105,112,-7
317,0,622,90,532
318,0,7062,2724,4338
319,0,164,188,-24
323,0,139,18,121
324,0,10,199,-189
325,0,4,8,-4
326,0,242,291,-49
327,0,9,18,-9
328,0,28,66,-38
329,0,71,285,-214
330,0,20,54,-34
331,0,17,21,-4
332,0,9,1,8
333,0,25,28,-3
334,0,25,41,-16
335,0,53,52,1
336,0,44,63,-19
337,0,38,32,6
338,0,113,4,109
339,0,219,354,-135
340,0,115,217,-102
341,0,2,1,1
342,0,20,181,-161
343,0,564,505,59
344,0,36,108,-72
345,0,88,67,21
346,0,118,68,50
347,0,42,63,-21
348,0,92,24,68
349,0,8,4,4
350,0,17,22,-5
351,0,18,40,-22
352,0,9,1,8
353,0,318,101,217
354,0,22,32,-10
355,0,9,84,-75
356,0,80,70,10
357,0,48,28,20
358,0,515,561,-46
359,0,482,272,210
360,0,19,39,-20
361,0,2000,3369,-1369
362,0,16,4,12
363,0,104,164,-60
364,0,2,4,-2
365,0,786,2006,-1220
366,0,3014,4982,-1968
367,0,206,131,75
368,0,51,70,-19
369,0,646,1641,-995
370,0,118,265,-147
371,0,51,48,3
373,0,34,53,-19
374,0,9,2,7
375,0,130,122,8
376,0,15,2,13
377,0,539,907,-368
378,0,4144,1994,2150
379,0,156,58,98
380,0,16,30,-14
382,0,3,0,3
383,0,68,75,-7
384,0,12,18,-6
385,0,88,57,31
386,0,46,34,12
387,0,8503,9346,-843
388,0,1055,1407,-352
389,0,1701,835,866
390,0,40,243,-203
391,0,23,77,-54
392,0,83,47,36
393,0,159,131,28
394,0,1032,1172,-140
395,0,14,15,-1
396,0,9,105,-96
397,0,372,906,-534
398,0,76,67,9
399,0,10,64,-54
400,0,198,67,131
401,0,391,515,-124
402,0,194,201,-7
404,0,30,52,-22
405,0,207,64,143
406,0,64,22,42
407,0,64,165,-101
408,0,8040,7659,381
409,0,2,18,-16
410,0,8490,3249,5241
411,0,316,93,223
412,0,55,14,41
413,0,68,30,38
414,0,87,122,-35
415,0,18,21,-3
416,0,53,38,15
417,0,2835,2360,475
418,0,29,24,5
419,0,1,14,-13
420,0,2534,5025,-2491
421,0,146,198,-52
422,0,376,604,-228
423,0,1186,2319,-1133
424,0,5549,12974,-7425
425,0,5904,5757,147
426,0,1,41,-40
427,0,255,235,20
429,0,1386,1208,178
430,0,11,80,-69
431,0,2,27,-25
432,0,2,8,-6
433,0,23,17,6
434,0,32,110,-78
435,0,21,4,17
436,0,104,70,34
437,0,26,205,-179
438,0,149,120,29
439,0,7783,70,7713
441,0,39,51,-12
442,0,32,36,-4
443,0,85,63,22
444,0,1,39,-38
445,0,5337,6638,-1301
446,0,10,16,-6
447,0,49,115,-66
448,0,1476,945,531
449,0,4,6,-2
450,0,81,24,57
451,0,44,161,-117
452,0,21,13,8
453,0,23,9,14
454,0,119,226,-107
455,0,13,18,-5
456,0,18,40,-22
457,0,2881,5922,-3041
458,0,71,8,63
459,0,18,243,-225
460,0,7,57,-50
461,0,46,77,-31
462,0,39,33,6
463,0,15,1,14
464,0,215,34,181
465,0,13,30,-17
466,0,5,16,-11
467,0,454,68,386
469,0,588,2051,-1463
470,0,51,71,-20
471,0,4,4,0
472,0,36,7,29
473,0,107,118,-11
474,0,54,12,42
475,0,24,20,4
476,0,9,19,-10
477,0,125,322,-197
478,0,57,74,-17
479,0,359,210,149
480,0,202,245,-43
481,0,25,17,8
482,0,5,27,-22
483,0,25,13,12
484,0,37,1,36
485,0,23,9,14
486,0,179,288,-109
487,0,11,20,-9
488,0,19,117,-98
489,0,4,204,-200
490,0,26,44,-18
491,0,67,80,-13
492,0,111,137,-26
493,0,434,463,-29
494,0,196,4237,-4041
495,0,34,49,-15
496,0,129,37,92
497,0,166,652,-486
498,0,15,30,-15
499,0,50,70,-20
500,0,22,85,-63
501,0,5,21,-16
502,0,11,20,-9
503,0,3484,6901,-3417
504,0,12,19,-7
506,0,31,35,-4
507,0,149,202,-53
508,0,74,26,48
509,0,1,50,-49
510,0,13,85,-72
511,0,42,58,-16
512,0,182,44,138
513,0,239,96,143
514,0,2471,3162,-691
515,0,789,228,561
516,0,62,25,37
517,0,20,10,10
518,0,16,8,8
519,0,1,11,-10
520,0,173,65,108
521,0,4,11,-7
522,0,38,72,-34
523,0,46,276,-230
525,0,5,32,-27
526,0,9,20,-11
527,0,63,52,11
528,0,15,12,3
529,0,41,41,0
530,0,90,402,-312
531,0,193,177,16
532,0,26,70,-44
533,0,25,20,5
534,0,59,235,-176
535,0,110,111,-1
536,0,46,75,-29
537,0,230,292,-62
538,0,341,998,-657
539,0,4,27,-23
540,0,3,22,-19
541,0,747,1556,-809
542,0,277,261,16
543,0,875,470,405
544,0,5838,5360,478
545,0,139,47,92
546,0,34,22,12
547,0,91,122,-31
548,0,21594,12732,8862
549,0,130,164,-34
550,0,507,216,291
551,0,31,73,-42
552,0,3,11,-8
553,0,354,2897,-2543
554,0,27,4,23
555,0,37,702,-665
556,0,7035,2046,4989
558,0,156,15,141
559,0,21,25,-4
560,0,51,111,-60
561,0,645,5312,-4667
562,0,1,4,-3
563,0,96,11,85
564,0,86,276,-190
566,0,157,230,-73
567,0,6,16,-10
568,0,102,17,85
569,0,85,86,-1
570,0,79,15,64
571,0,133,131,2
572,0,26,15,11
573,0,200,356,-156
574,0,5,2,3
575,0,398,804,-406
576,0,1,1,0
577,0,49,1,48
578,0,153,71,82
579,0,226,3480,-3254
580,0,19,13,6
581,0,8,27,-19
582,0,4,13,-9
583,0,16,17,-1
584,0,12,75,-63
585,0,591,703,-112
586,0,188,350,-162
587,0,28,33,-5
589,0,70,134,-64
590,0,33,13,20
591,0,204,562,-358
592,0,855,1134,-279
593,0,14,18,-4
594,0,67,165,-98
595,0,52,52,0
596,0,112,100,12
597,0,57,91,-34
598,0,18,54,-36
599,0,61,57,4
600,0,10,387,-377
601,0,16,29,-13
602,0,9,11,-2
603,0,76,54,22
605,0,207,247,-40
606,0,293,106,187
607,0,111,23,88
608,0,826,488,338
609,0,3,17,-14
610,0,151,617,-466
611,0,81,78,3
612,0,107,84,23
613,0,14,6,8
614,0,63,130,-67
616,0,5,2,3
617,0,132,191,-59
618,0,83,80,3
619,0,4,79,-75
620,0,180,158,22
621,0,233,103,130
622,0,3732,1241,2491
623,0,224,579,-355
624,0,84,100,-16
625,0,4,7,-3
626,0,11,19,-8
628,0,32,29,3
629,0,6,22,-16
630,0,5,17,-12
631,0,59,201,-142
632,0,43,64,-21
633,0,136,79,57
635,0,40,16,24
636,0,32,60,-28
637,0,200,222,-22
638,0,234,106,128
639,0,162,260,-98
640,0,14,2,12
641,0,384,329,55
642,0,12,30,-18
643,0,8,13,-5
644,0,21,40,-19
646,0,7,2,5
647,0,35,30,5
648,0,13,18,-5
649,0,59,755,-696
650,0,10,174,-164
651,0,4,6,-2
652,0,23,18,5
655,0,26,4,22
656,0,3,2,1
657,0,30,35,-5
658,0,20,7,13
659,0,49,10,39
660,0,2771,1735,1036
662,0,144,196,-52
663,0,70,47,23
664,0,12,32,-20
665,0,471,453,18
666,0,28,144,-116
667,0,35,107,-72
668,0,5429,4203,1226
669,0,32,24,8
670,0,5,22,-17
671,0,3,40,-37
672,0,61,117,-56
673,0,179,69,110
674,0,5768,7698,-1930
675,0,38,25,13
676,0,244,357,-113
677,0,128,118,10
678,0,151,161,-10
679,0,73,39,34
680,0,25,66,-41
681,0,54,64,-10
682,0,126,91,35
683,0,13376,12638,738
684,0,11,36,-25
685,0,36,79,-43
686,0,162,187,-25
687,0,111,79,32
688,0,80,287,-207
689,0,43,82,-39
690,0,101,276,-175
691,0,103,193,-90
692,0,1167,678,489
693,0,170,109,61
694,0,10,24,-14
695,0,2,59,-57
697,0,142,179,-37
698,0,756,1725,-969
699,0,342,444,-102
700,0,7,68,-61
701,0,23,10,13
702,0,26,61,-35
703,0,13,73,-60
704,0,9,64,-55
705,0,90,85,5
706,0,4,3,1
707,0,1370,5802,-4432
708,0,63,57,6
709,0,388,860,-472
710,0,121,39,82
711,0,35,43,-8
712,0,6,16,-10
713,0,778,570,208
714,0,369,766,-397
715,0,27,70,-43
716,0,25,54,-29
717,0,1,15,-14
718,0,21,10,11
719,0,7,9,-2
721,0,354,159,195
722,0,121,5,116
723,0,23,36,-13
724,0,164,414,-250
725,0,30,21,9
726,0,76,45,31
727,0,14,10,4
728,0,6,88,-82
729,0,53,90,-37
730,0,16,124,-108
731,0,33,28,5
732,0,926,746,180
733,0,852,542,310
734,0,27,14,13
735,0,149,268,-119
736,0,107,72,35
737,0,18,48,-30
738,0,1932,64,1868
739,0,989,805,184
740,0,256,230,26
741,0,92,129,-37
742,0,54,42,12
743,0,1269,582,687
745,0,135,29,106
746,0,3,45,-42
747,0,302,362,-60
748,0,42,14,28
750,0,16,3,13
751,0,9,15,-6
752,0,40,70,-30
753,0,42,14,28
754,0,16,21,-5
755,0,42,456,-414
757,0,408,249,159
758,0,87,83,4
759,0,293,175,118
760,0,106,14,92
761,0,38,33,5
762,0,10,12,-2
763,0,18,1097,-1079
764,0,2,5,-3
765,0,918,682,236
766,0,4233,4047,186
767,0,169,47,122
768,0,342,603,-261
769,0,61,3,58
770,0,35,65,-30
771,0,222,134,88
772,0,275,2,273
773,0,639,23,616
774,0,745,537,208
775,0,37,14,23
776,0,552,2842,-2290
777,0,51,123,-72
778,0,28,80,-52
779,0,2,4,-2
780,0,3,89,-86
781,0,50,82,-32
782,0,64,83,-19
783,0,52,27,25
784,0,75,20,55
785,0,34,24,10
786,0,31,27,4
787,0,55,60,-5
788,0,78,160,-82
789,0,43,635,-592
790,0,20,14,6
791,0,1,20,-19
792,0,407,250,157
793,0,99,116,-17
794,0,12,31,-19
795,0,91,30,61
796,0,17,18,-1
797,0,55,33,22
798,0,2,51,-49
799,0,463,736,-273
800,0,12,10,2
801,0,32,26,6
802,0,29,26,3
803,0,186,252,-66
804,0,2,0,2
806,0,8,93,-85
807,0,21,5,16
808,0,16,9,7
809,0,49,72,-23
810,0,22,4,18
811,0,25,26,-1
812,0,1878,15834,-13956
813,0,36,67,-31
814,0,87,49,38
815,0,1079,266,813
816,0,149,87,62
817,0,4,8,-4
818,0,13,46,-33
819,0,2,16,-14
820,0,299,83,216
821,0,4,57,-53
822,0,27,33,-6
823,0,1,38,-37
824,0,51,48,3
825,0,36,26,10
826,0,47,2,45
827,0,382,190,192
828,0,2,37,-35
829,0,5,5,0
830,0,484,312,172
831,0,112,13,99
832,0,200,148,52
833,0,37,22,15
834,0,200,173,27
835,0,23,205,-182
836,0,132,136,-4
837,0,681,439,242
838,0,44,163,-119
839,0,197,51,146
841,0,78,25,53
842,0,27,43,-16
843,0,468,709,-241
844,0,2,2,0
845,0,204,434,-230
846,0,32,90,-58
847,0,80,68,12
848,0,397,328,69
849,0,122,22,100
850,0,5201,8400,-3199
851,0,12,40,-28
852,0,23,29,-6
855,0,39,13,26
858,0,4,40,-36
859,0,10,1,9
861,0,5,6,-1
862,0,18,23,-5
863,0,61,75,-14
864,0,37,69,-32
865,0,127,66,61
866,0,10,189,-179
867,0,39,94,-55
868,0,1,7,-6
869,0,121,40,81
871,0,4385,7041,-2656
872,0,8,22,-14
873,0,3,13,-10
874,0,22,33,-11
875,0,8,4,4
876,0,27,70,-43
877,0,31,166,-135
878,0,74,118,-44
879,0,71,122,-51
880,0,112,71,41
881,0,18,26,-8
882,0,318,477,-159
883,0,27,52,-25
884,0,4279,1140,3139
885,0,11,47,-36
886,0,278,427,-149
887,0,11,147,-136
888,0,21,114,-93
889,0,1741,1209,532
890,0,34,21,13
891,0,113,270,-157
892,0,4,10,-6
893,0,124,93,31
894,0,43,368,-325
896,0,2,4,-2
897,0,882,147,735
898,0,67,36,31
899,0,15,44,-29
900,0,210,215,-5
901,0,3,19,-16
902,0,21,55,-34
903,0,55,19,36
904,0,42,17,25
905,0,32,63,-31
906,0,74,131,-57
907,0,1758,1746,12
908,0,3,27,-24
910,0,12,49,-37
911,0,168,140,28
912,0,59,34,25
913,0,221,320,-99
914,0,42,54,-12
915,0,128,1207,-1079
916,0,1039,2341,-1302
918,0,7,42,-35
919,0,20,23,-3
920,0,57,64,-7
921,0,2,3,-1
922,0,1,16,-15
923,0,79,30,49
924,0,823,880,-57
925,0,461,345,116
926,0,40,73,-33
927,0,24,45,-21
928,0,72,70,2
930,0,242,149,93
931,0,18,26,-8
932,0,128,254,-126
933,0,37,29,8
934,0,59,53,6
935,0,5,25,-20
936,0,6,6,0
937,0,298,87,211
938,0,3,9,-6
939,0,10719,12997,-2278
941,0,31,46,-15
942,0,203,343,-140
943,0,236,1115,-879
945,0,23,161,-138
946,0,50,108,-58
947,0,300,446,-146
948,0,4,10,-6
950,0,15,26,-11
951,0,394,1390,-996
952,0,230,134,96
953,0,238,1094,-856
954,0,16,4,12
955,0,15,6,9
956,0,29,54,-25
957,0,178,144,34
958,0,45,60,-15
959,0,10,41,-31
960,0,16,98,-82
961,0,156,134,22
962,0,18,27,-9
963,0,80,28,52
964,0,57,22,35
965,0,48,19,29
967,0,138,41,97
968,0,150,41,109
970,0,10,21,-11
971,0,369,363,6
972,0,18,20,-2
973,0,28,59,-31
974,0,36,67,-31
975,0,1658,1131,527
976,0,362,586,-224
977,0,112,48,64
978,0,103,133,-30
979,0,16,41,-25
980,0,9,6,3
981,0,1053,2512,-1459
982,0,211,1406,-1195
983,0,488,526,-38
984,0,88,49,39
985,0,8,15,-7
986,0,19,92,-73
987,0,6,16,-10
988,0,38,74,-36
989,0,126,27,99
990,0,722,179,543
991,0,8,19,-11
992,0,38,26,12
993,0,11,22,-11
994,0,11,27,-16
995,0,1,62,-61
996,0,317,228,89
997,0,267,134,133
998,0,49,39,10
999,0,68,30,38
1001,0,5,13,-8
1002,0,1,3,-2
1003,0,78,298,-220
1004,0,116,59,57
1006,0,4,58,-54
1007,0,116,46,70
1008,0,24,3,21
1009,0,15,75,-60
1010,0,899,572,327
1011,0,2,209,-207
1012,0,9,1,8
1013,0,81,67,14
1014,0,213,223,-10
1015,0,152,47,105
1016,0,11,28,-17
1017,0,16,41,-25
1018,0,11,9,2
1019,0,11,12,-1
1020,0,15,37,-22
1021,0,1068,515,553
1022,0,91,449,-358
1023,0,1548,2343,-795
1024,0,33,52,-19
1025,0,99,193,-94
1026,0,53,110,-57
1027,0,94,252,-158
1028,0,824,371,453
1029,0,2473,3551,-1078
1030,0,1188,1222,-34
1031,0,158,42,116
1032,0,5,2,3
1033,0,65,94,-29
1034,0,88,138,-50
1035,0,2133,2264,-131
1036,0,2858,3592,-734
1037,0,362,602,-240
1038,0,18,14,4
1039,0,2105,2158,-53
1040,0,27,38,-11
1041,0,1064,1960,-896
1042,0,735,407,328
1043,0,90,39,51
1044,0,172,448,-276
1045,0,268,37,231
1046,0,11,19,-8
1047,0,3909,2461,1448
1048,0,33,266,-233
1049,0,390,74,316
1051,0,20,27,-7
1052,0,20,26,-6
1053,0,3614,7471,-3857
1054,0,29,21,8
1055,0,8,62,-54
1056,0,4,4,0
1057,0,170,182,-12
1058,0,12,25,-13
1059,0,214,138,76
1060,0,76,32,44
1061,0,91,69,22
1062,0,1046,694,352
1063,0,203,1162,-959
1064,0,124,490,-366
1065,0,516,58,458
1066,0,2,5,-3
1068,0,3,6,-3
1069,0,545,252,293
1070,0,226,291,-65
1072,0,193,260,-67
1073,0,1476,601,875
1074,0,2,35,-33
1075,0,90,76,14
1076,0,12,29,-17
1077,0,1052,735,317
1078,0,5,51,-46
1079,0,6,4,2
1080,0,6344,9356,-3012
1081,0,2657,2725,-68
1082,0,25,4,21
1083,0,13,33,-20
1084,0,59,40,19
1085,0,9,3,6
1086,0,173,189,-16
1088,0,71,155,-84
1089,0,8,12,-4
1090,0,49,531,-482
1091,0,4,4,0
1092,0,4,1,3
1093,0,471,179,292
1094,0,20,1,19
1095,0,31,68,-37
1096,0,146,252,-106
1097,0,11,5,6
1098,0,66,57,9
1099,0,20,10,10
1100,0,8,30,-22
1101,0,6,12,-6
1102,0,111,64,47
1103,0,15,37,-22
1104,0,3,3,0
1105,0,22,20,2
1106,0,713,75,638
1107,0,221,119,102
1108,0,13,19,-6
1109,0,259,578,-319
1110,0,111,130,-19
1111,0,22,20,2
1112,0,8,17,-9
1113,0,2,17,-15
1114,0,113,45,68
1115,0,2285,3496,-1211
1116,0,3,58,-55
1117,0,4554,19894,-15340
1118,0,86,186,-100
1119,0,34,87,-53
1120,0,378,1210,-832
1121,0,15,13,2
1122,0,27,42,-15
1123,0,225,1059,-834
1124,0,653,221,432
1125,0,110,12,98
1126,0,10,21,-11
1127,0,11,10,1
1128,0,2174,4029,-1855
1129,0,25,11,14
1130,0,231,162,69
1131,0,10,6,4
1132,0,41,34,7
1133,0,15,17,-2
1135,0,18,5,13
1136,0,20,141,-121
1137,0,36,44,-8
1138,0,405,617,-212
1139,0,33,17,16
1140,0,210,148,62
1141,0,9,15,-6
1142,0,2700,3059,-359
1143,0,8,18,-10
1144,0,32,55,-23
1145,0,6,23,-17
1146,0,1,7,-6
1147,0,4368,6516,-2148
1148,0,91,105,-14
1149,0,367,81,286
1150,0,53,89,-36
1151,0,1,5,-4
1152,0,47,20,27
1153,0,90,28,62
1154,0,36,39,-3
1155,0,64,15,49
1156,0,15,4,11
1158,0,282,186,96
1159,0,146,722,-576
1160,0,18,9,9
1161,0,5767,1437,4330
1162,0,2,11,-9
1163,0,115,138,-23
1164,0,37,18,19
1165,0,21,26,-5
1166,0,162,57,105
1167,0,8776,11820,-3044
1168,0,1,4,-3
1169,0,6752,2073,4679
1170,0,16,2,14
1171,0,52,222,-170
1172,0,191,699,-508
1173,0,20,56,-36
1174,0,5,36,-31
1175,0,176,221,-45
1176,0,19,20,-1
1177,0,2477,1237,1240
1178,0,883,913,-30
1179,0,389,39,350
1181,0,61,42,19
1182,0,151,27,124
1183,0,339,831,-492
1184,0,3,28,-25
1185,0,37,627,-590
1186,0,255,186,69
1187,0,134,885,-751
1188,0,1190,804,386
1189,0,54,27,27
1190,0,5,43,-38
1191,0,30,23,7
1193,0,3,50,-47
1194,0,156,238,-82
1195,0,17,67,-50
1196,0,78,155,-77
1198,0,8,17,-9
1199,0,19,39,-20
1200,0,21,29,-8
1201,0,3,100,-97
1202,0,1131,411,720
1203,0,58,56,2
1204,0,60,229,-169
1206,0,1591,1909,-318
1207,0,72,233,-161
1208,0,24,5,19
1209,0,14,14,0
1211,0,5,10,-5
1212,0,1,5,-4
1213,0,7,43,-36
1214,0,20,32,-12
1215,0,25,33,-8
1216,0,253,208,45
1217,0,3,12,-9
1218,0,23,27,-4
1219,0,120583,223414,-102831
1220,0,4,24,-20
1221,0,368,188,180
1222,0,16,19,-3
1223,0,71,69,2
1224,0,122,66,56
1225,0,2473,1848,625
1226,0,67,185,-118
1227,0,42,12,30
1229,0,10707,13778,-3071
1230,0,11,13,-2
1231,0,61,112,-51
1233,0,298,86,212
1234,0,71,137,-66
1235,0,9,3,6
1236,0,11,13,-2
1237,0,3,8,-5
1239,0,16,77,-61
1240,0,198,230,-32
1241,0,730,995,-265
1242,0,153,272,-119
1243,0,22,20,2
1244,0,106,105,1
1245,0,1,1,0
1246,0,9,59,-50
1247,0,94,703,-609
1248,0,41,107,-66
1249,0,815,669,146
1250,0,26,37,-11
1251,0,15,25,-10
1252,0,3280,2773,507
1253,0,658,354,304
1254,0,158,105,53
1255,0,2397,10179,-7782
1256,0,790,1163,-373
1257,0,4,11,-7
1258,0,18,7,11
1259,0,49,34,15
1260,0,1258,738,520
1261,0,194,398,-204
1263,0,133,53,80
1264,0,65,71,-6
1265,0,3866,5102,-1236
1267,0,2,14,-12
1268,0,8,14,-6
1269,0,41,2,39
1270,0,58,82,-24
1271,0,615,950,-335
1272,0,2574,4410,-1836
1273,0,513,232,281
1274,0,69,135,-66
1275,0,403,215,188
1276,0,172,39,133
1277,0,322,2199,-1877
1278,0,5,33,-28
1279,0,4,2,2
1280,0,69,43,26
1281,0,24,3,21
1283,0,229,443,-214
1285,0,3767,3126,641
1286,0,66,28,38
1287,0,19,45,-26
1288,0,131,187,-56
1289,0,59,217,-158
1290,0,36,15,21
1291,0,148,275,-127
1293,0,626,584,42
1294,0,62,93,-31
1295,0,6485,6793,-308
1296,0,4,7,-3
1297,0,5,6,-1
1298,0,65,33,32
1299,0,719,1350,-631
1301,0,152,112,40
1303,0,7,5,2
1304,0,26,43,-17
1305,0,187,68,119
1306,0,2,10,-8
1307,0,32,78,-46
1308,0,1396,104470,-103074
1309,0,11,16,-5
1310,0,22,27,-5
1311,0,5,71,-66
1312,0,30,55,-25
1313,0,3901,5323,-1422
1314,0,129,149,-20
1315,0,40,86,-46
1316,0,18,40,-22
1318,0,115,192,-77
1319,0,54,73,-19
1320,0,3,5,-2
1321,0,240,91,149
1322,0,14,14,0
1323,0,48,47,1
1324,0,24,5,19
1325,0,76,231,-155
1326,0,60,34,26
1327,0,72,89,-17
1328,0,2213,1604,609
1329,0,514,850,-336
1330,0,938,91,847
1331,0,8,58,-50
1332,0,23,4,19
1333,0,3172,3526,-354
1334,0,6847,8608,-1761
1335,0,1590,1430,160
1337,0,101,15,86
1338,0,2455,714,1741
1339,0,178,16,162
1341,0,47,68,-21
1342,0,30,72,-42
1343,0,1938,1642,296
1344,0,8,53,-45
1345,0,33,27,6
1346,0,31,9,22
1347,0,4,20,-16
1349,0,124,269,-145
1350,0,10,30,-20
1351,0,41,59,-18
1352,0,15,15,0
1353,0,1425,150,1275
1354,0,9,15,-6
1355,0,396,539,-143
1356,0,4,19,-15
1357,0,47,137,-90
1358,0,146,336,-190
1359,0,178,7,171
1360,0,5,18,-13
1361,0,22,48,-26
1362,0,89,275,-186
1363,0,33,44,-11
1364,0,24,362,-338
1365,0,116,157,-41
1366,0,15,18,-3
1368,0,40,21,19
1369,0,21,10,11
1370,0,22,11,11
1371,0,17,62,-45
1372,0,98,23,75
1373,0,33,193,-160
1374,0,50,19,31
1375,0,6275,5388,887
1376,0,3,9,-6
1377,0,14,20,-6
1378,0,219,348,-129
1379,0,12,35,-23
1380,0,141,304,-163
1381,0,4,0,4
1382,0,241,151,90
1383,0,345,214,131
1384,0,37,101,-64
1385,0,14,63,-49
1386,0,66,102,-36
1387,0,63,12,51
1388,0,32,62,-30
1389,0,2609,3998,-1389
1390,0,288,641,-353
1391,0,33,54,-21
1392,0,3,12,-9
1393,0,14,81,-67
1394,0,694,2325,-1631
1395,0,24,14,10
1396,0,391,110,281
1397,0,20,30,-10
1398,0,1693,4884,-3191
1399,0,12,11,1
1400,0,5,6,-1
1401,0,32,2,30
1402,0,17,6,11
1403,0,39,131,-92
1404,0,2,9,-7
1405,0,28,34,-6
1406,0,1,12,-11
1407,0,8,10,-2
1408,0,30,63,-33
1409,0,21,21,0
1410,0,149,17,132
1411,0,5,8,-3
1412,0,271,1492,-1221
1413,0,2,3,-1
1414,0,7876,9981,-2105
1415,0,29,32,-3
1416,0,34,85,-51
1417,0,2576,5639,-3063
1418,0,163,64,99
1419,0,67,96,-29
1420,0,24,0,24
1421,0,173,167,6
1422,0,339,524,-185
1423,0,19,41,-22
1424,0,275,664,-389
1425,0,2429,708,1721
1426,0,2825,495,2330
1427,0,44,73,-29
1428,0,1,26,-25
1429,0,485,548,-63
1430,0,46,35,11
1431,0,33,17,16
1432,0,295,111,184
1433,0,126,71,55
1434,0,2054,1917,137
1435,0,34,25,9
1436,0,20,8,12
1437,0,63,425,-362
1438,0,786,484,302
1439,0,36,56,-20
1440,0,4,7,-3
1441,0,44,53,-9
1442,0,11,32,-21
1443,0,2,14,-12
1444,0,524,253,271
1445,0,63,22,41
1446,0,25,25,0
1447,0,1735,1934,-199
1449,0,47,62,-15
1450,0,2244,716,1528
1451,0,4094,843,3251
1452,0,388,272,116
1453,0,30,43,-13
1455,0,401,662,-261
1456,0,272,369,-97
1457,0,11,21,-10
1458,0,77,47,30
1459,0,2715,3804,-1089
1460,0,1,22,-21
1461,0,42,62,-20
1462,0,1185,620,565
1463,0,95,108,-13
1464,0,460,363,97
1465,0,873,1722,-849
1466,0,18,134,-116
1467,0,12,48,-36
1468,0,11,9,2
1469,0,38,32,6
1470,0,124,55,69
1471,0,71,14,57
1472,0,7216,4769,2447
1473,0,14,34,-20
1474,0,4,4,0
1475,0,375,909,-534
1476,0,18,35,-17
1477,0,10,30,-20
1478,0,27,6,21
1479,0,756,2005,-1249
1480,0,3,16,-13
1481,0,67,177,-110
1482,0,20,22,-2
1483,0,281,363,-82
1484,0,2201,1936,265
1485,0,36,1,35
1486,0,8,10,-2
1487,0,70,56,14
1488,0,77,51,26
1489,0,65,371,-306
1490,0,119,108,11
1491,0,8,15,-7
1492,0,50,66,-16
1493,0,259,1406,-1147
1494,0,12,37,-25
1495,0,3598,6716,-3118
1496,0,7,26,-19
1497,0,51,28,23
1498,0,46,51,-5
1499,0,13,68,-55
1500,0,1281,299,982
1501,0,16,90,-74
1502,0,34,24,10
1503,0,26,24,2
1504,0,99,18,81
1505,0,13,16,-3
1506,0,11,59,-48
1507,0,263,383,-120
1508,0,32,7,25
1509,0,49,94,-45
1510,0,129,126,3
1511,0,174,85,89
1512,0,1645,2021,-376
1513,0,259,100,159
1514,0,27,138,-111
1515,0,77,90,-13
1516,0,57,49,8
1517,0,8,2,6
1518,0,10,18,-8
1519,0,9,16,-7
1520,0,17,33,-16
1521,0,14,16,-2
1522,0,50,47,3
1523,0,8,8,0
1525,0,10,56,-46
1526,0,33,57,-24
1527,0,13,23,-10
1528,0,55,132,-77
1529,0,25,18,7
1531,0,96,72,24
1532,0,131,20,111
1533,0,26,41,-15
1534,0,59,48,11
1535,0,135,216,-81
1536,0,7,26,-19
1537,0,50,58,-8
1538,0,2,1,1
1539,0,4,9,-5
1540,0,5,4,1
1541,0,103,52,51
1543,0,705,321,384
1544,0,69,75,-6
1545,0,31,15,16
1546,0,121,54,67
1547,0,8,61,-53
1548,0,187,914,-727
1549,0,1,13,-12
1550,0,121,32,89
1552,0,54,23,31
1555,0,24,82,-58
1556,0,605,223,382
1557,0,25,11,14
1558,0,182,589,-407
1559,0,41,37,4
1560,0,1,4,-3
1561,0,41,11,30
1562,0,171,303,-132
1563,0,60,107,-47
1564,0,30,19,11
1565,0,279,223,56
1566,0,21,27,-6
1567,0,965,1450,-485
1568,0,24,54,-30
1569,0,78,409,-331
1570,0,59,52,7
1571,0,10,8,2
1572,0,15,127,-112
1573,0,72,24,48
1574,0,8,20,-12
1575,0,93,158,-65
1576,0,21,10,11
1577,0,39,54,-15
1578,0,179,1970,-1791
1580,0,108,80,28
1581,0,24,26,-2
1582,0,12,8,4
1583,0,715,286,429
1584,0,17,16,1
1585,0,273,264,9
1586,0,28,24,4
1587,0,103,97,6
1588,0,88,103,-15
1589,0,541,927,-386
1590,0,294,1017,-723
1591,0,10,9,1
1592,0,88,31,57
1593,0,109,899,-790
1594,0,11,42,-31
1595,0,660,704,-44
1596,0,20,26,-6
1597,0,527,145,382
1598,0,42,9,33
1599,0,160,239,-79
1600,0,157,379,-222
1601,0,24,9,15
1602,0,1150,584,566
1603,0,36,12,24
1604,0,1242,3532,-2290
1605,0,556,520,36
1606,0,3061,1590,1471
1609,0,194,94,100
1610,0,94,126,-32
1611,0,109,242,-133
1612,0,56,218,-162
1613,0,146,28,118
1614,0,43,22,21
1615,0,21,38,-17
1616,0,160,129,31
1617,0,37,51,-14
1618,0,295,287,8
1619,0,47,62,-15
1620,0,314,44,270
1621,0,57,53,4
1622,0,60,50,10
1623,0,115,80,35
1624,0,3,18,-15
1625,0,69,93,-24
1626,0,800,1020,-220
1627,0,86,15,71
1628,0,4,27,-23
1629,0,28,36,-8
1630,0,287,151,136
1631,0,5,2,3
1632,0,150,214,-64
1633,0,281,28,253
1634,0,5,4,1
1635,0,224,102,122
1636,0,31,21,10
1637,0,59,92,-33
1638,0,1,1,0
1639,0,15,30,-15
1640,0,8736,8119,617
1641,0,108,187,-79
1642,0,22,35,-13
1643,0,85,129,-44
1644,0,127,117,10
1645,0,24,140,-116
1646,0,89,63,26
1647,0,121,165,-44
1648,0,16,7,9
1649,0,2,25,-23
1650,0,16,28,-12
1651,0,20,25,-5
1652,0,58,1,57
1653,0,80,22,58
1654,0,885,1441,-556
1655,0,205,173,32
1656,0,6,2,4
1657,0,93,34,59
1658,0,30,21,9
1660,0,73,158,-85
1661,0,451,841,-390
1663,0,5,33,-28
1664,0,45,14,31
1665,0,19,17,2
1666,0,679,706,-27
1667,0,655,880,-225
1668,0,7,4,3
1669,0,29,300,-271
1670,0,255,205,50
1672,0,17,31,-14
1673,0,219,141,78
1674,0,10,27,-17
1675,0,1223,1929,-706
1676,0,62,33,29
1677,0,135,313,-178
1678,0,7,11,-4
1680,0,95,205,-110
1681,0,94,44,50
1682,0,93,114,-21
1683,0,28,100,-72
1684,0,1,0,1
1685,0,70,33,37
1686,0,21,16,5
1687,0,293,577,-284
1688,0,336,1067,-731
1689,0,30,13,17
1690,0,58,55,3
1691,0,59,18,41
1692,0,89,243,-154
1693,0,1,6,-5
1694,0,103,73,30
1695,0,35,69,-34
1696,0,50,28,22
1697,0,10,136,-126
1698,0,29,12,17
1699,0,96,49,47
1700,0,7,19,-12
1701,0,69,55,14
1702,0,2162,2033,129
1703,0,468,659,-191
1704,0,33,73,-40
1705,0,307,79,228
1706,0,86,116,-30
1707,0,16,60,-44
1709,0,418,52,366
1710,0,58,119,-61
1711,0,70,45,25
1712,0,54,119,-65
1713,0,20,198,-178
1714,0,155,160,-5
1716,0,2,3,-1
1717,0,97,64,33
1718,0,31,14,17
1719,0,3,16,-13
1720,0,18,29,-11
1721,0,3663,1657,2006
1722,0,143,173,-30
1723,0,522,581,-59
1725,0,372,353,19
1726,0,78,72,6
1727,0,3,2,1
1728,0,6,21,-15
1729,0,42,25,17
1730,0,29,53,-24
1732,0,223,56,167
1733,0,620,1336,-716
1734,0,138,167,-29
1735,0,35,47,-12
1736,0,4,17,-13
1737,0,90,7,83
1738,0,119167,2289,116878
1739,0,4,8,-4
1740,0,6,6,0
1741,0,4,15,-11
1742,0,5,88,-83
1743,0,4,11,-7
1744,0,939,1138,-199
1745,0,279,1094,-815
1746,0,68,19,49
1747,0,26,64,-38
1748,0,29,126,-97
1749,0,1,1,0
1750,0,4,6,-2
1751,0,45,74,-29
1752,0,16,174,-158
1753,0,23,40,-17
1754,0,151,55,96
1755,0,2082,235,1847
1756,0,128,69,59
1757,0,12,7,5
1758,0,60,215,-155
1760,0,131,58,73
1761,0,874,1179,-305
1762,0,875,456,419
1763,0,2,2,0
1764,0,278,168,110
1765,0,7,20,-13
1766,0,1,17,-16
1767,0,62,56,6
1768,0,220,338,-118
1769,0,515,4062,-3547
1771,0,83,44,39
1772,0,10,56,-46
1773,0,378,1057,-679
1774,0,61,21,40
1775,0,23,6,17
1776,0,1,2,-1
1777,0,8,35,-27
1778,0,1634,1743,-109
1779,0,262,128,134
1780,0,27,67,-40
1781,0,2660,685,1975
1782,0,152,113,39
1784,0,88,98,-10
1786,0,174,282,-108
1787,0,193,183,10
1788,0,63,36,27
1789,0,11,30,-19
1790,0,11,26,-15
1791,0,52,433,-381
1792,0,1167,1149,18
1793,0,6,23,-17
1794,0,189,308,-119
1795,0,10,32,-22
1796,0,3,2,1
1797,0,11,78,-67
1798,0,104,20,84
1799,0,403,740,-337
1800,0,68,3,65
1801,0,27,28,-1
1802,0,62,71,-9
1803,0,1697,5012,-3315
1804,0,14,14,0
1805,0,212,229,-17
1806,0,15,57,-42
1807,0,82,75,7
1808,0,26,10,16
1809,0,108,89,19
1810,0,727,195,532
1811,0,79,1100,-1021
1812,0,53,50,3
1813,0,1,9,-8
1814,0,56,152,-96
1815,0,83,41,42
1816,0,488,160,328
1817,0,295,227,68
1818,0,460,170,290
1821,0,308,904,-596
1822,0,36,16,20
1823,0,14,35,-21
1824,0,847,1749,-902
1825,0,1421,168,1253
1826,0,7,40,-33
1827,0,367,86,281
1828,0,76,332,-256
1829,0,5,5,0
1830,0,16,13,3
1831,0,35,173,-138
1832,0,20,16,4
1833,0,112,263,-151
1835,0,713,854,-141
1836,0,41,64,-23
1837,0,33,29,4
1838,0,68,49,19
1839,0,1,24,-23
1840,0,49,9,40
1841,0,33,19,14
1842,0,106,121,-15
1843,0,4795,1556,3239
1844,0,3,3,0
1845,0,29,29,0
1846,0,446,336,110
1847,0,7,33,-26
1848,0,7,0,7
1849,0,40,30,10
1850,0,583,512,71
1851,0,15,44,-29
1852,0,8,5,3
1853,0,2516,2057,459
1854,0,23,22,1
1856,0,66,34,32
1857,0,25,22,3
1858,0,1,11,-10
1859,0,47,67,-20
1860,0,5,2,3
1861,0,29,69,-40
1862,0,4300,4195,105
1864,0,5,0,5
1865,0,34,13,21
1866,0,35,86,-51
1867,0,53,18,35
1868,0,25,23,2
1869,0,23,72,-49
1870,0,196,59,137
1871,0,8,28,-20
1872,0,18,12,6
1873,0,833,718,115
1874,0,31,47,-16
1875,0,101,381,-280
1876,0,21,70,-49
1877,0,86,55,31
1878,0,3,12,-9
1879,0,23,28,-5
1880,0,4,12,-8
1881,0,1315,1784,-469
1882,0,523,317,206
1883,0,177,120,57
1884,0,25,100,-75
1885,0,461,1062,-601
1886,0,5,7,-2
1887,0,80,340,-260
1888,0,26,14,12
1889,0,109,123,-14
1890,0,11,30,-19
1891,0,133,159,-26
1892,0,50,158,-108
1893,0,106,39,67
1894,0,41,186,-145
1895,0,537,473,64
1896,0,563,765,-202
1897,0,48,75,-27
1898,0,22,23,-1
1899,0,48,20,28
1900,0,93,404,-311
1901,0,86,955,-869
1902,0,1,3,-2
1903,0,29,158,-129
1904,0,1,4,-3
1905,0,1015,751,264
1906,0,303,44,259
1907,0,13,61,-48
1908,0,1203,871,332
1909,0,3779,3469,310
1910,0,76,48,28
1911,0,4,1,3
1912,0,78,134,-56
1913,0,31,99,-68
1914,0,1414,3002,-1588
1915,0,3,2,1
1916,0,242,170,72
1917,0,6,10,-4
1918,0,271,654,-383
1919,0,2926,3573,-647
1921,0,38,62,-24
1922,0,114,225,-111
1923,0,80,92,-12
1924,0,149,159,-10
1925,0,15,37,-22
1926,0,24,25,-1
1927,0,177,308,-131
1928,0,1015,967,48
1929,0,137,92,45
1930,0,60,38,22
1931,0,538,33,505
1932,0,105,109,-4
1933,0,10,16,-6
1934,0,160,265,-105
1935,0,555,725,-170
1936,0,793,930,-137
1937,0,16,25,-9
1938,0,38,367,-329
1939,0,3,14,-11
1940,0,159,469,-310
1941,0,54,94,-40
1942,0,130,47,83
1943,0,8,12,-4
1945,0,123,144,-21
1946,0,35,4,31
1947,0,1021,1240,-219
1948,0,230,234,-4
1949,0,8,17,-9
1950,0,15,9,6
1951,0,1319,1809,-490
1952,0,71,66,5
1953,0,6,250,-244
1954,0,29,18,11
1955,0,15,54,-39
1956,0,300,277,23
1957,0,230,24,206
1958,0,16,3,13
1959,0,208,49,159
1960,0,3076,1304,1772
1961,0,154,10,144
1962,0,3213,437,2776
1963,0,54,152,-98
1964,0,239,219,20
1965,0,3358,240,3118
1966,0,2,3,-1
1967,0,26,278,-252
1968,0,26,65,-39
1969,0,800,628,172
1970,0,3,4,-1
1971,0,7,38,-31
1972,0,316,967,-651
1973,0,14,12,2
1974,0,20,45,-25
1975,0,6,14,-8
1976,0,64,54,10
1977,0,149,23,126
1978,0,2,19,-17
1979,0,2,15,-13
1980,0,219,41,178
1981,0,582,575,7
1982,0,7,16,-9
1983,0,15,4,11
1984,0,33,60,-27
1985,0,10,161,-151
1986,0,17,6,11
1988,0,527,250,277
1989,0,193,167,26
1990,0,68,83,-15
1991,0,277,92,185
1992,0,2108,2866,-758
1993,0,204,326,-122
1994,0,36,14,22
1995,0,22,75,-53
1996,0,124,199,-75
1997,0,264,649,-385
1998,0,104,146,-42
1999,0,394,115,279
2000,0,8,8,0
2001,0,185,127,58
2002,0,24,70,-46
2003,0,4239,4767,-528
2004,0,35,17,18
2005,0,141,134,7
2006,0,418,4520,-4102
2007,0,4324,3764,560
2008,0,13,20,-7
2009,0,3,153,-150
2010,0,158,55,103
2011,0,21,66,-45
2012,0,72,162,-90
2013,0,45,15,30
2014,0,81,105,-24
2015,0,605,381,224
2017,0,256,812,-556
2018,0,8,15,-7
2019,0,151,167,-16
2020,0,31,9,22
2021,0,10,16,-6
2022,0,18,26,-8
2023,0,376,625,-249
2025,0,12306,15996,-3690
2026,0,49,77,-28
2027,0,38,13,25
2028,0,26,12,14
2030,0,23,13,10
2031,0,5740,818,4922
2032,0,362,400,-38
2033,0,10,12,-2
2035,0,97,72,25
2036,0,39,20,19
2037,0,17,34,-17
2039,0,169,809,-640
2040,0,115,200,-85
2041,0,65,113,-48
2042,0,20,10,10
2043,0,21,32,-11
2044,0,72,67,5
2045,0,44,64,-20
2046,0,21,112,-91
2047,0,132,630,-498
2048,0,19,23,-4
2049,0,19,50,-31
2050,0,1,1,0
2051,0,48,147,-99
2052,0,197,358,-161
2053,0,598,1374,-776
2054,0,374,284,90
2055,0,2527,341,2186
2056,0,965,2798,-1833
2057,0,73,116,-43
2058,0,8,32,-24
2059,0,9,33,-24
2060,0,2,8,-6
2061,0,126,51,75
2062,0,4,15,-11
2063,0,315,998,-683
2064,0,2,2,0
2065,0,44,15,29
2066,0,17,11,6
2067,0,4,17,-13
2068,0,2496,2845,-349
2069,0,775,304,471
2071,0,6,42,-36
2072,0,34,38,-4
2073,0,4,9,-5
2074,0,182,291,-109
2075,0,85,179,-94
2076,0,20,69,-49
2077,0,35,5,30
2078,0,66,28,38
2079,0,305,45,260
2080,0,66,33,33
2081,0,1,8,-7
2082,0,15,10,5
2084,0,973,992,-19
2085,0,140,482,-342
2087,0,162,374,-212
2088,0,201,168,33
2089,0,2,4,-2
2090,0,5,14,-9
2091,0,41,23,18
2092,0,288,137,151
2093,0,101,18,83
2094,0,340,280,60
2095,0,195,61,134
2096,0,44,80,-36
2097,0,37,87,-50
2098,0,83,158,-75
2099,0,68,213,-145
2100,0,1,36,-35
2101,0,46,28,18
2102,0,73,114,-41
2103,0,7543,6541,1002
2104,0,8,10,-2
2105,0,108,102,6
2106,0,514,519,-5
2107,0,8,28,-20
2108,0,268,61,207
2109,0,2284,1321,963
2110,0,32,39,-7
2111,0,3123,4615,-1492
2112,0,3607,3147,460
2113,0,3143,2600,543
2114,0,112,153,-41
2115,0,141,38,103
2116,0,10,16,-6
2118,0,279,268,11
2119,0,80,142,-62
2120,0,6,6,0
2121,0,1,32,-31
2122,0,1252,72,1180
2123,0,5641,2729,2912
2124,0,1,41,-40
2125,0,100,129,-29
2126,0,63,29,34
2127,0,1762,2800,-1038
2128,0,104,16,88
2129,0,5,9,-4
2130,0,363,940,-577
2131,0,11,32,-21
2133,0,11,15,-4
2134,0,326,619,-293
2135,0,71,109,-38
2136,0,135,105,30
2137,0,390,100,290
2138,0,1202,1175,27
2139,0,3,38,-35
2140,0,2,1,1
2141,0,34,26,8
2142,0,2,2,0
2143,0,4,4,0
2144,0,23,23,0
2145,0,79,84,-5
2146,0,348,22,326
2147,0,92,15,77
2148,0,5,3,2
2149,0,3,0,3
2150,0,78,256,-178
2151,0,157,294,-137
2152,0,40,25,15
2153,0,284,302,-18
2154,0,69,2,67
2155,0,156,129,27
2156,0,130,180,-50
2157,0,1558,516,1042
2158,0,8,65,-57
2160,0,147,521,-374
2161,0,11,1,10
2163,0,4,21,-17
2164,0,112,77,35
2165,0,21,15,6
2166,0,84,394,-310
2167,0,87,48,39
2168,0,29,12,17
2169,0,318,220,98
2170,0,9,8,1
2171,0,53,119,-66
2172,0,4,10,-6
2173,0,5,6,-1
2174,0,50,106,-56
2175,0,196,86,110
2176,0,97,10,87
2177,0,9,16,-7
2178,0,24,39,-15
2179,0,809,66,743
2180,0,85,29,56
2181,0,227,202,25
2182,0,40,14,26
2183,0,24,340,-316
2184,0,69,33,36
2185,0,60,391,-331
2186,0,11,24,-13
2187,0,29,63,-34
2189,0,46,35,11
2190,0,255,273,-18
2192,0,40,36,4
2194,0,73,55,18
2195,0,51,66,-15
2197,0,18,189,-171
2198,0,9,16,-7
2199,0,59,65,-6
2200,0,5,6,-1
2201,0,162,120,42
2202,0,85,94,-9
2203,0,74,42,32
2204,0,29,53,-24
2205,0,1653,920,733
2206,0,15,728,-713
2207,0,50,256,-206
2208,0,20,1,19
2209,0,82,104,-22
2211,0,3,44,-41
2212,0,100,38,62
2213,0,19,29,-10
2214,0,3,11,-8
2215,0,44,24,20
2216,0,99,221,-122
2217,0,122,115,7
2218,0,157,71,86
2219,0,163,339,-176
2220,0,102,55,47
2221,0,11,3,8
2222,0,10,25,-15
2224,0,44,65,-21
2225,0,10,14,-4
2226,0,9,32,-23
2228,0,660,779,-119
2229,0,4,2,2
2230,0,992,2393,-1401
2231,0,15,40,-25
2233,0,7,15,-8
2234,0,1811,2838,-1027
2235,0,4,6,-2
2236,0,424,102,322
2237,0,64,153,-89
2238,0,5,6,-1
2239,0,3,3,0
2240,0,13,9,4
2241,0,162,97,65
2242,0,26,126,-100
2243,0,261,71,190
2244,0,1311,1492,-181
2245,0,1333,3138,-1805
2246,0,22,30,-8
2248,0,70,307,-237
2249,0,91,118,-27
2250,0,5,24,-19
2251,0,404,206,198
2252,0,703,679,24
2253,0,331,99,232
2254,0,5,1,4
2255,0,48,154,-106
2256,0,3476,8499,-5023
2257,0,7309,5629,1680
2259,0,62,139,-77
2260,0,305,1479,-1174
2261,0,51,124,-73
2262,0,15,4,11
2263,0,81,29,52
2264,0,14,12,2
2265,0,11,35,-24
2266,0,23,108,-85
2267,0,482,691,-209
2268,0,469,523,-54
2269,0,665,263,402
2270,0,25,39,-14
2271,0,135,63,72
2272,0,9,67,-58
2273,0,132,417,-285
2274,0,12,94,-82
2275,0,9,23,-14
2276,0,34,51,-17
2277,0,5,10,-5
2278,0,25,52,-27
2280,0,45,74,-29
2281,0,102,162,-60
2282,0,311,473,-162
2283,0,36,30,6
2285,0,33,60,-27
2287,0,48,47,1
2288,0,6,12,-6
2289,0,50,51,-1
2290,0,2,59,-57
2291,0,31,53,-22
2292,0,22,15,7
2293,0,2,11,-9
2294,0,2,38,-36
2295,0,45,24,21
2296,0,107,215,-108
2297,0,67,44,23
2298,0,21,12,9
2299,0,51,52,-1
2300,0,609,574,35
2301,0,96,8,88
2302,0,17,85,-68
2303,0,7,30,-23
2304,0,167,4475,-4308
2305,0,1,9,-8
2306,0,77,151,-74
2307,0,1440,1334,106
2308,0,7,3,4
2309,0,3395,308,3087
2310,0,129,439,-310
2311,0,83,138,-55
2312,0,1,19,-18
2313,0,167,224,-57
2314,0,525,984,-459
2315,0,1172,336,836
2316,0,10,9,1
2317,0,61,22,39
2318,0,13,11,2
2319,0,27,63,-36
2320,0,231,244,-13
2321,0,28,26,2
2322,0,84,385,-301
2323,0,268,126,142
2325,0,227,389,-162
2326,0,22,23,-1
2327,0,97,73,24
2328,0,99,33,66
2329,0,16,16,0
2330,0,10,5,5
2331,0,22,57,-35
2332,0,51,69,-18
2333,0,10,42,-32
2334,0,26,23,3
2335,0,3,11,-8
2336,0,274,840,-566
2337,0,56,111,-55
2338,0,69,84,-15
2339,0,65,17,48
2340,0,20,26,-6
2341,0,25,40,-15
2342,0,101,26,75
2343,0,253,296,-43
2344,0,20,8,12
2346,0,23,34,-11
2348,0,2,1,1
2349,0,276,284,-8
2350,0,18,7,11
2351,0,70,82,-12
2352,0,2392,829,1563
2353,0,155,157,-2
2354,0,167,93,74
2355,0,701,1314,-613
2356,0,14,101,-87
2357,0,82,33,49
2358,0,18,21,-3
2359,0,280,291,-11
2360,0,25,1,24
2361,0,4,1,3
2362,0,94,93,1
2363,0,287,78,209
2364,0,33,55,-22
2365,0,9,1,8
2366,0,187,695,-508
2367,0,3295,2093,1202
2368,0,12,23,-11
2369,0,2,43,-41
2370,0,1,16,-15
2371,0,33,40,-7
2372,0,145,58,87
2373,0,11,10,1
2374,0,71,40,31
2375,0,119,109,10
2376,0,27,15,12
2377,0,615,387,228
2379,0,2,19,-17
2380,0,11,8,3
2381,0,11,59,-48
2382,0,11,1,10
2383,0,32,61,-29
2384,0,18,17,1
2385,0,286,328,-42
2386,0,169,158,11
2387,0,43,26,17
2388,0,19,125,-106
2389,0,61,53,8
2390,0,21,82,-61
2391,0,49,106,-57
2392,0,44,32,12
2393,0,145,246,-101
2394,0,1704,553,1151
2395,0,68,9,59
2396,0,1736,4954,-3218
2397,0,604,608,-4
2398,0,121712,4225,117487
2399,0,73,42,31
2400,0,15,6,9
2401,0,19,78,-59
2402,0,72,84,-12
2403,0,29,34,-5
2404,0,11584,13571,-1987
2406,0,63,318,-255
2407,0,57,127,-70
2408,0,71,48,23
2409,0,25,46,-21
2410,0,18,65,-47
2411,0,11,18,-7
2412,0,3363,3036,327
2413,0,85,10,75
2414,0,49,40,9
2416,0,8,45,-37
2417,0,46,116,-70
2418,0,29,23,6
2419,0,4297,2718,1579
2420,0,78,357,-279
2421,0,60,102,-42
2422,0,4737,9107,-4370
2423,0,140,17,123
2424,0,5,25,-20
2426,0,7,32,-25
2428,0,12,5,7
2429,0,503,94,409
2430,0,121,285,-164
2431,0,20,29,-9
2432,0,2946,2642,304
2433,0,138,208,-70
2434,0,27,34,-7
2435,0,3,2,1
2436,0,42,83,-41
2437,0,596,577,19
2438,0,11,29,-18
2439,0,268,103,165
2440,0,47,22,25
2441,0,445,66,379
2442,0,132,247,-115
2443,0,383,42,341
2444,0,29,24,5
2445,0,14,8,6
2446,0,34,44,-10
2447,0,22,27,-5
2448,0,25,24,1
2449,0,84,53,31
2450,0,12453,3132,9321
2451,0,57,59,-2
2452,0,4,5,-1
2453,0,59,48,11
2454,0,1132,1557,-425
2455,0,41,21,20
2456,0,14,75,-61
2457,0,32,26,6
2458,0,10346,3898,6448
2459,0,48,26,22
2460,0,186,98,88
2461,0,51,68,-17
2462,0,95,95,0
2463,0,100,142,-42
2464,0,40,47,-7
2465,0,6,33,-27
2466,0,7,196,-189
2468,0,4,9,-5
2470,0,3643,6917,-3274
2471,0,2493,220,2273
2472,0,4,4,0
2473,0,12,18,-6
2474,0,14,3,11
2475,0,5,3,2
2476,0,2,39,-37
2477,0,3,5,-2
2478,0,18,48,-30
2480,0,43,22,21
2481,0,21,17,4
2482,0,29,24,5
2483,0,89,95,-6
2484,0,47,58,-11
2485,0,201,201,0
2486,0,278,463,-185
2487,0,3,17,-14
2488,0,65,167,-102
2489,0,90,203,-113
2491,0,175,238,-63
2492,0,13,10,3
2493,0,147,265,-118
2494,0,564,438,126
2495,0,277,257,20
2496,0,22,25,-3
2497,0,1,29,-28
2498,0,3,21,-18
2499,0,34,40,-6
2500,0,2,19,-17
2501,0,231,197,34
2502,0,4129,5785,-1656
2503,0,29,29,0
2504,0,100,308,-208
2505,0,4474,4473,1
2506,0,12,62,-50
2507,0,26,114,-88
2508,0,15,70,-55
2509,0,87,122,-35
2510,0,25,46,-21
2511,0,100,114,-14
2512,0,29,237,-208
2513,0,276,360,-84
2514,0,7,49,-42
2515,0,7,6,1
2516,0,64,32,32
2518,0,20,37,-17
2519,0,918,285,633
2520,0,548,280,268
2521,0,1,19,-18
2522,0,15,22,-7
2523,0,1125,1293,-168
2524,0,659,3069,-2410
2525,0,450,367,83
2526,0,5869,8425,-2556
2527,0,536,972,-436
2528,0,20,69,-49
2529,0,11,20,-9
2530,0,55,41,14
2531,0,1177,1862,-685
2532,0,46,16,30
2533,0,60,24,36
2534,0,1,15,-14
2535,0,294,287,7
2536,0,11,21,-10
2537,0,188,90,98
2538,0,44,9,35
2539,0,50,32,18
2540,0,4,19,-15
2541,0,51,36,15
2542,0,1506,1321,185
2543,0,4,31,-27
2544,0,792,498,294
2545,0,22,29,-7
2546,0,21,12,9
2547,0,3,7,-4
2548,0,51,44,7
2549,0,101,130,-29
2550,0,51,68,-17
2551,0,368,359,9
2552,0,89,176,-87
2553,0,5,26,-21
2554,0,1,64,-63
2555,0,134,321,-187
2556,0,69,69,0
2557,0,92,44,48
2558,0,153,138,15
2559,0,74,71,3
2561,0,8800,233,8567
2562,0,2,29,-27
2563,0,22,76,-54
2564,0,9,33,-24
2565,0,32,135,-103
2566,0,407,61,346
2567,0,98,203,-105
2568,0,86,47,39
2569,0,6253,9790,-3537
2570,0,223,97,126
2572,0,97,288,-191
2573,0,134,87,47
2574,0,15,1,14
2575,0,29,56,-27
2576,0,68,18,50
2577,0,21,25,-4
2578,0,73,351,-278
2579,0,351,601,-250
2580,0,22,25,-3
2581,0,15,20,-5
2582,0,64,1,63
2583,0,513,192,321
2585,0,15,3,12
2586,0,114,38,76
2587,0,103,164,-61
2588,0,44,111,-67
2589,0,19,27,-8
2590,0,28,57,-29
2591,0,46,53,-7
2592,0,3,3,0
2593,0,9,32,-23
2594,0,144,178,-34
2595,0,27,19,8
2596,0,3,9,-6
2597,0,29,68,-39
2598,0,303,198,105
2600,0,193,113,80
2601,0,99,101,-2
2602,0,34,6,28
2603,0,995,1518,-523
2604,0,9,75,-66
2605,0,80,172,-92
2606,0,89,131,-42
2607,0,206,106,100
2608,0,790,1770,-980
2609,0,230,612,-382
2610,0,98,124,-26
2612,0,1447,787,660
2613,0,2216,1489,727
2614,0,25,20,5
2615,0,27,40,-13
2616,0,60,21,39
2617,0,105,564,-459
2618,0,27,32,-5
2619,0,688,5109,-4421
2620,0,18,37,-19
2621,0,77,22,55
2622,0,154,93,61
2623,0,5,22,-17
2624,0,29,2,27
2625,0,42,203,-161
2626,0,405,226,179
2627,0,55,26,29
2628,0,4208,9678,-5470
2629,0,85,27,58
2630,0,467,728,-261
2631,0,304,300,4
2632,0,173,157,16
2633,0,67,17,50
2634,0,94,13,81
2635,0,5130,4930,200
2636,0,7,14,-7
2637,0,1126,275,851
2638,0,4179,1626,2553
2639,0,50,350,-300
2640,0,1302,1502,-200
2641,0,271,573,-302
2642,0,15,17,-2
2643,0,22,133,-111
2644,0,36,22,14
2645,0,9,26,-17
2646,0,2,4,-2
2647,0,83,138,-55
2648,0,37,19,18
2649,0,1126,1064,62
2650,0,2613,463,2150
2651,0,118,43,75
2652,0,198,100,98
2653,0,54,47,7
2654,0,35,27,8
2655,0,10,7,3
2656,0,16,4,12
2657,0,23,33,-10
2658,0,22,7,15
2659,0,11,3,8
2660,0,1,1,0
2661,0,59,283,-224
2662,0,70,23,47
2663,0,14,38,-24
2664,0,405,152,253
2666,0,1179,1080,99
2667,0,15,3,12
2668,0,14731,9784,4947
2670,0,68,24,44
2671,0,6,18,-12
2672,0,132,102,30
2673,0,247,451,-204
2674,0,2489,3596,-1107
2675,0,86,187,-101
2676,0,101,303,-202
2677,0,41,96,-55
2678,0,246,208,38
2679,0,478,52,426
2680,0,5,10,-5
2681,0,18,19,-1
2683,0,5,31,-26
2685,0,21,77,-56
2686,0,5,28,-23
2687,0,1111,256,855
2688,0,99,52,47
2689,0,164,192,-28
2690,0,1055,420,635
2691,0,54,22,32
2692,0,23,8,15
2693,0,782,1561,-779
2694,0,27,180,-153
2695,0,95,127,-32
2696,0,19,25,-6
2697,0,27,36,-9
2698,0,2492,10916,-8424
2699,0,57,307,-250
2700,0,24,162,-138
2701,0,11531,13384,-1853
2702,0,215,788,-573
2703,0,21,26,-5
2704,0,129,167,-38
2705,0,541,276,265
2706,0,21,39,-18
2707,0,869,548,321
2708,0,3292,477,2815
2709,0,181,469,-288
2711,0,1,4,-3
2712,0,17,22,-5
2713,0,57,46,11
2714,0,88,17,71
2715,0,74,20,54
2716,0,15,45,-30
2717,0,164,58,106
2718,0,7,66,-59
2719,0,1,30,-29
2720,0,4,3,1
2721,0,1,131,-130
2722,0,6,1,5
2723,0,51,173,-122
2724,0,37,147,-110
2725,0,219,482,-263
2726,0,3,10,-7
2727,0,51,56,-5
2728,0,205,264,-59
2729,0,216,568,-352
2730,0,135,173,-38
2731,0,2515,1045,1470
2733,0,6,31,-25
2734,0,103,115,-12
2735,0,1005,1074,-69
2736,0,98,60,38
2737,0,27,27,0
2738,0,75,61,14
2739,0,11,23,-12
2740,0,18,31,-13
2741,0,9,557,-548
2743,0,1464,1590,-126
2744,0,77,84,-7
2745,0,192,1506,-1314
2746,0,26,12,14
2747,0,600,2185,-1585
2748,0,7665,11850,-4185
2749,0,16,12,4
2750,0,109,192,-83
2751,0,1250,859,391
2752,0,114,106,8
2753,0,784,625,159
2754,0,1630,1307,323
2755,0,31,33,-2
2756,0,1588,2484,-896
2757,0,26,25,1
2758,0,56,24,32
2759,0,79,97,-18
2760,0,8,24,-16
2761,0,6,65,-59
2763,0,731,319,412
2764,0,4,24,-20
2765,0,81,28,53
2766,0,42,23,19
2767,0,9,4,5
2768,0,294,111,183
2770,0,43,30,13
2771,0,4,6,-2
2772,0,127,48,79
2773,0,738,1369,-631
2774,0,62,126,-64
2775,0,442,878,-436
2776,0,12,14,-2
2777,0,10,31,-21
2778,0,147,227,-80
2779,0,104,68,36
2780,0,9,6,3
2781,0,129,188,-59
2782,0,132,60,72
2783,0,3,133,-130
2784,0,195,431,-236
2785,0,42,29,13
2786,0,231,492,-261
2787,0,480,258,222
2788,0,445,282,163
2789,0,459,716,-257
2790,0,18,27,-9
2791,0,134,113,21
2792,0,583,697,-114
2793,0,37,117,-80
2794,0,591,1313,-722
2795,0,11,35,-24
2796,0,64,160,-96
2797,0,1,6,-5
2798,0,32,54,-22
2800,0,31,47,-16
2801,0,185,450,-265
2802,0,1576,1468,108
2803,0,14,112,-98
2804,0,8,19,-11
2805,0,6,179,-173
2806,0,24,21,3
2807,0,112,18,94
2809,0,99,48,51
2810,0,769,468,301
2811,0,23,30,-7
2812,0,180,39,141
2813,0,64,340,-276
2814,0,19,41,-22
2815,0,5099,6372,-1273
2816,0,45,8,37
2817,0,10880,14601,-3721
2818,0,22,4,18
2819,0,1,3,-2
2820,0,288,64,224
2821,0,282,560,-278
2822,0,2530,4374,-1844
2823,0,19,97,-78
2824,0,1,0,1
2825,0,125,79,46
2826,0,25,18,7
2827,0,17,2,15
2828,0,51,89,-38
2829,0,342,110,232
2830,0,244,497,-253
2831,0,5223,3206,2017
2832,0,5,9,-4
2833,0,9,2,7
2834,0,50,63,-13
2835,0,9,49,-40
2836,0,160,187,-27
2837,0,1,1,0
2838,0,56,14,42
2839,0,372,257,115
2840,0,161,266,-105
2841,0,95,48,47
2842,0,1220,4256,-3036
2843,0,40,38,2
2844,0,2,3,-1
2845,0,2357,5411,-3054
2846,0,891,108437,-107546
2847,0,24,16,8
2848,0,63,28,35
2849,0,240,239,1
2850,0,287,260,27
2851,0,9392,112743,-103351
2852,0,23,37,-14
2853,0,169,184,-15
2854,0,1,12,-11
2855,0,7918,9434,-1516
2856,0,136,201,-65
2857,0,10,13,-3
2858,0,9,23,-14
2859,0,3,45,-42
2860,0,26,44,-18
2861,0,218,415,-197
2862,0,20,18,2
2863,0,2,4,-2
2864,0,61,16,45
2865,0,43,21,22
2866,0,9,13,-4
2867,0,85,82,3
2868,0,2308,1349,959
2869,0,12,12,0
2871,0,93,115,-22
2872,0,901,507,394
2876,0,3179,1611,1568
2879,0,204,61,143
2880,0,3294,7056,-3762
2881,0,35,38,-3
2882,0,5,3,2
2883,0,27,59,-32
2884,0,338,248,90
2885,0,11,10,1
2886,0,4,7,-3
2887,0,78,88,-10
2888,0,6,9,-3
2889,0,8,34,-26
2890,0,326,723,-397
2891,0,296,439,-143
2892,0,123,38,85
2893,0,41,64,-23
2894,0,1055,583,472
2895,0,14,55,-41
2896,0,258,100,158
2897,0,86,128,-42
2898,0,270,44,226
2899,0,37,222,-185
2900,0,178,236,-58
2901,0,150,57,93
2902,0,15,12,3
2903,0,3536,3851,-315
2904,0,432,838,-406
2905,0,269,470,-201
2906,0,13,20,-7
2907,0,11,40,-29
2908,0,72,28,44
2909,0,3,2,1
2910,0,24,40,-16
2911,0,265,638,-373
2912,0,106,112,-6
2913,0,5,10,-5
2915,0,23,29,-6
2916,0,12,33,-21
2917,0,26,11,15
2918,0,14,24,-10
2919,0,3468,410,3058
2920,0,929,2869,-1940
2921,0,23,50,-27
2922,0,30,30,0
2923,0,10,95,-85
2924,0,58,113,-55
2925,0,15,71,-56
2926,0,73,139,-66
2927,0,1,7,-6
2928,0,59,34,25
2929,0,18,3,15
2930,0,33,181,-148
2931,0,560,6870,-6310
2932,0,43,8,35
2933,0,72,98,-26
2934,0,9,17,-8
2935,0,8,4,4
2936,0,33,53,-20
2937,0,1643,4398,-2755
2938,0,241,421,-180
2939,0,42,18,24
2940,0,585,854,-269
2941,0,13,31,-18
2942,0,12,12,0
2943,0,36,3,33
2944,0,29,104,-75
2945,0,46,19,27
2946,0,146,215,-69
2948,0,27,322,-295
2949,0,36,15,21
2950,0,10,16,-6
2951,0,4,14,-10
2952,0,37,26,11
2953,0,33,157,-124
2954,0,6,9,-3
2955,0,122,284,-162
2956,0,7,21,-14
2957,0,77,517,-440
2958,0,1214,1487,-273
2959,0,44,62,-18
2960,0,100,30,70
2961,0,16,26,-10
2962,0,14,10,4
2963,0,173,103,70
2965,0,1835,1187,648
2966,0,4,19,-15
2967,0,699,4376,-3677
2968,0,3,7,-4
2969,0,26,16,10
2970,0,11,20,-9
2971,0,7,5,2
2972,0,417,100,317
2973,0,28,47,-19
2975,0,91,136,-45
2976,0,34,10,24
2977,0,18,8,10
2978,0,11,4,7
2979,0,1907,6276,-4369
2980,0,14,3,11
2981,0,12,6,6
2982,0,33,68,-35
2983,0,20,81,-61
2984,0,34,54,-20
2985,0,23,53,-30
2987,0,37,55,-18
2988,0,130,86,44
2989,0,3,8,-5
2990,0,211,92,119
2991,0,251,316,-65
2992,0,18,2,16
2993,0,28,24,4
2994,0,3945,6835,-2890
2995,0,4,22,-18
2996,0,24,33,-9
2997,0,41,34,7
2998,0,1671,1322,349
2999,0,62,89,-27
3000,0,21,19,2
3003,0,1417,1119,298
3004,0,6,4,2
3005,0,4,9,-5
3006,0,25,30,-5
3008,0,36,92,-56
3009,0,8853,114409,-105556
3010,0,65,124,-59
3011,0,383,289,94
3012,0,52,53,-1
3013,0,5,15,-10
3014,0,144,40,104
3015,0,34,10,24
3016,0,14,37,-23
3017,0,152,54,98
3018,0,24,11,13
3019,0,21,24,-3
3020,0,39,38,1
3021,0,32,176,-144
3022,0,56,41,15
3023,0,2100,2522,-422
3024,0,6,12,-6
3025,0,116,27,89
3026,0,129,29,100
3027,0,8,18,-10
3028,0,45,14,31
3029,0,5473,4359,1114
3031,0,711,900,-189
3032,0,18,24,-6
3033,0,17,7,10
3034,0,22,16,6
3035,0,92,470,-378
3036,0,4,10,-6
3037,0,73,28,45
3039,0,22,13,9
3040,0,23,9,14
3041,0,18,25,-7
3042,0,1378,4784,-3406
3043,0,62,38,24
3045,0,10,7,3
3046,0,76,577,-501
3047,0,220,333,-113
3048,0,256,123,133
3049,0,34,57,-23
3050,0,12488,17144,-4656
3052,0,9,8,1
3053,0,18,17,1
3054,0,9,23,-14
3055,0,674,996,-322
3056,0,32,67,-35
3057,0,741,209,532
3058,0,42,27,15
3059,0,48,33,15
3060,0,49,90,-41
3061,0,32,68,-36
3062,0,117,119,-2
3063,0,123,97,26
3065,0,128,58,70
3066,0,336,118,218
3067,0,1377,591,786
3068,0,13,20,-7
3069,0,12,26,-14
3070,0,154,250,-96
3071,0,147,136,11
3072,0,16,23,-7
3073,0,3,63,-60
3075,0,62,69,-7
3076,0,11,13,-2
3077,0,808,1655,-847
3078,0,4,28,-24
3079,0,100,120,-20
3080,0,16,130,-114
3081,0,14,1,13
3082,0,4,3,1
3083,0,56,111,-55
3084,0,40,39,1
3085,0,16,38,-22
3086,0,164,122,42
3087,0,31,24,7
3088,0,7,57,-50
3089,0,34,25,9
3090,0,30,11,19
3091,0,206,18,188
3092,0,17,33,-16
3093,0,197,155,42
3095,0,50,192,-142
3096,0,10,18,-8
3097,0,27,75,-48
3098,0,337,385,-48
3099,0,573,13,560
3100,0,10,14,-4
3101,0,16,6,10
3102,0,108,44,64
3103,0,46,47,-1
3104,0,272,111,161
3105,0,2,8,-6
3106,0,7,1,6
3108,0,19,37,-18
3109,0,104,57,47
3110,0,2912,2118,794
3111,0,23,41,-18
3112,0,72,92,-20
3113,0,4,19,-15
3114,0,7,44,-37
3115,0,671,2310,-1639
3116,0,128,295,-167
3117,0,659,1027,-368
3118,0,44,50,-6
3119,0,1477,257,1220
3120,0,3,2,1
3121,0,11,58,-47
3122,0,269,305,-36
3123,0,222,198,24
3124,0,318644,114617,204027
3125,0,197,65,132
3126,0,5,5,0
3127,0,30,67,-37
3128,0,108,126,-18
3129,0,67,196,-129
3130,0,53,30,23
3131,0,154,30,124
3132,0,54,79,-25
3133,0,12,42,-30
3134,0,5,2,3
3135,0,116,118,-2
3136,0,18,72,-54
3137,0,5,4,1
3138,0,27,81,-54
3139,0,96,25,71
3140,0,1074,322,752
3141,0,132,252,-120
3142,0,2338,2359,-21
3143,0,153,89,64
3144,0,22,33,-11
3145,0,12,18,-6
3146,0,5,22,-17
3147,0,76,101,-25
3148,0,27,53,-26
3149,0,3,12,-9
3150,0,5,18,-13
3151,0,10,51,-41
3152,0,6,17,-11
3153,0,134,139,-5
3154,0,31,29,2
3156,0,40,2,38
3157,0,34,47,-13
3158,0,14,98,-84
3159,0,99,70,29
3160,0,839,135,704
3161,0,44,214,-170
3163,0,5,11,-6
3164,0,33,23,10
3165,0,475,180,295
3166,0,217,618,-401
3168,0,169,169,0
3169,0,38,88,-50
3171,0,18,31,-13
3172,0,42,129,-87
3173,0,87,63,24
3174,0,98,86,12
3175,0,198,126,72
3176,0,70,43,27
3177,0,32,56,-24
3178,0,4293,3187,1106
3179,0,19,51,-32
3180,0,175,1408,-1233
3181,0,717,351,366
3182,0,22,18,4
3183,0,327,207,120
3184,0,2,13,-11
3185,0,1637,954,683
3186,0,136,47,89
3187,0,10,25,-15
3189,0,51,24,27
3190,0,39,13,26
3191,0,77,145,-68
3192,0,94,102,-8
3193,0,26,8,18
3194,0,2,3,-1
3195,0,75,2,73
3196,0,53,19,34
3197,0,23,33,-10
3198,0,54,96,-42
3199,0,110,231,-121
3200,0,67,36,31
3201,0,21,7,14
3202,0,84,394,-310
3203,0,26,77,-51
3204,0,2476,843,1633
3205,0,14,28,-14
3206,0,3,48,-45
3207,0,64,27,37
3208,0,91,104,-13
3209,0,83,26,57
3210,0,6,28,-22
3211,0,2,17,-15
3212,0,845,1195,-350
3213,0,62,18,44
3214,0,97,63,34
3215,0,86,96,-10
3216,0,50,108,-58
3217,0,4,10,-6
3218,0,58,13,45
3219,0,65,104,-39
3220,0,721,525,196
3221,0,25,46,-21
3222,0,3,4,-1
3223,0,284,633,-349
3224,0,68,109,-41
3225,0,2722,2144,578
3227,0,1,7,-6
3228,0,3,6,-3
3229,0,7,6,1
3230,0,37,55,-18
3231,0,2,2,0
3232,0,302,1078,-776
3233,0,12,52,-40
3234,0,48,93,-45
3235,0,118,76,42
3236,0,7,5,2
3237,0,105,77,28
3238,0,96,176,-80
3239,0,27,29,-2
3240,0,44,61,-17
3241,0,33,28,5
3242,0,34,58,-24
3243,0,15,15,0
3244,0,7358,3292,4066
3245,0,110,208,-98
3246,0,9,10,-1
3247,0,725,407,318
3248,0,2,3,-1
3249,0,38,72,-34
3250,0,3,19,-16
3251,0,47,243,-196
3252,0,9,31,-22
3253,0,8,40,-32
3254,0,1,5,-4
3255,0,45,2319,-2274
3256,0,17,27,-10
3257,0,1563,6743,-5180
3258,0,2777,2942,-165
3259,0,28,34,-6
3261,0,33,13,20
3262,0,571,594,-23
3263,0,136,120,16
3264,0,23,173,-150
3265,0,10,58,-48
3266,0,13,7,6
3267,0,17,16,1
3268,0,55,107,-52
3269,0,17,46,-29
3270,0,1528,2422,-894
3271,0,3,4,-1
3272,0,643,634,9
3273,0,4030,4024,6
3274,0,110,120,-10
3275,0,95,114,-19
3277,0,150,96,54
3278,0,51,86,-35
3279,0,21,115,-94
3280,0,157,69,88
3281,0,324,186,138
3282,0,52,53,-1
3283,0,1060,745,315
3284,0,46,138,-92
3285,0,18,65,-47
3286,0,60,65,-5
3288,0,46,82,-36
3289,0,12,0,12
3290,0,84,170,-86
3292,0,13,2,11
3293,0,177,39,138
3294,0,3,16,-13
3295,0,15,11,4
3296,0,44,151,-107
3297,0,4981,13230,-8249
3298,0,296,170,126
3299,0,14,29,-15
3300,0,85,96,-11
3301,0,180,55,125
3302,0,2039,2490,-451
3303,0,83,75,8
3304,0,227,73,154
3305,0,22,62,-40
3306,0,351,307,44
3307,0,44,55,-11
3308,0,11891,9703,2188
3309,0,244,474,-230
3310,0,10,6,4
3311,0,6,8,-2
3312,0,803,1041,-238
3313,0,14891,22435,-7544
3314,0,3,61,-58
3315,0,10,1,9
3316,0,12,84,-72
3317,0,30,10,20
3318,0,640,292,348
3319,0,5,42,-37
3320,0,20,3,17
3321,0,69,6,63
3322,0,36,28,8
3323,0,24,5,19
3324,0,19,33,-14
3325,0,20,5,15
3326,0,873,1188,-315
3327,0,77,117,-40
3328,0,296,325,-29
3329,0,51,118,-67
3330,0,181,83,98
3331,0,82,146,-64
3332,0,11,36,-25
3333,0,61,57,4
3334,0,12,10,2
3335,0,7,12,-5
3336,0,13,48,-35
3338,0,66,3,63
3339,0,90,103,-13
3340,0,192,222,-30
3341,0,14,11,3
3342,0,108,58,50
3343,0,12,54,-42
3344,0,27,45,-18
3345,0,51,4,47
3346,0,92,203,-111
3347,0,28,57,-29
3348,0,448,342,106
3349,0,36,8,28
3350,0,17,14,3
3351,0,86,365,-279
3352,0,41,124,-83
3353,0,29,87,-58
3354,0,1504,863,641
3356,0,36,49,-13
3357,0,55,118,-63
3358,0,23,14,9
3359,0,25,32,-7
3360,0,197,56,141
3361,0,14,16,-2
3362,0,71,29,42
3363,0,34,4,30
3364,0,68,58,10
3366,0,3469,25,3444
3367,0,213,310,-97
3369,0,230,86,144
3370,0,669,799,-130
3371,0,113,100,13
3372,0,30,22,8
3373,0,11,32,-21
3374,0,6,39,-33
3375,0,15,19,-4
3376,0,314,83,231
3377,0,514,396,118
3379,0,58,35,23
3380,0,847,2234,-1387
3381,0,31,44,-13
3382,0,71,94,-23
3383,0,5,11,-6
3384,0,35,5,30
3385,0,349,244,105
3386,0,111,215,-104
3387,0,18,95,-77
3388,0,251,1278,-1027
3389,0,54,137,-83
3390,0,57,79,-22
3391,0,165,184,-19
3392,0,8,23,-15
3393,0,59,29,30
3394,0,173,153,20
3395,0,30,35,-5
3396,0,72,67,5
3397,0,287,1332,-1045
3398,0,1,15,-14
3399,0,277,154,123
3400,0,217,65,152
3401,0,2181,1360,821
3402,0,51,34,17
3403,0,16,142,-126
3404,0,43,2,41
3405,0,15,17,-2
3406,0,34,130,-96
3407,0,2551,946,1605
3408,0,12,7,5
3409,0,2,16,-14
3410,0,56,87,-31
3411,0,37,60,-23
3412,0,32,28,4
3413,0,59,30,29
3414,0,22,24,-2
3415,0,121,210,-89
3416,0,1997,4847,-2850
3417,0,3816,2012,1804
3418,0,7,10,-3
3419,0,47,35,12
3420,0,10,79,-69
3421,0,38,29,9
3422,0,8,23,-15
3423,0,1033,356,677
3424,0,4,175,-171
3425,0,20,4,16
3426,0,320,389,-69
3427,0,25,23,2
3428,0,58,155,-97
3429,0,8,7,1
3430,0,4,30,-26
3431,0,2,104,-102
3432,0,152,12,140
3433,0,62,73,-11
3434,0,63,59,4
3435,0,18,17,1
3437,0,268,215,53
3438,0,25,16,9
3439,0,10,40,-30
3440,0,23,24,-1
3441,0,188,34,154
3442,0,23,19,4
3443,0,347,221,126
3444,0,1019,213,806
3445,0,56,17,39
3446,0,78,24,54
3447,0,196,253,-57
3448,0,125,108,17
3449,0,11,27,-16
3450,0,19,1,18
3451,0,55,49,6
3452,0,23,17,6
3453,0,7,11,-4
3454,0,122,28,94
3455,0,39,41,-2
3456,0,233,136,97
3457,0,89,184,-95
3458,0,37,21,16
3459,0,12,3,9
3460,0,120,13,107
3461,0,1996,2191,-195
3462,0,3,6,-3
3463,0,19,43,-24
3464,0,39,42,-3
3465,0,522,172,350
3466,0,62,28,34
3467,0,1,4,-3
3468,0,45,47,-2
3469,0,13,2,11
3470,0,68,88,-20
3471,0,3,116,-113
3472,0,14,15,-1
3473,0,220,174,46
3474,0,35,50,-15
3476,0,123,256,-133
3477,0,195,119,76
3478,0,40,710,-670
3479,0,6,18,-12
3480,0,36,103,-67
3481,0,752,781,-29
3482,0,7,43,-36
3483,0,33,38,-5
3484,0,16,13,3
3485,0,581,317,264
3486,0,6,6,0
3487,0,4,31,-27
3488,0,21,35,-14
3489,0,9853,12241,-2388
3490,0,343,408,-65
3491,0,1365,494,871
3492,0,16,56,-40
3493,0,490,54,436
3494,0,3279,2811,468
3495,0,740,251,489
3496,0,333,70,263
3498,0,87,82,5
3499,0,33,110,-77
3501,0,21,10,11
3502,0,314,342,-28
3503,0,19,6,13
3504,0,35,77,-42
3505,0,92,95,-3
3506,0,243,852,-609
3507,0,31,39,-8
3508,0,4,29,-25
3509,0,2,6,-4
3510,0,12,42,-30
3511,0,75,105,-30
3512,0,4,12,-8
3513,0,60,57,3
3514,0,4,7,-3
3515,0,2,8,-6
3516,0,59,80,-21
3517,0,56,23,33
3518,0,112,177,-65
3519,0,2878,1720,1158
3520,0,116,23,93
3522,0,164,67,97
3523,0,13,8,5
3524,0,612,692,-80
3525,0,2,2,0
3526,0,24,45,-21
3527,0,36,11,25
3528,0,69,95,-26
3529,0,24,33,-9
3530,0,1910,725,1185
3531,0,4,19,-15
3532,0,65,59,6
3533,0,49,100,-51
3535,0,7,34,-27
3536,0,113,116,-3
3537,0,5,9,-4
3538,0,56,29,27
3539,0,325,2483,-2158
3540,0,1,17,-16
3541,0,1396,1939,-543
3542,0,4,20,-16
3543,0,269,29,240
3544,0,150,142,8
3545,0,172,141,31
3546,0,129,229,-100
3547,0,3,7,-4
3548,0,64,93,-29
3549,0,55,107,-52
3550,0,1,30,-29
3552,0,75,64,11
3553,0,13,28,-15
3554,0,21,102,-81
3555,0,176,157,19
3556,0,2,11,-9
3557,0,19,34,-15
3558,0,209,231,-22
3559,0,18,62,-44
3560,0,30,53,-23
3561,0,3108,5112,-2004
3562,0,135,113,22
3563,0,55,50,5
3564,0,1108,1373,-265
3565,0,142,172,-30
3566,0,38,32,6
3567,0,16,19,-3
3568,0,5,51,-46
3569,0,372,273,99
3571,0,1399,3884,-2485
3572,0,26,5,21
3573,0,2771,2108,663
3574,0,1417,612,805
3575,0,11,14,-3
3576,0,390,101,289
3578,0,19,26,-7
3579,0,224,199,25
3580,0,62,51,11
3581,0,254,166,88
3582,0,49,120,-71
3583,0,152,15,137
3584,0,68,1,67
3585,0,39,13,26
3586,0,5,34,-29
3587,0,3311,534,2777
3588,0,288,19,269
3589,0,581,286,295
3590,0,8,1,7
3591,0,3827,124,3703
3592,0,167,134,33
3593,0,2,10,-8
3594,0,17,145,-128
3595,0,11,3,8
3596,0,495,61,434
3597,0,472,470,2
3598,0,26,52,-26
3599,0,18,28,-10
3600,0,8,41,-33
3601,0,95,98,-3
3602,0,69,170,-101
3603,0,2394,4868,-2474
3604,0,31,37,-6
3605,0,411,316,95
3606,0,47,43,4
3607,0,17,22,-5
3608,0,259,414,-155
3609,0,53,175,-122
3610,0,161,238,-77
3611,0,3,13,-10
3612,0,21,39,-18
3613,0,18,67,-49
3614,0,9,16,-7
3615,0,338,293,45
3616,0,27,52,-25
3617,0,109,232,-123
3618,0,48,41,7
3619,0,66,55,11
3620,0,2379,2557,-178
3622,0,51,19,32
3623,0,800,675,125
3624,0,31,4,27
3625,0,23,9,14
3626,0,331,439,-108
3627,0,175,91,84
3628,0,45,104,-59
3629,0,200,9,191
3630,0,17,4,13
3631,0,205,784,-579
3632,0,1,15,-14
3633,0,35,17,18
3634,0,7,46,-39
3635,0,212,420,-208
3636,0,9,47,-38
3637,0,762,2820,-2058
3638,0,111,177,-66
3639,0,74,60,14
3640,0,659,77,582
3641,0,43,19,24
3642,0,5,135,-130
3643,0,15,9,6
3645,0,64,102,-38
3647,0,15,34,-19
3650,0,169,103,66
3651,0,6,23,-17
3652,0,53,41,12
3653,0,3,6,-3
3654,0,7,14,-7
3655,0,426,436,-10
3657,0,2065,3129,-1064
3658,0,21,2,19
3659,0,31,86,-55
3660,0,38,24,14
3661,0,15,74,-59
3662,0,9,11,-2
3663,0,112,20,92
3664,0,74,31,43
3665,0,53,9,44
3666,0,14,17,-3
3668,0,16,39,-23
3669,0,86,80,6
3670,0,2048,961,1087
3671,0,467,771,-304
3672,0,548,818,-270
3673,0,144,212,-68
3674,0,1,2,-1
3675,0,7,30,-23
3676,0,4514,129,4385
3678,0,2601,160,2441
3679,0,577,377,200
3680,0,2301,1739,562
3681,0,21,9,12
3682,0,26,8,18
3683,0,74,80,-6
3684,0,77,58,19
3685,0,18,108,-90
3686,0,72,394,-322
3687,0,55,79,-24
3688,0,15,50,-35
3689,0,17,22,-5
3690,0,325,800,-475
3691,0,415,244,171
3693,0,19,20,-1
3694,0,6,14,-8
3695,0,69,126,-57
3696,0,522,419,103
3697,0,964,2743,-1779
3698,0,31,8,23
3699,0,62,26,36
3700,0,30,18,12
3701,0,11,42,-31
3702,0,9,44,-35
3703,0,27,42,-15
3704,0,11,5,6
3705,0,38,1,37
3706,0,192,151,41
3708,0,2,7,-5
3709,0,183,205,-22
3710,0,99,155,-56
3711,0,84,54,30
3712,0,102,35,67
3713,0,108,45,63
3714,0,116,100,16
3715,0,2,17,-15
3716,0,3,36,-33
3717,0,19,25,-6
3718,0,360,16,344
3719,0,574,682,-108
3720,0,228,179,49
3721,0,12,16,-4
3722,0,58,34,24
3723,0,28,52,-24
3724,0,62,23,39
3725,0,280,2666,-2386
3726,0,700,623,77
3727,0,9223,2533,6690
3728,0,60,29,31
3729,0,62,80,-18
3730,0,43,43,0
3732,0,99,6,93
3734,0,4309,1942,2367
3735,0,11,8,3
3736,0,25,140,-115
3737,0,7175,4769,2406
3740,0,213,104,109
3741,0,15,21,-6
3742,0,12,10,2
3743,0,69,113,-44
3745,0,111,45,66
3746,0,3044,4446,-1402
3747,0,36,30,6
3749,0,6,23,-17
3750,0,16,22,-6
3751,0,90,55,35
3752,0,341,615,-274
3753,0,1,1,0
3754,0,27,7,20
3755,0,10,15,-5
3756,0,44,59,-15
3757,0,42,66,-24
3758,0,380,246,134
3759,0,2,185,-183
3760,0,47,6,41
3761,0,117,103,14
3762,0,2500,134,2366
3763,0,964,318,646
3764,0,83,64,19
3765,0,8,6,2
3766,0,187,13,174
3767,0,25,25,0
3768,0,366,491,-125
3769,0,242,183,59
3770,0,89,24,65
3771,0,111,38,73
3773,0,58,39,19
3774,0,4659,4305,354
3775,0,71,217,-146
3776,0,21,19,2
3777,0,3,10,-7
3778,0,11,577,-566
3779,0,18,89,-71
3780,0,598,396,202
3781,0,12,5,7
3782,0,44,94,-50
3783,0,79,125,-46
3784,0,3760,1772,1988
3785,0,18,40,-22
3786,0,2,68,-66
3787,0,71,46,25
3788,0,78,13,65
3789,0,12,59,-47
3790,0,8,13,-5
3792,0,59,76,-17
3793,0,22,154,-132
3794,0,132,29,103
3795,0,22,79,-57
3796,0,2892,1743,1149
3797,0,31,15,16
3798,0,29,254,-225
3799,0,595,265,330
3800,0,5,7,-2
3801,0,14,5,9
3802,0,139,145,-6
3803,0,50,310,-260
3804,0,63,48,15
3805,0,606,895,-289
3806,0,276,399,-123
3807,0,37,37,0
3808,0,43,88,-45
3809,0,47,209,-162
3810,0,48,30,18
3811,0,2414,3702,-1288
3812,0,38,42,-4
3813,0,21,19,2
3814,0,323,101,222
3815,0,16367,18427,-2060
3816,0,154,185,-31
3817,0,34,30,4
3818,0,1006,817,189
3819,0,5,5,0
3820,0,255,203,52
3821,0,9,35,-26
3822,0,27,58,-31
3823,0,72,196,-124
3824,0,7,9,-2
3825,0,318,85,233
3826,0,12,28,-16
3827,0,122,8,114
3828,0,97,49,48
3829,0,1174,978,196
3830,0,9,37,-28
3831,0,2516,4927,-2411
3832,0,45,59,-14
3833,0,22,2,20
3834,0,8,22,-14
3835,0,127,59,68
3836,0,53,62,-9
3837,0,113,188,-75
3838,0,3,10,-7
3839,0,16,26,-10
3840,0,402,364,38
3841,0,6716,10321,-3605
3843,0,161,181,-20
3844,0,26,34,-8
3845,0,8025,7942,83
3846,0,1871,1781,90
3847,0,84,19,65
3848,0,43,207,-164
3849,0,332,1472,-1140
3850,0,499,184,315
3851,0,384,264,120
3852,0,932,779,153
3853,0,2,3,-1
3854,0,7,213,-206
3855,0,330,24,306
3856,0,30,289,-259
3857,0,3,9,-6
3858,0,507,390,117
3860,0,29,15,14
3861,0,15,18,-3
3862,0,8,19,-11
3863,0,58,252,-194
3864,0,37,43,-6
3865,0,744,360,384
3866,0,178,143,35
3867,0,216,445,-229
3868,0,91,552,-461
3869,0,33,156,-123
3870,0,2255,421,1834
3871,0,7,12,-5
3872,0,1709,2890,-1181
3873,0,16,21,-5
3874,0,2554,362,2192
3875,0,165,493,-328
3876,0,69,83,-14
3877,0,12,22,-10
3878,0,96,8,88
3879,0,56,11,45
3880,0,1387,996,391
3881,0,10,26,-16
3882,0,24,26,-2
3883,0,15,184,-169
3884,0,287,17,270
3885,0,611,432,179
3886,0,16,7,9
3887,0,210,81,129
3888,0,29,31,-2
3889,0,532,209,323
3890,0,297,151,146
3891,0,84,224,-140
3892,0,112,140,-28
3893,0,59,151,-92
3894,0,18,65,-47
3895,0,56,139,-83
3896,0,35,16,19
3897,0,174,172,2
3898,0,21,12,9
3899,0,89,301,-212
3900,0,56,92,-36
3901,0,148,138,10
3902,0,8,9,-1
3903,0,8511,2929,5582
3905,0,7,14,-7
3906,0,1324,866,458
3907,0,6,6,0
3908,0,25,23,2
3910,0,15,23,-8
3911,0,149,47,102
3912,0,25,11,14
3913,0,7,9,-2
3914,0,151,115,36
3916,0,94,47,47
3917,0,57,86,-29
3918,0,20,37,-17
3922,0,5,35,-30
3923,0,44,59,-15
3924,0,617,508,109
3925,0,166,11,155
3926,0,27,65,-38
3927,0,173,313,-140
3928,0,343,296,47
3930,0,97,89,8
3931,0,26,52,-26
3932,0,2775,4973,-2198
3933,0,119,99,20
3934,0,235,597,-362
3935,0,4360,3670,690
3936,0,5,16,-11
3937,0,10404,13484,-3080
3938,0,4125,5471,-1346
3939,0,47,93,-46
3940,0,577,232,345
3941,0,11939,11603,336
3942,0,27,64,-37
3943,0,21,33,-12
3944,0,564,91,473
3945,0,16,11,5
3946,0,68,82,-14
3947,0,5,1,4
3948,0,5,36,-31
3949,0,254,187,67
3950,0,113,251,-138
3951,0,39,25,14
3952,0,113,178,-65
3953,0,126,9,117
3954,0,76,13,63
3955,0,4,3,1
3956,0,35,43,-8
3957,0,875,74,801
3958,0,14,1,13
3959,0,917,1353,-436
3960,0,4,3,1
3961,0,3,18,-15
3962,0,254,59,195
3963,0,43,7,36
3964,0,786,553,233
3965,0,49,24,25
3966,0,15,8,7
3967,0,1466,1158,308
3968,0,14,17,-3
3970,0,3,10,-7
3971,0,18,75,-57
3972,0,33,108,-75
3973,0,83,57,26
3974,0,56,135,-79
3975,0,219,120,99
3976,0,37,164,-127
3977,0,73,18,55
3978,0,356,28,328
3979,0,259,1244,-985
3980,0,6,39,-33
3981,0,156,95,61
3982,0,6,40,-34
3984,0,45,7,38
3985,0,4750,2867,1883
3986,0,21,21,0
3987,0,237,387,-150
3988,0,74,207,-133
3989,0,46,28,18
3990,0,5782,2927,2855
3991,0,38,528,-490
3992,0,25,34,-9
3993,0,36,18,18
3995,0,117,70,47
3996,0,8,23,-15
3997,0,133,14,119
3999,0,1,13,-12
4000,0,7,2,5
4001,0,27,99,-72
4002,0,6,4,2
4003,0,39,21,18
4004,0,41,36,5
4005,0,136,116,20
4006,0,188,145,43
4007,0,142,366,-224
4008,0,50,69,-19
4009,0,1,10,-9
4010,0,4,1,3
4011,0,29,28,1
4012,0,40,31,9
4013,0,41,466,-425
4014,0,4270,87,4183
4015,0,1,7,-6
4016,0,5703,4758,945
4018,0,273,135,138
4019,0,334,253,81
4020,0,266,311,-45
4021,0,47,5,42
4022,0,558,1858,-1300
4023,0,44,31,13
4024,0,80,99,-19
4025,0,17,12,5
4026,0,176,442,-266
4027,0,2,38,-36
4028,0,30,21,9
4029,0,40,20,20
4030,0,29,41,-12
4033,0,341,1489,-1148
4034,0,32,34,-2
4035,0,9,0,9
4036,0,49,48,1
4037,0,123,0,123
4038,0,3107,4549,-1442
4039,0,25,8,17
4040,0,22,80,-58
4041,0,91,89,2
4042,0,12,1,11
4043,0,12,3,9
4044,0,21,199,-178
4045,0,146,134,12
4046,0,29,31,-2
4047,0,11510,2137,9373
4048,0,500,242,258
4049,0,44,64,-20
4050,0,5,107,-102
4051,0,43,59,-16
4052,0,222,381,-159
4053,0,125,870,-745
4054,0,41,34,7
4055,0,36,78,-42
4057,0,63,83,-20
4058,0,63,190,-127
4059,0,5,15,-10
4060,0,131,32,99
4061,0,2,10,-8
4062,0,1188,1934,-746
4063,0,76,276,-200
4064,0,7,4,3
4065,0,62,34,28
4066,0,3717,4332,-615
4067,0,82,57,25
4068,0,67,89,-22
4069,0,65,19,46
4070,0,633,673,-40
4071,0,195,100,95
4072,0,142,454,-312
4073,0,39,40,-1
4074,0,143,138,5
4075,0,11,18,-7
4076,0,30,4,26
4077,0,11,29,-18
4078,0,6,9,-3
4079,0,1,1,0
4080,0,4282,1621,2661
4081,0,11,4,7
4082,0,9,46,-37
4083,0,32,4,28
4084,0,270,393,-123
4085,0,43,9,34
4086,0,207,226,-19
4087,0,283,763,-480
4088,0,104,49,55
4089,0,6,32,-26
4090,0,39,104,-65
4091,0,29,40,-11
4092,0,483,306,177
4093,0,1492,1496,-4
4094,0,65,60,5
4095,0,1316,48,1268
4096,0,27,37,-10
4097,0,8,9,-1
4098,0,233,1050,-817
4099,0,70,157,-87
4100,0,7,14,-7
4101,0,62,3,59
4102,0,41,23,18
4103,0,44,20,24
4104,0,17,3,14
4105,0,25,42,-17
4106,0,2960,2515,445
4108,0,31,72,-41
4109,0,20,7,13
4110,0,2,5,-3
4112,0,63,56,7
4113,0,49,22,27
4115,0,145,70,75
4116,0,2,46,-44
4117,0,3,41,-38
4118,0,141,113,28
4119,0,101,95,6
4120,0,30,32,-2
4121,0,6,4,2
4122,0,24,22,2
4123,0,49,26,23
4124,0,77,137,-60
4125,0,11,15,-4
4126,0,14,40,-26
4127,0,7,6,1
4128,0,15,24,-9
4129,0,20,32,-12
4130,0,2,13,-11
4132,0,10,208,-198
4133,0,86,167,-81
4134,0,263,128,135
4135,0,10,48,-38
4136,0,512,592,-80
4137,0,171,162,9
4138,0,118,119,-1
4139,0,476,58,418
4141,0,771,970,-199
4142,0,332,331,1
4143,0,21,64,-43
4144,0,184,984,-800
4145,0,17,9,8
4146,0,35,40,-5
4147,0,343,124,219
4148,0,2,26,-24
4149,0,15,75,-60
4150,0,5,20,-15
4151,0,1633,1401,232
4152,0,36,40,-4
4153,0,32,50,-18
4154,0,115,755,-640
4155,0,128,111,17
4156,0,8,7,1
4158,0,11,18,-7
4159,0,204,91,113
4160,0,79,366,-287
4161,0,93,84,9
4162,0,43,148,-105
4163,0,3924,46,3878
4164,0,34,42,-8
4165,0,1442,72,1370
4166,0,18,56,-38
4167,0,172,100,72
4168,0,53,123,-70
4169,0,976,831,145
4170,0,16,0,16
4171,0,50,44,6
4172,0,137,49,88
4173,0,10,35,-25
4174,0,253,171,82
4175,0,1486,1818,-332
4176,0,1166,157,1009
4177,0,24,136,-112
4178,0,36,56,-20
4179,0,46,4,42
4180,0,33,57,-24
4181,0,1,15,-14
4182,0,15,187,-172
4183,0,6072,11861,-5789
4184,0,130,21,109
4185,0,8671,13508,-4837
4186,0,6,21,-15
4187,0,3,20,-17
4188,0,54,61,-7
4189,0,10,5,5
4190,0,1053,1631,-578
4192,0,14,7,7
4193,0,4,2,2
4194,0,5,46,-41
4195,0,77,52,25
4196,0,10259,8489,1770
4197,0,826,380,446
4198,0,140,64,76
4199,0,102,54,48
4200,0,1,19,-18
4201,0,15,9,6
4202,0,12,22,-10
4203,0,474,114,360
4204,0,12,28,-16
4205,0,2,13,-11
4206,0,125,111,14
4207,0,27,127,-100
4208,0,453,46,407
4209,0,52,4,48
4210,0,168,64,104
4212,0,4,18,-14
4213,0,565,703,-138
4214,0,49,89,-40
4215,0,251,52,199
4216,0,72,142,-70
4217,0,24,65,-41
4218,0,26,32,-6
4219,0,3356,6694,-3338
4220,0,59,81,-22
4221,0,71,48,23
4222,0,59,25,34
4224,0,18,16,2
4225,0,6,7,-1
4226,0,55,88,-33
4227,0,83,161,-78
4228,0,77,191,-114
4230,0,2363,5744,-3381
4231,0,32,264,-232
4232,0,11,16,-5
4233,0,324,251,73
4234,0,1435,1311,124
4235,0,165,236,-71
4236,0,18,34,-16
4237,0,31,47,-16
4238,0,57,57,0
4239,0,15,28,-13
4241,0,76,42,34
4242,0,656,575,81
4243,0,3,19,-16
4244,0,22,63,-41
4245,0,6,10,-4
4246,0,53,8,45
4247,0,22,32,-10
4249,0,19,2,17
4250,0,2524,1946,578
4251,0,235,200,35
4252,0,3824,1407,2417
4253,0,1,38,-37
4254,0,525,1080,-555
4255,0,59,67,-8
4256,0,3,12,-9
4257,0,7084,6878,206
4258,0,12,20,-8
4259,0,96,600,-504
4260,0,54,162,-108
4261,0,1762,302,1460
4262,0,58,98,-40
4263,0,13,90,-77
4264,0,60,28,32
4265,0,85,121,-36
4266,0,72,237,-165
4267,0,1093,1755,-662
4268,0,995,744,251
4269,0,650,1100,-450
4270,0,175,94,81
4271,0,12,13,-1
4272,0,13,48,-35
4273,0,479,177,302
4274,0,27,5,22
4275,0,339,1023,-684
4276,0,388,340,48
4277,0,108,75,33
4278,0,1424,2528,-1104
4279,0,1362,866,496
4280,0,23,21,2
4281,0,38,52,-14
4282,0,66,18,48
4283,0,12,19,-7
4284,0,12,6,6
4285,0,43,36,7
4286,0,13,27,-14
4287,0,22,72,-50
4288,0,1304,582,722
4289,0,1,13,-12
4290,0,1077,605,472
4291,0,22,16,6
4292,0,1,6,-5
4293,0,425,291,134
4294,0,99,65,34
4295,0,1370,1502,-132
4296,0,30,28,2
4298,0,33,44,-11
4299,0,11,19,-8
4300,0,48,31,17
4301,0,64,50,14
4302,0,6,36,-30
4303,0,288,769,-481
4304,0,22,88,-66
4305,0,82,146,-64
4306,0,273,150,123
4307,0,125,85,40
4308,0,164,159,5
4309,0,594,195,399
4311,0,5446,2957,2489
4312,0,346,703,-357
4313,0,5349,3440,1909
4314,0,375,109,266
4315,0,2305,937,1368
4316,0,92,305,-213
4317,0,45,17,28
4318,0,11,6,5
4319,0,497,774,-277
4320,0,52,146,-94
4321,0,36,130,-94
4322,0,9,53,-44
4323,0,272,288,-16
4324,0,905,1760,-855
4325,0,71,54,17
4326,0,32,11,21
4327,0,92,11,81
4328,0,51,137,-86
4330,0,60,44,16
4332,0,95,21,74
4333,0,7,6,1
4334,0,14,91,-77
4335,0,553,388,165
4336,0,6,11,-5
4339,0,31,33,-2
4340,0,1389,1885,-496
4341,0,205,138,67
4342,0,1936,6060,-4124
4343,0,77,13,64
4344,0,48,56,-8
4345,0,958,2673,-1715
4346,0,3,13,-10
4347,0,35,96,-61
4348,0,20,65,-45
4349,0,288,89,199
4350,0,152,67,85
4351,0,25,26,-1
4352,0,15,31,-16
4353,0,23,19,4
4354,0,68,29,39
4355,0,1706,45,1661
4356,0,15,46,-31
4357,0,228,36,192
4358,0,180,253,-73
4359,0,17,20,-3
4360,0,78,7,71
4361,0,27,26,1
4362,0,14,2,12
4363,0,1414,1801,-387
4364,0,28,77,-49
4365,0,6,10,-4
4366,0,14,16,-2
4368,0,77,223,-146
4369,0,40,86,-46
4370,0,766,498,268
4371,0,3,5,-2
4372,0,43,38,5
4373,0,264,61,203
4374,0,323,249,74
4375,0,50,169,-119
4376,0,1159,2162,-1003
4377,0,43,40,3
4378,0,12,62,-50
4379,0,32,16,16
4380,0,116,85,31
4381,0,163,437,-274
4382,0,373,236,137
4384,0,14,20,-6
4385,0,3,10,-7
4386,0,6658,10675,-4017
4387,0,49,99,-50
4388,0,31,87,-56
4389,0,32,8,24
4390,0,50,178,-128
4391,0,415,936,-521
4392,0,7,11,-4
4393,0,24,41,-17
4394,0,216,45,171
4395,0,12,2,10
4397,0,591,330,261
4399,0,1942,1948,-6
4400,0,275,345,-70
4401,0,317,116,201
4402,0,667,914,-247
4403,0,113,364,-251
4404,0,162,246,-84
4405,0,15,178,-163
4406,0,90,233,-143
4407,0,33,166,-133
4409,0,52,136,-84
4410,0,12,71,-59
4411,0,10,28,-18
4412,0,6354,1094,5260
4413,0,55,36,19
4414,0,1,2,-1
4415,0,4,19,-15
4416,0,1146,685,461
4417,0,23,12,11
4418,0,221,108,113
4419,0,2,37,-35
4420,0,37,1,36
4421,0,27,75,-48
4422,0,4879,4706,173
4423,0,33,48,-15
4424,0,102,155,-53
4425,0,249,73,176
4426,0,1387,426,961
4427,0,14,13,1
4428,0,476,228,248
4430,0,1,7,-6
4431,0,9,2,7
4432,0,24,44,-20
4433,0,3898,2098,1800
4434,0,31,13,18
4435,0,7,19,-12
4436,0,12,37,-25
4437,0,141,250,-109
4438,0,209,230,-21
4439,0,1226,4465,-3239
4440,0,94,160,-66
4441,0,260,322,-62
4442,0,212,312,-100
4443,0,325,445,-120
4444,0,77,118,-41
4445,0,81,96,-15
4446,0,85,8308,-8223
4447,0,61,37,24
4448,0,3320,1286,2034
4449,0,21,28,-7
4450,0,5,3,2
4451,0,6846,5274,1572
4452,0,5,57,-52
4453,0,62,63,-1
4454,0,53,40,13
4455,0,13,40,-27
4456,0,29,50,-21
4457,0,90,91,-1
4458,0,1295,1212,83
4459,0,1321,1876,-555
4460,0,167,276,-109
4461,0,2034,2969,-935
4462,0,81,176,-95
4463,0,112,134,-22
4464,0,145,307,-162
4465,0,21,33,-12
4466,0,224,66,158
4467,0,10,32,-22
4468,0,691,1292,-601
4469,0,17620,15007,2613
4470,0,5,36,-31
4471,0,54,161,-107
4472,0,83,79,4
4473,0,13,4,9
4474,0,55,29,26
4475,0,75,50,25
4478,0,42,26,16
4479,0,14752,19781,-5029
4480,0,2,7,-5
4481,0,4166,3876,290
4482,0,3,14,-11
4483,0,517,600,-83
4484,0,48,181,-133
4485,0,1,1,0
4486,0,135,272,-137
4487,0,145,91,54
4488,0,2,14,-12
4489,0,63,14,49
4490,0,45,28,17
4491,0,138,266,-128
4492,0,16,31,-15
4493,0,28,26,2
4494,0,8,1,7
4495,0,24,14,10
4496,0,200,658,-458
4497,0,192,757,-565
4498,0,223,255,-32
4499,0,6568,12097,-5529
4500,0,68,83,-15
4501,0,28,20,8
4502,0,8,7,1
4503,0,23,32,-9
4504,0,10,29,-19
4506,0,32,22,10
4507,0,100,146,-46
4508,0,271,405,-134
4509,0,17,29,-12
4510,0,82,135,-53
4511,0,300,462,-162
4512,0,31,24,7
4513,0,58,97,-39
4514,0,40,137,-97
4515,0,28,9,19
4516,0,712,614,98
4517,0,172,82,90
4518,0,73,83,-10
4519,0,51,439,-388
4520,0,281,113,168
4521,0,276,555,-279
4522,0,57,65,-8
4523,0,3332,745,2587
4524,0,49,35,14
4525,0,609,698,-89
4526,0,28,39,-11
4527,0,574,323,251
4528,0,4,9,-5
4529,0,2334,1551,783
4530,0,88,37,51
4531,0,39,39,0
4532,0,6,15,-9
4533,0,12,19,-7
4534,0,40,25,15
4535,0,120,74,46
4536,0,21,3,18
4537,0,15,15,0
4538,0,44,24,20
4539,0,1,14,-13
4540,0,64,20,44
4541,0,1059,1160,-101
4542,0,77,68,9
4543,0,108,18,90
4544,0,12,30,-18
4545,0,84,190,-106
4546,0,14,17,-3
4547,0,103,37,66
4548,0,13,50,-37
4549,0,11,61,-50
4551,0,343,69,274
4552,0,280,263,17
4553,0,2,4,-2
4554,0,26,19,7
4555,0,4,24,-20
4556,0,374,450,-76
4557,0,17,15,2
4558,0,257,137,120
4559,0,435,513,-78
4560,0,34,103,-69
4561,0,454,400,54
4562,0,425,954,-529
4563,0,6,3,3
4564,0,25,52,-27
4565,0,32,36,-4
4566,0,2,4,-2
4567,0,14,9,5
4568,0,3,18,-15
4569,0,384,189,195
4570,0,3,16,-13
4571,0,26,14,12
4572,0,213,136,77
4573,0,25,1,24
4574,0,67,260,-193
4575,0,245,38,207
4576,0,38,18,20
4577,0,79,156,-77
4578,0,9,49,-40
4579,0,36,55,-19
4580,0,1,9,-8
4581,0,843,422,421
4582,0,49,39,10
4583,0,74,109,-35
4584,0,17,13,4
4585,0,26,122,-96
4586,0,8,16,-8
4587,0,8,98,-90
4588,0,120,133,-13
4589,0,13,26,-13
4590,0,6,17,-11
4591,0,7,2,5
4592,0,12,31,-19
4593,0,170,94,76
4594,0,50,34,16
4595,0,30,94,-64
4596,0,198,56,142
4597,0,44,23,21
4598,0,5,8,-3
4599,0,88,40,48
4600,0,15,16,-1
4601,0,31,81,-50
4602,0,609,3,606
4603,0,441,907,-466
4604,0,5,10,-5
4605,0,1005,474,531
4606,0,17,73,-56
4607,0,246,318,-72
4608,0,5,27,-22
4609,0,1158,1558,-400
4610,0,150,62,88
4611,0,170,75,95
4612,0,12,13,-1
4613,0,14,13,1
4614,0,11,81,-70
4615,0,96,57,39
4616,0,787,1721,-934
4617,0,17,4,13
4618,0,36,19,17
4619,0,9,22,-13
4620,0,34,100,-66
4621,0,47,28,19
4622,0,38,52,-14
4623,0,260,57,203
4624,0,3,6,-3
4625,0,29,5,24
4626,0,66,46,20
4627,0,227,405,-178
4628,0,59,390,-331
4629,0,252,484,-232
4630,0,23,12,11
4631,0,12,43,-31
4632,0,1357,1413,-56
4633,0,129,233,-104
4634,0,9,9,0
4635,0,61,92,-31
4636,0,155,103,52
4637,0,481,254,227
4638,0,4,5,-1
4639,0,2,2,0
4640,0,1,1,0
4641,0,26,13,13
4642,0,779,1971,-1192
4643,0,445,330,115
4644,0,236,426,-190
4645,0,72,204,-132
4646,0,25,14,11
4647,0,621,1074,-453
4648,0,328,351,-23
4649,0,1,3,-2
4650,0,395,381,14
4651,0,2609,2644,-35
4652,0,29,64,-35
4653,0,20,7,13
4654,0,9023,8369,654
4655,0,6,31,-25
4656,0,4,10,-6
4657,0,3348,5489,-2141
4658,0,22,20,2
4659,0,48,43,5
4660,0,18,34,-16
4661,0,13,8,5
4662,0,17,38,-21
4663,0,5525,458,5067
4664,0,3386,5979,-2593
4666,0,7,31,-24
4667,0,8,41,-33
4668,0,6,29,-23
4669,0,103,115,-12
4670,0,18,256,-238
4671,0,186,141,45
4672,0,133,186,-53
4673,0,63,1057,-994
4674,0,113,115,-2
4676,0,25,39,-14
4677,0,5,11,-6
4678,0,156,180,-24
4679,0,305,591,-286
4680,0,70,60,10
4681,0,25,46,-21
4682,0,532,1004,-472
4683,0,242,247,-5
4684,0,98,24,74
4685,0,65,192,-127
4686,0,5359,2797,2562
4687,0,68,68,0
4688,0,87,86,1
4689,0,21,13,8
4690,0,13,1,12
4691,0,80,235,-155
4692,0,3,5,-2
4693,0,3,266,-263
4694,0,52,27,25
4695,0,1532,1077,455
4696,0,266,338,-72
4697,0,88,22,66
4698,0,72,12,60
4699,0,128,77,51
4700,0,28,60,-32
4701,0,42,54,-12
4702,0,19,30,-11
4703,0,2,109,-107
4704,0,11007,3123,7884
4705,0,240,91,149
4706,0,48,14,34
4707,0,2895,890,2005
4708,0,4836,7093,-2257
4709,0,1357,287,1070
4711,0,43,65,-22
4712,0,38,128,-90
4713,0,5,4,1
4714,0,9,40,-31
4715,0,239,534,-295
4716,0,82,556,-474
4717,0,90,189,-99
4718,0,48,57,-9
4719,0,13,17,-4
4720,0,903,1132,-229
4721,0,28,5,23
4722,0,73,14,59
4723,0,1328,1489,-161
4724,0,31,69,-38
4725,0,13,20,-7
4726,0,15,35,-20
4727,0,50,291,-241
4728,0,8,14,-6
4729,0,232,252,-20
4730,0,14,64,-50
4731,0,6,42,-36
4732,0,813,154,659
4734,0,82,33,49
4735,0,16,15,1
4736,0,611,750,-139
4737,0,21,8,13
4738,0,48,40,8
4739,0,27,181,-154
4740,0,787,280,507
4741,0,1,7,-6
4742,0,16,28,-12
4743,0,292,250,42
4744,0,148,88,60
4745,0,420,602,-182
4746,0,15,261,-246
4747,0,10,5,5
4748,0,57,70,-13
4749,0,155,370,-215
4750,0,229,58,171
4751,0,16,50,-34
4752,0,20,74,-54
4753,0,316,167,149
4754,0,42,55,-13
4755,0,53,27,26
4756,0,74,123,-49
4757,0,11,5,6
4758,0,1232,466,766
4759,0,7,12,-5
4760,0,801,835,-34
4761,0,56,102,-46
4762,0,13,30,-17
4763,0,32,3,29
4764,0,540,667,-127
4765,0,198,112,86
4766,0,67,249,-182
4767,0,38,62,-24
4768,0,20,16,4
4769,0,7589,7614,-25
4770,0,205,57,148
4771,0,31,37,-6
4773,0,23,53,-30
4775,0,91,32,59
4776,0,227,424,-197
4777,0,46,68,-22
4779,0,33,26,7
4780,0,1,6,-5
4781,0,220,364,-144
4782,0,49,1224,-1175
4783,0,6,28,-22
4784,0,689,266,423
4785,0,1,4,-3
4786,0,32,30,2
4787,0,1556,608,948
4788,0,30,0,30
4789,0,40,35,5
4790,0,29,15,14
4791,0,130,179,-49
4792,0,88,12,76
4794,0,67,58,9
4795,0,168,126,42
4796,0,303,448,-145
4797,0,9,22,-13
4798,0,11,9,2
4799,0,360,182,178
4800,0,4,25,-21
4801,0,79,109,-30
4802,0,15,10,5
4804,0,121,32,89
4805,0,98,24,74
4806,0,15,71,-56
4807,0,13,30,-17
4808,0,5480,2267,3213
4809,0,26,183,-157
4810,0,153,278,-125
4811,0,17,24,-7
4812,0,6729,4676,2053
4813,0,591,1638,-1047
4814,0,49,119,-70
4815,0,33,12,21
4816,0,724,210,514
4817,0,344,221,123
4818,0,147,282,-135
4819,0,33,11,22
4820,0,92,36,56
4822,0,12,46,-34
4823,0,11,48,-37
4824,0,4,11,-7
4825,0,67,184,-117
4826,0,9,92,-83
4827,0,216,437,-221
4828,0,290,250,40
4829,0,40,117,-77
4830,0,3136,4105,-969
4831,0,32,53,-21
4832,0,7,20,-13
4833,0,190,211,-21
4834,0,1810,4644,-2834
4835,0,3,41,-38
4836,0,10,13,-3
4837,0,32,36,-4
4838,0,1400,243,1157
4839,0,2,17,-15
4840,0,7,39,-32
4841,0,1,14,-13
4842,0,61,8,53
4843,0,5113,1915,3198
4844,0,6,18,-12
4846,0,9273,11670,-2397
4847,0,10,6,4
4848,0,24,32,-8
4849,0,10,30,-20
4850,0,166,77,89
4851,0,1,7,-6
4852,0,107,577,-470
4853,0,14,31,-17
4854,0,555,386,169
4855,0,253,123,130
4856,0,1000,2201,-1201
4857,0,15,10,5
4858,0,7,397,-390
4859,0,72,43,29
4860,0,57,22,35
4861,0,173,966,-793
4862,0,54,17,37
4863,0,59,78,-19
4864,0,24,196,-172
4865,0,43,19,24
4866,0,11,13,-2
4867,0,71,123,-52
4869,0,476,753,-277
4870,0,6,2,4
4871,0,279,186,93
4872,0,22,14,8
4873,0,8,32,-24
4874,0,42,60,-18
4875,0,48,16,32
4876,0,48,78,-30
4877,0,171,50,121
4878,0,14,25,-11
4879,0,3255,1150,2105
4880,0,27,23,4
4881,0,197,31,166
4882,0,232,2,230
4883,0,201,315,-114
4884,0,295,739,-444
4885,0,10,26,-16
4886,0,3,19,-16
4887,0,35,75,-40
4888,0,9,34,-25
4889,0,866,2042,-1176
4891,0,115,22,93
4892,0,76,12,64
4893,0,8,44,-36
4894,0,298,113,185
4895,0,2889,2691,198
4896,0,28,44,-16
4897,0,10,71,-61
4898,0,713,102,611
4899,0,147,104,43
4900,0,46,34,12
4901,0,74,55,19
4902,0,32,7,25
4903,0,421,6,415
4904,0,1446,1065,381
4905,0,28,46,-18
4906,0,60,165,-105
4907,0,1,49,-48
4908,0,7,68,-61
4909,0,30,44,-14
4910,0,2943,4574,-1631
4911,0,771,872,-101
4912,0,20,43,-23
4913,0,24,43,-19
4914,0,44,38,6
4915,0,2,4,-2
4916,0,105,30,75
4917,0,8368,13477,-5109
4918,0,18,235,-217
4920,0,37,20,17
4921,0,112,209,-97
4922,0,101,278,-177
4923,0,240,8,232
4924,0,42,18,24
4925,0,52,3,49
4927,0,75,59,16
4928,0,4,14,-10
4929,0,42,21,21
4930,0,8,13,-5
4931,0,4283,7797,-3514
4932,0,51,70,-19
4933,0,10,23,-13
4934,0,10,74,-64
4935,0,74,27,47
4936,0,98,115,-17
4937,0,41,8,33
4938,0,29,17,12
4939,0,3,25,-22
4940,0,25,19,6
4941,0,22,21,1
4942,0,693,385,308
4943,0,464,304,160
4944,0,101,38,63
4946,0,93,93,0
4947,0,8,7,1
4948,0,11,25,-14
4949,0,71,68,3
4950,0,58,69,-11
4951,0,11,13,-2
4952,0,503,705,-202
4953,0,6,87,-81
4954,0,14,7,7
4955,0,168,268,-100
4957,0,23,89,-66
4958,0,72,46,26
4959,0,16,4,12
4960,0,184,232,-48
4961,0,303,318,-15
4962,0,47,41,6
4963,0,5,8,-3
4964,0,70,65,5
4965,0,180,167,13
4966,0,79,245,-166
4967,0,2518,4846,-2328
4968,0,1826,3663,-1837
4969,0,90,974,-884
4970,0,42,17,25
4971,0,140,922,-782
4973,0,2,80,-78
4974,0,53,30,23
4975,0,3,23,-20
4976,0,325,315,10
4977,0,33,36,-3
4978,0,43,40,3
4979,0,1,11,-10
4980,0,956,1621,-665
4982,0,6,21,-15
4983,0,2,3,-1
4984,0,9,143,-134
4985,0,1610,2697,-1087
4986,0,148,366,-218
4987,0,1262,1707,-445
4988,0,15,14,1
4989,0,236,181,55
4990,0,3,7,-4
4991,0,888,310,578
4992,0,18,7,11
4993,0,3,9,-6
4994,0,53,224,-171
4995,0,24,41,-17
4996,0,8,41,-33
4998,0,50,11,39
4999,0,2,14,-12
5000,0,4140,2791,1349
5001,0,16,73,-57
5002,0,47,50,-3
5003,0,207,49,158
5004,0,3,14,-11
5005,0,111,141,-30
5006,0,41,7,34
5007,0,406,22,384
5008,0,15,6,9
5009,0,21,61,-40
5010,0,6,91,-85
5011,0,174,116,58
5012,0,496,282,214
5013,0,42,31,11
5014,0,9,6,3
5015,0,6,12,-6
5016,0,91,169,-78
5017,0,6,14,-8
5018,0,20,125,-105
5019,0,9,25,-16
5020,0,16,25,-9
5021,0,43,25,18
5022,0,528,434,94
5023,0,5,5,0
5024,0,44,66,-22
5025,0,6621,846,5775
5026,0,44,36,8
5028,0,4,1,3
5030,0,14,28,-14
5031,0,36,144,-108
5032,0,232,34,198
5033,0,30,30,0
5034,0,43,5,38
5035,0,34,43,-9
5036,0,12,6,6
5037,0,2,5,-3
5039,0,39,57,-18
5040,0,18,24,-6
5041,0,6,10,-4
5042,0,102,7,95
5043,0,142,303,-161
5044,0,278,659,-381
5045,0,555,830,-275
5046,0,50,68,-18
5047,0,10,14,-4
5048,0,8,15,-7
5049,0,16,8,8
5050,0,22,53,-31
5051,0,305,234,71
5052,0,2,3,-1
5053,0,36,26,10
5054,0,31,15,16
5055,0,6375,3806,2569
5056,0,83,17,66
5057,0,239,266,-27
5058,0,27,76,-49
5059,0,927,821,106
5060,0,368,760,-392
5061,0,25,11,14
5062,0,15,9,6
5063,0,31,97,-66
5064,0,105,76,29
5065,0,420,3090,-2670
5066,0,104,12,92
5067,0,30,16,14
5068,0,617,900,-283
5070,0,19,51,-32
5071,0,36,15,21
5072,0,192,868,-676
5073,0,54,18,36
5074,0,11,4,7
5075,0,166,131,35
5076,0,27,90,-63
5077,0,238,363,-125
5078,0,53,13,40
5079,0,1241,2730,-1489
5080,0,87,81,6
5081,0,35,30,5
5082,0,39,15,24
5083,0,27,14,13
5084,0,1266,1245,21
5085,0,683,941,-258
5086,0,33,4,29
5087,0,13,75,-62
5088,0,65,27,38
5089,0,6,5,1
5090,0,19,20,-1
5091,0,37,58,-21
5092,0,34,44,-10
5093,0,21,65,-44
5094,0,9,2,7
5095,0,333,286,47
5098,0,7,9,-2
5099,0,155,105,50
5100,0,74,40,34
5101,0,27,9,18
5102,0,22,16,6
5103,0,14,9,5
5104,0,68,19,49
5105,0,303,68,235
5106,0,129,9,120
5107,0,134,12,122
5108,0,24,52,-28
5109,0,12,64,-52
5110,0,20,33,-13
5111,0,158,172,-14
5112,0,20,84,-64
5113,0,2,1,1
5114,0,120,319,-199
5115,0,1156,3005,-1849
5116,0,13,3,10
5117,0,351,351,0
5118,0,73,1651,-1578
5119,0,16,135,-119
5120,0,405,270,135
5121,0,8,98,-90
5122,0,1336,1296,40
5123,0,97,142,-45
5125,0,311,402,-91
5126,0,31,22,9
5127,0,130,13,117
5128,0,10,5,5
5129,0,17,14,3
5130,0,363,5,358
5132,0,83,15,68
5133,0,24,36,-12
5134,0,12,7,5
5135,0,61,14,47
5136,0,51,32,19
5137,0,183,131,52
5138,0,11,236,-225
5139,0,131,13,118
5140,0,130,259,-129
5141,0,112,61,51
5142,0,2894,3317,-423
5143,0,92,75,17
5144,0,4,77,-73
5145,0,72,66,6
5146,0,47,83,-36
5147,0,1339,142,1197
5149,0,25,1710,-1685
5150,0,135,246,-111
5151,0,1005,1193,-188
5152,0,80,31,49
5153,0,4,4,0
5154,0,6,9,-3
5155,0,77,739,-662
5156,0,46,21,25
5158,0,77,102,-25
5160,0,78,96,-18
5161,0,59,26,33
5162,0,1,20,-19
5163,0,2,65,-63
5164,0,3,42,-39
5165,0,80,139,-59
5166,0,89,99,-10
5167,0,2,41,-39
5168,0,39,74,-35
5169,0,30,80,-50
5170,0,6,4,2
5171,0,84,46,38
5173,0,366,625,-259
5174,0,103,119,-16
5175,0,21,5,16
5177,0,4,142,-138
5178,0,2978,360,2618
5179,0,21,31,-10
5181,0,13,59,-46
5182,0,88,22,66
5183,0,565,1018,-453
5184,0,138,224,-86
5185,0,12,15,-3
5186,0,71,116,-45
5187,0,2509,2269,240
5188,0,24,16,8
5189,0,457,843,-386
5190,0,135,110,25
5191,0,614,39,575
5192,0,18,43,-25
5193,0,94,134,-40
5194,0,231,149,82
5195,0,61,88,-27
5196,0,1,17,-16
5197,0,197,19,178
5198,0,18,19,-1
5199,0,3,22,-19
5200,0,1,22,-21
5201,0,317,211,106
5202,0,74,29,45
5203,0,191,842,-651
5204,0,15,32,-17
5205,0,301,1520,-1219
5206,0,22,28,-6
5207,0,317,161,156
5208,0,1610,2736,-1126
5209,0,16,15,1
5210,0,11,41,-30
5211,0,126,335,-209
5213,0,85,244,-159
5214,0,77,211,-134
5216,0,18,55,-37
5217,0,14,53,-39
5218,0,56,174,-118
5219,0,156,241,-85
5220,0,77,196,-119
5221,0,204,148,56
5222,0,2,39,-37
5223,0,374,68,306
5224,0,105,11,94
5225,0,241,327,-86
5226,0,50,94,-44
5227,0,43,49,-6
5228,0,424,298,126
5229,0,5,16,-11
5230,0,20,9,11
5231,0,374,220,154
5232,0,10203,15148,-4945
5233,0,93,38,55
5234,0,5,21,-16
5236,0,2293,4276,-1983
5237,0,105,107,-2
5238,0,27,45,-18
5239,0,12,28,-16
5240,0,14,63,-49
5241,0,23,8,15
5242,0,745,447,298
5243,0,3,4,-1
5244,0,148,250,-102
5245,0,4,11,-7
5246,0,9,53,-44
5247,0,216,43,173
5248,0,155,46,109
5249,0,223,113,110
5250,0,3,3,0
5251,0,17,43,-26
5252,0,22,8,14
5253,0,6,6,0
5254,0,82,142,-60
5255,0,328,299,29
5256,0,32,42,-10
5258,0,5,17,-12
5259,0,187,178,9
5260,0,289,436,-147
5261,0,3056,4091,-1035
5262,0,31,58,-27
5263,0,22,81,-59
5265,0,95,157,-62
5266,0,33,59,-26
5267,0,12,39,-27
5268,0,9,29,-20
5269,0,89,11,78
5270,0,186,506,-320
5271,0,248,90,158
5272,0,24,1472,-1448
5273,0,15,18,-3
5274,0,27,360,-333
5275,0,13,104,-91
5277,0,424,261,163
5278,0,32,11,21
5279,0,331,1400,-1069
5280,0,7425,7504,-79
5281,0,20,34,-14
5282,0,42,83,-41
5283,0,1773,943,830
5284,0,11,17,-6
5285,0,81,260,-179
5286,0,76,124,-48
5287,0,185,16,169
5288,0,17,34,-17
5289,0,1,52,-51
5291,0,5,12,-7
5292,0,28,16,12
5293,0,25,13,12
5294,0,74,8,66
5295,0,75,50,25
5296,0,6,19,-13
5297,0,9,9,0
5298,0,13,1,12
5299,0,510,1444,-934
5300,0,6,6,0
5301,0,11,6,5
5302,0,63,65,-2
5303,0,21,87,-66
5304,0,69,21,48
5305,0,153,582,-429
5306,0,1,4,-3
5308,0,964,4914,-3950
5309,0,13,20,-7
5310,0,45,109,-64
5311,0,156,122,34
5312,0,7,92,-85
5313,0,41,29,12
5315,0,26,23,3
5316,0,161,62,99
5318,0,2,4,-2
5319,0,25,58,-33
5320,0,24,59,-35
5321,0,70,42,28
5322,0,95,111,-16
5323,0,145,244,-99
5324,0,17,5,12
5325,0,26,46,-20
5326,0,149,424,-275
5327,0,26,17,9
5328,0,414,246,168
5329,0,564,546,18
5330,0,5959,2256,3703
5331,0,10,5,5
5332,0,53,64,-11
5333,0,151,1622,-1471
5334,0,41,123,-82
5335,0,36,22,14
5336,0,67,8,59
5337,0,64,95,-31
5338,0,14,20,-6
5339,0,20,24,-4
5340,0,27,10,17
5341,0,31,8,23
5342,0,50,39,11
5343,0,3,9,-6
5344,0,3444,7586,-4142
5345,0,343,250,93
5346,0,3617,2871,746
5347,0,19,47,-28
5348,0,1,6,-5
5349,0,3,8,-5
5350,0,29,60,-31
5351,0,144,452,-308
5353,0,99,626,-527
5354,0,12,6,6
5355,0,9,6,3
5356,0,3573,4274,-701
5357,0,351,295,56
5358,0,108,84,24
5359,0,12,34,-22
5360,0,11,31,-20
5361,0,142,17,125
5362,0,8,13,-5
5363,0,1139,407,732
5364,0,264,466,-202
5365,0,5,15,-10
5366,0,43,62,-19
5367,0,5,1,4
5368,0,1769,1897,-128
5369,0,75,79,-4
5370,0,23,34,-11
5371,0,23,15,8
5372,0,473,89,384
5373,0,257,343,-86
5374,0,6,41,-35
5375,0,2267,5211,-2944
5376,0,70,15,55
5377,0,536,281,255
5378,0,37,4,33
5379,0,247,292,-45
5380,0,4,6,-2
5381,0,20,34,-14
5382,0,7,9,-2
5383,0,26,50,-24
5384,0,4,5,-1
5385,0,49,38,11
5386,0,136,61,75
5387,0,306,66,240
5388,0,4,22,-18
5389,0,150,118,32
5390,0,34,57,-23
5391,0,1407,499,908
5392,0,25,8,17
5393,0,23,45,-22
5394,0,313,153,160
5395,0,1,22,-21
5396,0,455,459,-4
5397,0,29,0,29
5398,0,52,84,-32
5399,0,445,508,-63
5400,0,14,4,10
5401,0,1941,1576,365
5402,0,3,23,-20
5404,0,2170,2851,-681
5405,0,1880,2029,-149
5406,0,2,11,-9
5407,0,149,190,-41
5408,0,1004,626,378
5409,0,74,25,49
5410,0,5917,9402,-3485
5411,0,1,11,-10
5412,0,63,83,-20
5413,0,31,64,-33
5414,0,15,29,-14
5415,0,71,79,-8
5416,0,45,244,-199
5417,0,87,286,-199
5418,0,34,11,23
5419,0,377,677,-300
5420,0,70,58,12
5421,0,4,22,-18
5422,0,55,65,-10
5423,0,237,170,67
5424,0,6377,10187,-3810
5425,0,89,43,46
5426,0,4,43,-39
5427,0,4,15,-11
5428,0,39,8,31
5430,0,128,89,39
5431,0,9,9,0
5434,0,25,80,-55
5435,0,58,9,49
5436,0,9,18,-9
5437,0,419,79,340
5438,0,81,58,23
5439,0,55,14,41
5440,0,2,8,-6
5443,0,209,102,107
5444,0,129,98,31
5445,0,12,45,-33
5446,0,6,51,-45
5448,0,3,47,-44
5449,0,172,46,126
5450,0,171,152,19
5451,0,3,2,1
5452,0,15,12,3
5453,0,549,600,-51
5454,0,1,4,-3
5455,0,114,71,43
5456,0,3,7,-4
5457,0,2,252,-250
5458,0,79,938,-859
5459,0,9,2,7
5461,0,1,24,-23
5462,0,55,27,28
5463,0,15,36,-21
5464,0,4354,2426,1928
5465,0,45,26,19
5466,0,8,46,-38
5468,0,30,78,-48
5469,0,51,23,28
5470,0,17,25,-8
5471,0,113,254,-141
5472,0,76,191,-115
5474,0,25,27,-2
5475,0,11,20,-9
5476,0,2,80,-78
5477,0,59,16,43
5478,0,25,36,-11
5479,0,7419,7673,-254
5480,0,536,753,-217
5481,0,68,84,-16
5482,0,6,4,2
5484,0,2,19,-17
5485,0,126,442,-316
5486,0,187,105,82
5487,0,37,14,23
5488,0,8,37,-29
5489,0,236,130,106
5490,0,798,1093,-295
5491,0,37,17,20
5492,0,54,160,-106
5493,0,2,13,-11
5494,0,20,13,7
5496,0,284,524,-240
5497,0,179,94,85
5498,0,13,95,-82
5499,0,333,154,179
5500,0,2,2,0
5501,0,1823,2523,-700
5502,0,35,209,-174
5503,0,41,42,-1
5504,0,55,98,-43
5505,0,21,199,-178
5506,0,298,626,-328
5507,0,28,7,21
5508,0,68,116,-48
5509,0,4189,1899,2290
5510,0,130,108,22
5511,0,2,8,-6
5512,0,7776,8912,-1136
5513,0,32,31,1
5515,0,3,8,-5
5516,0,4478,12786,-8308
5517,0,8323,8336,-13
5519,0,87,157,-70
5520,0,4197,4705,-508
5521,0,1154,66,1088
5522,0,1107,1172,-65
5523,0,14,27,-13
5524,0,169,284,-115
5525,0,535,249,286
5526,0,3,6,-3
5527,0,139,99,40
5528,0,171,51,120
5529,0,30,9,21
5530,0,402,641,-239
5531,0,358,25,333
5532,0,2047,4694,-2647
5533,0,2253,113,2140
5534,0,252,158,94
5535,0,261,157,104
5536,0,53,36,17
5537,0,9,10,-1
5539,0,5,17,-12
5540,0,114,54,60
5541,0,5,3,2
5543,0,4,16,-12
5544,0,117,338,-221
5545,0,113,290,-177
5546,0,6,6,0
5547,0,9,15,-6
5548,0,71,14,57
5549,0,216,2320,-2104
5550,0,4,3,1
5551,0,154,173,-19
5552,0,3,16,-13
5553,0,30,24,6
5554,0,38,26,12
5555,0,75,29,46
5556,0,752,1630,-878
5557,0,382,377,5
5558,0,266,298,-32
5559,0,32,14,18
5561,0,14,22,-8
5562,0,3,26,-23
5563,0,37,9,28
5564,0,10,180,-170
5565,0,34,112,-78
5566,0,23,229,-206
5567,0,1,4,-3
5568,0,38,14,24
5569,0,4,5,-1
5571,0,113,191,-78
5573,0,376,212,164
5574,0,111,37,74
5575,0,54,16,38
5576,0,27,15,12
5578,0,44,41,3
5579,0,185,280,-95
5581,0,1015,1669,-654
5582,0,37,32,5
5583,0,102,85,17
5584,0,6,26,-20
5585,0,21,111,-90
5586,0,145,144,1
5587,0,300,1236,-936
5588,0,62,48,14
5589,0,61,94,-33
5590,0,43,32,11
5591,0,9,70,-61
5592,0,91,31,60
5593,0,16,17,-1
5594,0,61,75,-14
5595,0,27,6,21
5596,0,4,33,-29
5597,0,303,207,96
5598,0,304,369,-65
5599,0,66,51,15
5600,0,432,238,194
5601,0,5461,6751,-1290
5602,0,7,6,1
5603,0,97,45,52
5604,0,24,19,5
5605,0,20,15,5
5606,0,40,25,15
5607,0,47,56,-9
5608,0,22,30,-8
5609,0,55,72,-17
5610,0,5,26,-21
5611,0,148,111,37
5612,0,752,804,-52
5613,0,3838,4210,-372
5614,0,188,218,-30
5615,0,8,3,5
5616,0,79,166,-87
5617,0,149,95,54
5618,0,4,23,-19
5619,0,215,132,83
5620,0,1,22,-21
5621,0,1065,929,136
5622,0,38,21,17
5623,0,36,77,-41
5624,0,3650,151,3499
5625,0,2,37,-35
5626,0,58,180,-122
5627,0,59,172,-113
5628,0,71,58,13
5629,0,9,8,1
5630,0,1100,697,403
5631,0,11,57,-46
5632,0,759,1762,-1003
5633,0,58,720,-662
5634,0,109,67,42
5635,0,816,908,-92
5636,0,31,15,16
5637,0,36,55,-19
5638,0,15,121,-106
5639,0,8,1,7
5640,0,180,138,42
5641,0,2461,2751,-290
5642,0,54,124,-70
5643,0,1,17,-16
5644,0,398,118,280
5645,0,130,225,-95
5646,0,274,293,-19
5647,0,745,528,217
5648,0,475,423,52
5649,0,879,930,-51
5650,0,59,50,9
5651,0,166,133,33
5652,0,2,11,-9
5653,0,607,457,150
5654,0,1233,3017,-1784
5655,0,1974,3634,-1660
5656,0,18,75,-57
5657,0,43,58,-15
5658,0,45,37,8
5659,0,101,249,-148
5660,0,55,18,37
5661,0,27,25,2
5662,0,183,688,-505
5663,0,39,52,-13
5664,0,5,34,-29
5665,0,33,2,31
5666,0,293,449,-156
5667,0,68,34,34
5668,0,99,126,-27
5669,0,26,38,-12
5670,0,14,2,12
5671,0,111,63,48
5672,0,52,11,41
5673,0,18,153,-135
5674,0,6,28,-22
5675,0,277,430,-153
5676,0,17,3,14
5677,0,50,29,21
5678,0,23,15,8
5679,0,800,347,453
5680,0,2484,5117,-2633
5681,0,1110,2460,-1350
5682,0,4,5,-1
5683,0,12,7,5
5684,0,57,158,-101
5685,0,44,85,-41
5686,0,30,32,-2
5687,0,1045,1225,-180
5688,0,169,116,53
5689,0,30,48,-18
5690,0,69,50,19
5691,0,9240,14591,-5351
5692,0,2152,467,1685
5693,0,3890,4947,-1057
5694,0,10,3,7
5695,0,95,105,-10
5696,0,96,129,-33
5697,0,63,3,60
5698,0,126,99,27
5699,0,215,295,-80
5700,0,676,607,69
5701,0,925,488,437
5702,0,119,70,49
5703,0,230,256,-26
5704,0,147,236,-89
5705,0,11,8,3
5706,0,41,90,-49
5707,0,4791,1465,3326
5708,0,15,54,-39
5709,0,124,220,-96
5710,0,262,226,36
5711,0,53,73,-20
5712,0,5,19,-14
5713,0,1,1,0
5714,0,82,67,15
5715,0,4,7,-3
5716,0,33,15,18
5717,0,23,28,-5
5718,0,7,22,-15
5719,0,3,28,-25
5720,0,24,47,-23
5721,0,202,212,-10
5722,0,169,144,25
5723,0,52,16,36
5724,0,10,39,-29
5725,0,46,156,-110
5726,0,842,102,740
5727,0,14,5,9
5728,0,3896,3430,466
5729,0,8,59,-51
5730,0,74,74,0
5731,0,80,94,-14
5732,0,4,2,2
5733,0,294,517,-223
5734,0,294,281,13
5735,0,381,692,-311
5736,0,294,59,235
5738,0,16,25,-9
5739,0,8,13,-5
5740,0,42,118,-76
5741,0,2400,958,1442
5742,0,93,358,-265
5743,0,30,41,-11
5744,0,62,202,-140
5745,0,200,386,-186
5746,0,105,219,-114
5747,0,26,93,-67
5748,0,69,80,-11
5749,0,4336,7232,-2896
5750,0,2,3,-1
5751,0,33,41,-8
5752,0,593,3037,-2444
5753,0,173,256,-83
5754,0,732,939,-207
5755,0,147,128,19
5756,0,19,7,12
5757,0,20,15,5
5758,0,34,44,-10
5759,0,261,161,100
5760,0,55,608,-553
5761,0,99,97,2
5762,0,158,145,13
5763,0,119,109,10
5764,0,84,34,50
5765,0,38,24,14
5767,0,358,400,-42
5768,0,73,57,16
5769,0,333,36,297
5770,0,46,43,3
5771,0,2615,2062,553
5773,0,401,377,24
5774,0,13,8,5
5775,0,685,306,379
5776,0,235,200,35
5777,0,12,2,10
5778,0,372,307,65
5779,0,53,36,17
5780,0,27,45,-18
5781,0,653,492,161
5782,0,826,613,213
5783,0,18,18,0
5784,0,1393,1692,-299
5785,0,1080,48,1032
5786,0,25,60,-35
5787,0,10,2,8
5788,0,4,5,-1
5789,0,37,1,36
5791,0,8,23,-15
5792,0,16,13,3
5793,0,239,197,42
5794,0,3620,1012,2608
5795,0,40,40,0
5796,0,62,19,43
5797,0,371,760,-389
5798,0,8,8,0
5799,0,205,159,46
5800,0,31,11,20
5801,0,66,28,38
5802,0,783,353,430
5803,0,30,88,-58
5804,0,543,324,219
5805,0,68,55,13
5806,0,20,76,-56
5807,0,103,91,12
5808,0,12,10,2
5809,0,22,35,-13
5810,0,5528,9301,-3773
5811,0,527,433,94
5812,0,90,21,69
5813,0,1779,1873,-94
5814,0,604,1245,-641
5815,0,45,173,-128
5816,0,326,371,-45
5818,0,177,275,-98
5819,0,12,22,-10
5820,0,21,49,-28
5821,0,126,114,12
5822,0,491,296,195
5823,0,17,70,-53
5824,0,59,16,43
5825,0,886,342,544
5826,0,25,17,8
5827,0,78,21,57
5828,0,3,24,-21
5829,0,20,25,-5
5830,0,3,3,0
5831,0,3970,5825,-1855
5832,0,39,32,7
5833,0,22,481,-459
5834,0,1016,146,870
5835,0,4023,3539,484
5836,0,5293,6366,-1073
5837,0,20,29,-9
5838,0,60,50,10
5839,0,12,13,-1
5840,0,5,12,-7
5841,0,78,153,-75
5842,0,99,7,92
5843,0,4,9,-5
5845,0,23,34,-11
5846,0,3028,1921,1107
5847,0,21136,25446,-4310
5848,0,8,19,-11
5849,0,94,104,-10
5850,0,249,157,92
5851,0,21,6,15
5852,0,4596,4892,-296
5853,0,2,34,-32
5854,0,35,1,34
5856,0,4,10,-6
5857,0,2795,4892,-2097
5858,0,162,380,-218
5859,0,105,267,-162
5860,0,298,452,-154
5861,0,8,2,6
5862,0,76,80,-4
5863,0,23,22,1
5864,0,302,1027,-725
5865,0,1,1,0
5867,0,26,29,-3
5868,0,99,206,-107
5869,0,2853,5842,-2989
5871,0,402,260,142
5872,0,29,32,-3
5873,0,146,151,-5
5874,0,93,7,86
5875,0,64,114,-50
5876,0,12,21,-9
5877,0,7,8,-1
5878,0,6,21,-15
5879,0,8,9,-1
5880,0,2,2,0
5881,0,18,32,-14
5882,0,430,736,-306
5883,0,6063,3326,2737
5884,0,5,4,1
5885,0,2,24,-22
5886,0,376,70,306
5887,0,61,47,14
5888,0,45,88,-43
5889,0,160,111,49
5891,0,4,5,-1
5892,0,66,21,45
5894,0,30,77,-47
5895,0,38,14,24
5896,0,86,58,28
5897,0,10,43,-33
5898,0,2,1,1
5899,0,109,94,15
5900,0,24,41,-17
5901,0,26,11,15
5902,0,81,191,-110
5904,0,185,229,-44
5905,0,1250,309,941
5906,0,16,60,-44
5907,0,6,61,-55
5908,0,2,58,-56
5909,0,82,100,-18
5910,0,265,13,252
5911,0,226,345,-119
5912,0,7483,9170,-1687
5913,0,173,600,-427
5914,0,66,62,4
5915,0,130,507,-377
5916,0,2,14,-12
5917,0,12,59,-47
5918,0,136,347,-211
5919,0,4,13,-9
5920,0,28,13,15
5921,0,127,206,-79
5922,0,1445,1311,134
5923,0,4,11,-7
5924,0,212,145,67
5925,0,2,4,-2
5926,0,24,19,5
5927,0,88,149,-61
5928,0,278,319,-41
5929,0,13,281,-268
5930,0,75,336,-261
5931,0,517,119,398
5932,0,557,956,-399
5933,0,1,11,-10
5934,0,123,126,-3
5935,0,48,16,32
5936,0,21,12,9
5937,0,4392,777,3615
5938,0,28,19,9
5939,0,22,20,2
5940,0,36,55,-19
5941,0,19,7,12
5942,0,548,1292,-744
5943,0,59,52,7
5944,0,7,5,2
5945,0,4,2,2
5946,0,18,34,-16
5947,0,29,22,7
5948,0,1039,424,615
5949,0,202,44,158
5950,0,30,29,1
5951,0,66,37,29
5952,0,88,62,26
5953,0,52,47,5
5954,0,33,124,-91
5955,0,9,6,3
5956,0,36,1,35
5957,0,887,158,729
5958,0,50,193,-143
5959,0,37,261,-224
5960,0,106,129,-23
5961,0,403,268,135
5962,0,43,150,-107
5963,0,22,34,-12
5964,0,89,42,47
5965,0,82,41,41
5966,0,10,5,5
5967,0,846,422,424
5968,0,28,36,-8
5969,0,25,89,-64
5970,0,11,15,-4
5971,0,33,44,-11
5973,0,12,14,-2
5974,0,5773,701,5072
5975,0,7,37,-30
5976,0,134,113,21
5977,0,3,17,-14
5978,0,2,46,-44
5979,0,7,5,2
5980,0,22,38,-16
5981,0,8,86,-78
5982,0,18,68,-50
5983,0,10,8,2
5984,0,1,2,-1
5985,0,29,15,14
5986,0,14,32,-18
5987,0,5,25,-20
5988,0,5004,5656,-652
5989,0,94,35,59
5990,0,2069,7960,-5891
5991,0,9,18,-9
5993,0,785,337,448
5994,0,150,54,96
5995,0,32,6,26
5996,0,2019,2015,4
5997,0,40,31,9
5998,0,68,66,2
5999,0,26,39,-13
6001,0,9,31,-22
6002,0,432,263,169
6003,0,11,9,2
6004,0,120,415,-295
6005,0,137,45,92
6006,0,55,72,-17
6008,0,317,270,47
6009,0,12,52,-40
6010,0,1245,1641,-396
6011,0,208,135,73
6012,0,119,97,22
6013,0,45,19,26
6014,0,12,27,-15
6015,0,547,373,174
6016,0,287,3054,-2767
6017,0,21,7,14
6018,0,436,482,-46
6019,0,85,187,-102
6020,0,9,9,0
6021,0,306,152,154
6022,0,100,36,64
6023,0,17,3,14
6024,0,60,42,18
6025,0,5,5,0
6026,0,310,523,-213
6027,0,17,7,10
6028,0,1,36,-35
6029,0,118,107,11
6030,0,1021,5390,-4369
6031,0,19,74,-55
6032,0,1470,1099,371
6033,0,126,109,17
6034,0,189,2,187
6035,0,10,9,1
6036,0,32,49,-17
6037,0,31,52,-21
6038,0,253,330,-77
6039,0,3,25,-22
6041,0,30,14,16
6042,0,31,50,-19
6043,0,14,42,-28
6045,0,71,38,33
6046,0,154,72,82
6047,0,153,219,-66
6048,0,238,106,132
6049,0,192,67,125
6050,0,581,1607,-1026
6051,0,138,216,-78
6052,0,31,36,-5
6053,0,955,252,703
6054,0,31,53,-22
6055,0,19,23,-4
6056,0,927,433,494
6057,0,34,17,17
6058,0,50,43,7
6059,0,8,5,3
6060,0,84,130,-46
6061,0,11,21,-10
6062,0,8,12,-4
6063,0,18,34,-16
6064,0,98,186,-88
6065,0,3,9,-6
6066,0,13,60,-47
6067,0,53,83,-30
6068,0,826,1293,-467
6069,0,428,255,173
6070,0,667,1316,-649
6071,0,1,4,-3
6072,0,287,292,-5
6073,0,1450,1450,0
6074,0,1,6,-5
6075,0,26,11,15
6076,0,96,39,57
6077,0,43,85,-42
6078,0,137,72,65
6079,0,12,2,10
6080,0,13,69,-56
6081,0,105,144,-39
6082,0,19,3,16
6083,0,59,37,22
6084,0,4,22,-18
6085,0,536,460,76
6086,0,57,42,15
6087,0,2058,519,1539
6088,0,69,397,-328
6089,0,34,27,7
6090,0,1150,153,997
6091,0,46,43,3
6092,0,27,46,-19
6093,0,3,202,-199
6094,0,79,92,-13
6095,0,11,4,7
6096,0,36,240,-204
6098,0,9,34,-25
6099,0,36,297,-261
6101,0,24,44,-20
6102,0,25,9,16
6104,0,6,52,-46
6105,0,14,14,0
6106,0,427,133,294
6108,0,25,10,15
6109,0,95,114,-19
6110,0,33,23,10
6111,0,4,17,-13
6112,0,5,6,-1
6114,0,549,1325,-776
6115,0,259,1106,-847
6116,0,33,33,0
6117,0,32,200,-168
6119,0,104,66,38
6120,0,7,51,-44
6121,0,49,49,0
6122,0,8,18,-10
6123,0,453,673,-220
6124,0,208,236,-28
6125,0,8,70,-62
6126,0,10,20,-10
6127,0,100,123,-23
6128,0,79,106,-27
6129,0,13,13,0
6130,0,1,2,-1
6131,0,3560,3760,-200
6132,0,263,143,120
6133,0,165,24,141
6134,0,106,149,-43
6136,0,11,3,8
6137,0,35,45,-10
6138,0,11,7,4
6139,0,115,73,42
6140,0,143,69,74
6141,0,32,30,2
6142,0,24735,31021,-6286
6143,0,6,24,-18
6144,0,1,35,-34
6146,0,12,9,3
6147,0,52,148,-96
6148,0,333,184,149
6149,0,64,40,24
6150,0,8,1,7
6151,0,21,423,-402
6152,0,44,53,-9
6153,0,20,36,-16
6154,0,167,252,-85
6155,0,541,1145,-604
6156,0,83,71,12
6157,0,35,113,-78
6158,0,128,348,-220
6159,0,170,721,-551
6160,0,11,12,-1
6161,0,3,2,1
6162,0,25,68,-43
6163,0,31,95,-64
6164,0,2642,2735,-93
6165,0,27,99,-72
6166,0,75,204,-129
6167,0,57,44,13
6168,0,3,11,-8
6169,0,24,46,-22
6171,0,79,314,-235
6172,0,195,237,-42
6173,0,1635,552,1083
6174,0,3,10,-7
6175,0,136,79,57
6176,0,11,48,-37
6177,0,352,375,-23
6178,0,19,138,-119
6179,0,13,109,-96
6180,0,318,122,196
6181,0,165,106,59
6182,0,41,23,18
6183,0,20,8,12
6184,0,991,2055,-1064
6185,0,11,41,-30
6186,0,15,68,-53
6187,0,105,81,24
6188,0,1,6,-5
6189,0,101,259,-158
6190,0,157,225,-68
6191,0,460,375,85
6192,0,464,0,464
6193,0,4,17,-13
6194,0,18,79,-61
6195,0,31,51,-20
6196,0,18,5,13
6197,0,1,7,-6
6198,0,438,240,198
6199,0,918,1210,-292
6200,0,222,100,122
6201,0,914,309,605
6202,0,57,52,5
6203,0,48,3,45
6204,0,988,1885,-897
6205,0,52,101,-49
6206,0,37,40,-3
6207,0,68,23,45
6208,0,115,11,104
6209,0,829,1164,-335
6210,0,49,434,-385
6211,0,322,326,-4
6212,0,1220,226,994
6213,0,29,16,13
6214,0,90,163,-73
6215,0,2,5,-3
6216,0,37,15,22
6217,0,3,18,-15
6218,0,24,63,-39
6219,0,18,96,-78
6220,0,55,121,-66
6221,0,7,32,-25
6222,0,57,99,-42
6223,0,48,88,-40
6224,0,58,37,21
6225,0,15,18,-3
6226,0,240,47,193
6227,0,483,49,434
6228,0,439,366,73
6229,0,851,2085,-1234
6230,0,30,27,3
6231,0,2862,647,2215
6232,0,16,85,-69
6233,0,130,105,25
6234,0,123,56,67
6235,0,232,219,13
6236,0,6,9,-3
6237,0,228,194,34
6238,0,175,267,-92
6239,0,260,563,-303
6241,0,23,79,-56
6242,0,260,181,79
6243,0,29,22,7
6244,0,38,83,-45
6245,0,56,84,-28
6246,0,94,11,83
6247,0,17,6,11
6248,0,12,15,-3
6249,0,5,14,-9
6250,0,3,43,-40
6251,0,100,142,-42
6252,0,147,153,-6
6253,0,51,59,-8
6254,0,1015,1949,-934
6255,0,9,31,-22
6256,0,4,5,-1
6257,0,13,72,-59
6258,0,394,45,349
6259,0,33,45,-12
6260,0,202,656,-454
6261,0,146,2,144
6262,0,178,39,139
6263,0,12,12,0
6264,0,105,42,63
6265,0,95,227,-132
6266,0,58,54,4
6267,0,19,69,-50
6268,0,168,171,-3
6269,0,10,16,-6
6270,0,22,18,4
6271,0,435,513,-78
6272,0,22,99,-77
6273,0,377,438,-61
6274,0,73,70,3
6275,0,19,10,9
6277,0,1866,1408,458
6278,0,5,4,1
6279,0,29,18,11
6281,0,5,19,-14
6282,0,122,190,-68
6283,0,19,22,-3
6284,0,1,29,-28
6285,0,88,63,25
6286,0,11,36,-25
6287,0,1,128,-127
6288,0,94,74,20
6289,0,176,145,31
6290,0,27,45,-18
6291,0,7,7,0
6292,0,14,25,-11
6293,0,3,7,-4
6294,0,18,4,14
6295,0,70,10,60
6296,0,556,1230,-674
6297,0,42,61,-19
6298,0,198,406,-208
6299,0,217,2227,-2010
6300,0,16,19,-3
6301,0,65,133,-68
6302,0,58,278,-220
6303,0,345,355,-10
6304,0,1,1,0
6305,0,189,444,-255
6306,0,21,48,-27
6308,0,63,205,-142
6309,0,250,384,-134
6310,0,4567,5083,-516
6311,0,150,100,50
6312,0,6,15,-9
6313,0,19,6,13
6314,0,30,47,-17
6315,0,59,69,-10
6316,0,35,29,6
6317,0,33,7,26
6318,0,781,1753,-972
6319,0,71,35,36
6320,0,2,0,2
6322,0,75,37,38
6323,0,32,40,-8
6324,0,35,33,2
6325,0,2,16,-14
6326,0,45,36,9
6327,0,55,79,-24
6328,0,1,3,-2
6329,0,44,133,-89
6330,0,83,699,-616
6331,0,61,67,-6
6332,0,173,192,-19
6333,0,2,1,1
6334,0,146,219,-73
6335,0,13,30,-17
6336,0,5688,6072,-384
6337,0,21,9,12
6338,0,1,25,-24
6339,0,18,13,5
6340,0,8,22,-14
6341,0,30,27,3
6342,0,23,107,-84
6343,0,12,4,8
6344,0,273,512,-239
6345,0,48,44,4
6347,0,120,18,102
6348,0,623,63,560
6349,0,3186,6118,-2932
6350,0,28,19,9
6351,0,5,2,3
6352,0,70,48,22
6353,0,5,4,1
6354,0,9,13,-4
6355,0,174,334,-160
6356,0,493,398,95
6357,0,1420,973,447
6358,0,231,9,222
6359,0,5,2,3
6360,0,59,100,-41
6362,0,3582,5188,-1606
6363,0,260,215,45
6364,0,597,2238,-1641
6365,0,89,121,-32
6366,0,194,209,-15
6367,0,10,12,-2
6368,0,8397,19065,-10668
6370,0,24,9,15
6371,0,46,20,26
6372,0,4,9,-5
6373,0,1008,42,966
6374,0,53,49,4
6375,0,7,12,-5
6376,0,132,197,-65
6378,0,1397,158,1239
6380,0,80,342,-262
6382,0,162,62,100
6383,0,811,1114,-303
6384,0,137,75,62
6386,0,29,112,-83
6387,0,317,332,-15
6388,0,88,37,51
6390,0,15,101,-86
6391,0,163,573,-410
6392,0,214,198,16
6393,0,571,652,-81
6394,0,165,77,88
6395,0,36,175,-139
6396,0,16,20,-4
6397,0,23,32,-9
6398,0,43,22,21
6399,0,75,44,31
6400,0,1,56,-55
6402,0,515,1035,-520
6404,0,152,405,-253
6405,0,2,34,-32
6406,0,3,1,2
6407,0,365,137,228
6408,0,2200,1268,932
6409,0,1285,5432,-4147
6410,0,4,16,-12
6411,0,289,695,-406
6412,0,240,412,-172
6413,0,223,197,26
6414,0,199,178,21
6415,0,297,160,137
6416,0,14,13,1
6417,0,193,91,102
6418,0,4465,8918,-4453
6419,0,152,152,0
6420,0,39,53,-14
6421,0,240,412,-172
6422,0,74,85,-11
6423,0,41,20,21
6424,0,55,48,7
6425,0,32,45,-13
6426,0,31,64,-33
6427,0,39,28,11
6428,0,6,26,-20
6429,0,39,19,20
6430,0,213,520,-307
6431,0,540,252,288
6432,0,25,34,-9
6433,0,158,196,-38
6434,0,35,50,-15
6435,0,8,8,0
6436,0,2539,5910,-3371
6437,0,8,22,-14
6438,0,63,78,-15
6439,0,83,229,-146
6440,0,3,6,-3
6441,0,511,286,225
6443,0,1020,665,355
6444,0,1946,6,1940
6445,0,16,20,-4
6446,0,71,64,7
6447,0,3,14,-11
6448,0,35,14,21
6449,0,20,51,-31
6450,0,25,139,-114
6451,0,119,276,-157
6452,0,365,59,306
6453,0,72,40,32
6454,0,1708,984,724
6455,0,23,5,18
6456,0,12,1,11
6457,0,1,9,-8
6458,0,73,1040,-967
6459,0,118,74,44
6460,0,8,15,-7
6462,0,89,122,-33
6464,0,25,25,0
6465,0,182,132,50
6466,0,16,11,5
6467,0,25,73,-48
6468,0,7,6,1
6469,0,30,18,12
6470,0,737,78,659
6471,0,138,33,105
6472,0,13,1,12
6473,0,3324,3039,285
6474,0,9074,1992,7082
6475,0,40,15,25
6476,0,183,72,111
6477,0,9,17,-8
6478,0,33,317,-284
6479,0,8,28,-20
6480,0,67,258,-191
6481,0,87,5,82
6482,0,73,69,4
6483,0,434,1341,-907
6484,0,4,5,-1
6485,0,9,63,-54
6486,0,92,321,-229
6487,0,9,12,-3
6488,0,19,45,-26
6489,0,63,167,-104
6491,0,59,13,46
6492,0,20065,126707,-106642
6493,0,4,18,-14
6495,0,28,35,-7
6496,0,2303,2412,-109
6498,0,5,23,-18
6499,0,29,114,-85
6500,0,63,25,38
6501,0,27,56,-29
6502,0,34,42,-8
6503,0,15,5,10
6504,0,236,151,85
6505,0,187,269,-82
6507,0,2173,2790,-617
6508,0,111,48,63
6509,0,645,571,74
6510,0,22,39,-17
6511,0,2174,485,1689
6512,0,105,151,-46
6513,0,4,0,4
6514,0,147,204,-57
6515,0,168,119,49
6516,0,19,14,5
6517,0,15,114,-99
6518,0,152,327,-175
6519,0,38,61,-23
6520,0,30,34,-4
6521,0,21,38,-17
6522,0,21,36,-15
6523,0,34,136,-102
6524,0,89,173,-84
6525,0,375,1360,-985
6526,0,1,28,-27
6527,0,92,48,44
6528,0,523,655,-132
6529,0,9,28,-19
6530,0,87,2,85
6531,0,368,446,-78
6532,0,94,45,49
6533,0,38,56,-18
6534,0,16,13,3
6535,0,11,4,7
6536,0,2639,4675,-2036
6538,0,9317,15320,-6003
6540,0,125,105,20
6541,0,2,11,-9
6542,0,159,29,130
6543,0,2007,1077,930
6544,0,854,534,320
6545,0,35,42,-7
6546,0,17,6,11
6547,0,3376,4780,-1404
6548,0,110,395,-285
6551,0,3615,4684,-1069
6552,0,53,64,-11
6553,0,26,10,16
6554,0,11,2,9
6555,0,6,26,-20
6556,0,23,84,-61
6557,0,178,682,-504
6558,0,1152,1089,63
6560,0,139,21,118
6561,0,7,3,4
6562,0,53,119,-66
6563,0,6,15,-9
6564,0,52,39,13
6565,0,1,3,-2
6566,0,65,112,-47
6567,0,42,67,-25
6568,0,4,3,1
6569,0,37,48,-11
6570,0,242,254,-12
6571,0,21,114,-93
6572,0,804,2164,-1360
6573,0,84,107,-23
6574,0,7,17,-10
6576,0,2143,2220,-77
6577,0,144,322,-178
6578,0,133,49,84
6579,0,725,244,481
6580,0,18,10,8
6581,0,83,198,-115
6582,0,1128,979,149
6583,0,79,121,-42
6584,0,34,326,-292
6585,0,7,31,-24
6586,0,144,53,91
6587,0,78,69,9
6588,0,1878,844,1034
6589,0,5,20,-15
6590,0,72,113,-41
6591,0,623,828,-205
6592,0,2,7,-5
6593,0,14,95,-81
6594,0,73,23,50
6595,0,753,798,-45
6596,0,163,61,102
6597,0,30,85,-55
6598,0,70,52,18
6600,0,63,26,37
6601,0,388,407,-19
6602,0,42,15,27
6603,0,152,89,63
6604,0,57,31,26
6605,0,117,187,-70
6606,0,48,45,3
6607,0,28,59,-31
6608,0,243,375,-132
6609,0,25,15,10
6610,0,96,111,-15
6611,0,9239,209325,-200086
6612,0,24,1,23
6613,0,3,70,-67
6614,0,91,48,43
6615,0,70,1122,-1052
6616,0,77,60,17
6617,0,123,180,-57
6618,0,21,47,-26
6619,0,276,255,21
6620,0,5,10,-5
6621,0,14,14,0
6622,0,2,12,-10
6623,0,21,637,-616
6624,0,1171,1161,10
6625,0,46,80,-34
6626,0,4,15,-11
6627,0,11,20,-9
6628,0,79,254,-175
6629,0,56,36,20
6630,0,47,14,33
6631,0,4375,1439,2936
6632,0,6,10,-4
6633,0,125,236,-111
6634,0,20,19,1
6635,0,4,14,-10
6636,0,21,133,-112
6637,0,38,24,14
6638,0,12,27,-15
6639,0,249,228,21
6641,0,15,18,-3
6642,0,15,12,3
6643,0,101,138,-37
6644,0,47,118,-71
6646,0,157,200,-43
6647,0,2,5,-3
6648,0,7,12,-5
6649,0,116,193,-77
6650,0,312,374,-62
6651,0,462,258,204
6652,0,4,21,-17
6653,0,16,15,1
6654,0,8,12,-4
6655,0,24,15,9
6656,0,151,180,-29
6657,0,1623,8046,-6423
6658,0,25,37,-12
6659,0,10,13,-3
6660,0,83,29,54
6661,0,2,4,-2
6662,0,3,32,-29
6663,0,345,477,-132
6665,0,1576,1855,-279
6666,0,254,506,-252
6667,0,208,299,-91
6668,0,147,67,80
6669,0,2,16,-14
6670,0,125,37,88
6671,0,4040,4558,-518
6672,0,25,218,-193
6673,0,64,65,-1
6674,0,11,31,-20
6675,0,38,27,11
6676,0,94,119,-25
6677,0,99,252,-153
6678,0,12,5,7
6679,0,61,60,1
6680,0,12938,14750,-1812
6681,0,5,15,-10
6682,0,195,38,157
6683,0,20,36,-16
6685,0,15,23,-8
6686,0,2003,4566,-2563
6687,0,8,1,7
6688,0,113,250,-137
6689,0,39,18,21
6690,0,73,17,56
6691,0,11,6,5
6693,0,19,22,-3
6694,0,1173,1148,25
6695,0,110,124,-14
6696,0,495,373,122
6697,0,1758,2295,-537
6698,0,16,13,3
6699,0,34,31,3
6700,0,5975,3773,2202
6701,0,775,1011,-236
6702,0,1,20,-19
6703,0,54,45,9
6704,0,18,8,10
6706,0,155,2129,-1974
6707,0,99,850,-751
6708,0,30,145,-115
6709,0,12,22,-10
6710,0,28,92,-64
6711,0,10,50,-40
6712,0,2,1,1
6713,0,93,72,21
6714,0,7,1687,-1680
6715,0,33,15,18
6716,0,40,30,10
6717,0,5,2,3
6718,0,146,1506,-1360
6719,0,303,882,-579
6720,0,1,13,-12
6721,0,611,699,-88
6723,0,747,338,409
6724,0,1,44,-43
6725,0,1629,580,1049
6726,0,948,185,763
6727,0,1,15,-14
6728,0,48,171,-123
6729,0,34,24,10
6732,0,3454,3259,195
6734,0,87,7,80
6735,0,117,9,108
6736,0,3218,1937,1281
6737,0,42,21,21
6738,0,1370,1328,42
6739,0,7,55,-48
6740,0,2,4,-2
6741,0,7,18,-11
6742,0,22,82,-60
6743,0,18,36,-18
6744,0,8,17,-9
6745,0,9,21,-12
6746,0,8,1103,-1095
6747,0,11,11,0
6748,0,165,244,-79
6749,0,178,43,135
6750,0,43,20,23
6751,0,1,24,-23
6752,0,304,241,63
6753,0,57,520,-463
6754,0,12,22,-10
6755,0,317,83,234
6756,0,2283,803,1480
6757,0,345,764,-419
6758,0,307,597,-290
6759,0,13,60,-47
6760,0,2,76,-74
6761,0,48,29,19
6762,0,24,53,-29
6763,0,223,211,12
6764,0,47,490,-443
6765,0,52,102,-50
6766,0,1023,723,300
6767,0,118,139,-21
6768,0,5,25,-20
6770,0,56,7,49
6771,0,750,432,318
6773,0,1148,64,1084
6774,0,72,16,56
6775,0,3,26,-23
6776,0,18,47,-29
6777,0,85,470,-385
6778,0,621,929,-308
6779,0,11,13,-2
6780,0,3,2,1
6781,0,19,21,-2
6782,0,6,25,-19
6783,0,1043,421,622
6784,0,11,13,-2
6785,0,68,25,43
6786,0,23,40,-17
6787,0,2385,3840,-1455
6788,0,3,19,-16
6790,0,144,193,-49
6791,0,32,71,-39
6792,0,23,296,-273
6793,0,74,158,-84
6794,0,811,491,320
6795,0,29,41,-12
6796,0,80,102,-22
6797,0,14,34,-20
6798,0,568,234,334
6799,0,138,148,-10
6800,0,253,117,136
6801,0,9177,14170,-4993
6802,0,142,88,54
6803,0,695,391,304
6805,0,19,83,-64
6806,0,3,39,-36
6807,0,50,64,-14
6808,0,1,1,0
6809,0,1,9,-8
6810,0,2,1,1
6811,0,9,19,-10
6812,0,229,97,132
6813,0,4,4,0
6814,0,2,37,-35
6815,0,16,18,-2
6816,0,104,82,22
6817,0,8,15,-7
6818,0,4204,238,3966
6819,0,9,26,-17
6820,0,38,31,7
6821,0,44,105,-61
6822,0,41,33,8
6824,0,121,238,-117
6825,0,14,95,-81
6826,0,1059,289,770
6827,0,14,16,-2
6828,0,16,0,16
6829,0,227,512,-285
6830,0,510,73,437
6831,0,194,402,-208
6832,0,7,44,-37
6833,0,2,7,-5
6834,0,11,13,-2
6835,0,221,53,168
6836,0,2,2,0
6837,0,42,17,25
6838,0,14,50,-36
6839,0,21,11,10
6840,0,81,103,-22
6841,0,104,55,49
6842,0,2827,3404,-577
6843,0,590,1072,-482
6844,0,51,35,16
6845,0,21,107,-86
6846,0,36,112,-76
6847,0,3,22,-19
6848,0,22,44,-22
6849,0,15,15,0
6850,0,629,594,35
6851,0,33,39,-6
6852,0,855,1536,-681
6854,0,444,172,272
6855,0,2,2,0
6856,0,144,21,123
6857,0,404,210,194
6859,0,361,2751,-2390
6860,0,174,49,125
6861,0,536,784,-248
6862,0,170,199,-29
6863,0,268,719,-451
6864,0,41,74,-33
6865,0,345,117,228
6866,0,33,67,-34
6867,0,15,25,-10
6868,0,4,18,-14
6869,0,527,316,211
6870,0,114,140,-26
6871,0,14485,12025,2460
6872,0,22,34,-12
6873,0,8,25,-17
6874,0,88,169,-81
6875,0,8590,9079,-489
6876,0,122,88,34
6877,0,34,27,7
6878,0,196,734,-538
6879,0,12,40,-28
6881,0,116,40,76
6882,0,144,195,-51
6883,0,27,20,7
6884,0,1638,1302,336
6885,0,267,59,208
6886,0,9,42,-33
6887,0,39,19,20
6888,0,1079,132,947
6889,0,1722,1087,635
6890,0,25,23,2
6891,0,71,282,-211
6892,0,1456,544,912
6893,0,17,14,3
6894,0,28,22,6
6895,0,5484,6719,-1235
6896,0,4,19,-15
6897,0,216,198,18
6898,0,159,222,-63
6899,0,30,57,-27
6900,0,344,2798,-2454
6901,0,1206,3009,-1803
6902,0,366,116,250
6903,0,167,93,74
6904,0,594,709,-115
6905,0,31,137,-106
6906,0,30,14,16
6907,0,16,34,-18
6908,0,16,10,6
6909,0,99,142,-43
6910,0,1,12,-11
6911,0,17,5,12
6912,0,34,47,-13
6913,0,41,70,-29
6914,0,123,268,-145
6915,0,9,9,0
6916,0,47,88,-41
6917,0,23,94,-71
6918,0,39,22,17
6919,0,13,19,-6
6920,0,19,56,-37
6921,0,72,87,-15
6922,0,30,22,8
6923,0,9,8,1
6924,0,24,8,16
6925,0,49,56,-7
6926,0,2306,6022,-3716
6927,0,224,387,-163
6928,0,192,111,81
6929,0,31,17,14
6930,0,50,74,-24
6931,0,135,65,70
6932,0,1524,2048,-524
6933,0,43,16,27
6934,0,52,43,9
6935,0,50,192,-142
6936,0,47,92,-45
6937,0,506,515,-9
6938,0,1670,475,1195
6939,0,567,102,465
6940,0,4,10,-6
6942,0,299,118,181
6943,0,8,11,-3
6944,0,6,18,-12
6945,0,301,340,-39
6946,0,10,3,7
6947,0,466,21,445
6948,0,38,39,-1
6949,0,6,5,1
6950,0,59,335,-276
6951,0,202,37,165
6952,0,633,1263,-630
6953,0,25,28,-3
6954,0,35,24,11
6955,0,10,24,-14
6956,0,10501,2427,8074
6957,0,22,40,-18
6958,0,8,163,-155
6959,0,1,3,-2
6960,0,18,8,10
6961,0,2202,460,1742
6962,0,25,27,-2
6963,0,37,54,-17
6964,0,36,30,6
6965,0,142,154,-12
6966,0,10,20,-10
6967,0,74,32,42
6968,0,267,67,200
6969,0,21,3,18
6970,0,1545,1778,-233
6971,0,406,146,260
6973,0,27,30,-3
6974,0,311,245,66
6975,0,58,410,-352
6976,0,4,4,0
6977,0,94,82,12
6978,0,498,199,299
6979,0,151,175,-24
6981,0,26,73,-47
6982,0,21,25,-4
6983,0,338,62,276
6984,0,145,165,-20
6985,0,45,47,-2
6986,0,33,63,-30
6987,0,28,997,-969
6988,0,119,144,-25
6989,0,27,104,-77
6990,0,44,548,-504
6991,0,6,2,4
6992,0,2,11,-9
6993,0,1223,817,406
6994,0,33,47,-14
6995,0,593,450,143
6996,0,2875,2331,544
6997,0,7,23,-16
6998,0,78,122,-44
6999,0,9,10,-1
7000,0,42,219,-177
7001,0,8,31,-23
7002,0,2,2,0
7003,0,8,71,-63
7005,0,829,396,433
7006,0,503,713,-210
7007,0,192,210,-18
7008,0,1317,2220,-903
7009,0,248,619,-371
7010,0,79,38,41
7011,0,37,124,-87
7012,0,69,170,-101
7013,0,17,17,0
7014,0,117,139,-22
7015,0,54,96,-42
7016,0,95,215,-120
7017,0,71,37,34
7018,0,22,23,-1
7019,0,40,85,-45
7020,0,222,615,-393
7021,0,5,16,-11
7022,0,789,354,435
7023,0,15,39,-24
7024,0,681,28,653
7025,0,37,88,-51
7026,0,45,39,6
7027,0,1891,221,1670
7029,0,74,116,-42
7030,0,90,77,13
7032,0,26,32,-6
7033,0,12,10,2
7034,0,57,170,-113
7035,0,15,16,-1
7036,0,129,107,22
7037,0,9,12,-3
7038,0,22,82,-60
7039,0,10,11,-1
7040,0,1959,1727,232
7041,0,86,209,-123
7042,0,36,32,4
7043,0,9,3,6
7044,0,104,32,72
7045,0,3025,6376,-3351
7046,0,93,312,-219
7047,0,1128,1067,61
7048,0,1305,1031,274
7050,0,7,341,-334
7051,0,52,92,-40
7052,0,11,60,-49
7053,0,25,58,-33
7054,0,19,17,2
7055,0,19,49,-30
7057,0,137,162,-25
7058,0,28,13,15
7059,0,17,82,-65
7061,0,8,9,-1
7062,0,13,47,-34
7063,0,28,75,-47
7064,0,33,103,-70
7065,0,14,50,-36
7066,0,9,12,-3
7067,0,41,47,-6
7068,0,19,41,-22
7069,0,193,17,176
7070,0,203,197,6
7071,0,64,32,32
7072,0,72,77,-5
7073,0,4,15,-11
7074,0,3,5,-2
7075,0,228,135,93
7076,0,403,343,60
7077,0,45,257,-212
7078,0,469,701,-232
7079,0,29,15,14
7080,0,44,10,34
7081,0,4,1,3
7082,0,279,505,-226
7083,0,17,35,-18
7084,0,28,16,12
7085,0,55,10,45
7086,0,102,180,-78
7087,0,3,32,-29
7088,0,583,613,-30
7089,0,1580,2839,-1259
7090,0,52,74,-22
7091,0,35,122,-87
7092,0,130,205,-75
7093,0,23,664,-641
7094,0,57,96,-39
7095,0,15,27,-12
7096,0,328,423,-95
7097,0,1602,1701,-99
7098,0,123,190,-67
7099,0,15,26,-11
7100,0,47,73,-26
7101,0,1,6,-5
7102,0,1,45,-44
7103,0,4,1,3
7104,0,60,109,-49
7105,0,425,567,-142
7106,0,63,66,-3
7108,0,134,180,-46
7109,0,137,31,106
7110,0,5,8,-3
7111,0,5539,4450,1089
7112,0,3,21,-18
7114,0,109,138,-29
7115,0,77,23,54
7116,0,5,6,-1
7117,0,249,381,-132
7118,0,2,32,-30
7119,0,24,13,11
7120,0,10,8,2
7121,0,21,4,17
7122,0,4823,6300,-1477
7123,0,2014,3208,-1194
7124,0,45,19,26
7125,0,2,17,-15
7126,0,36,10,26
7127,0,57,37,20
7128,0,378,1067,-689
7129,0,17,2,15
7130,0,59,113,-54
7131,0,33,5,28
7132,0,565,66,499
7134,0,32,118,-86
7135,0,12,109,-97
7136,0,79,244,-165
7137,0,9,41,-32
7138,0,46,23,23
7139,0,641,675,-34
7140,0,10,432,-422
7141,0,57,102,-45
7142,0,953,623,330
7143,0,134,64,70
7144,0,13,41,-28
7145,0,6,7,-1
7146,0,1568,1745,-177
7147,0,19,65,-46
7148,0,197,498,-301
7149,0,16,32,-16
7150,0,157,25,132
7151,0,15,18,-3
7152,0,264,332,-68
7153,0,97,17,80
7154,0,64,39,25
7155,0,77,99,-22
7156,0,45,57,-12
7157,0,67,124,-57
7158,0,82,75,7
7159,0,2,11,-9
7160,0,9,24,-15
7161,0,15,25,-10
7162,0,1249,1562,-313
7163,0,61,172,-111
7164,0,30,55,-25
7165,0,142,121,21
7166,0,202,14,188
7167,0,130,6,124
7168,0,6,49,-43
7169,0,72,31,41
7170,0,323,64,259
7171,0,3293,8250,-4957
7172,0,55,99,-44
7173,0,597,784,-187
7174,0,65,23,42
7175,0,11,24,-13
7176,0,6,16,-10
7177,0,99,93,6
7178,0,277,214,63
7179,0,224,164,60
7180,0,479,1353,-874
7181,0,6,61,-55
7183,0,70,82,-12
7184,0,32,25,7
7185,0,158,255,-97
7186,0,80,176,-96
7187,0,49,73,-24
7188,0,34,97,-63
7189,0,2514,21,2493
7190,0,30,66,-36
7191,0,15,81,-66
7192,0,63,116,-53
7193,0,191,100,91
7194,0,46,81,-35
7195,0,17,8,9
7196,0,125,154,-29
7197,0,20,11,9
7198,0,200,170,30
7199,0,4,33,-29
7200,0,4090,2578,1512
7201,0,23,117,-94
7202,0,55,36,19
7203,0,13,2,11
7204,0,22,63,-41
7205,0,42,105,-63
7206,0,32,33,-1
7207,0,204,345,-141
7208,0,3,40,-37
7209,0,765,890,-125
7210,0,56,74,-18
7211,0,18,68,-50
7213,0,12,15,-3
7214,0,65,198,-133
7216,0,14,5,9
7217,0,4,5,-1
7218,0,1,30,-29
7219,0,58,11,47
7220,0,236,166,70
7221,0,33,18,15
7222,0,11,5,6
7223,0,25,4,21
7224,0,77,65,12
7225,0,526,25,501
7226,0,29,185,-156
7227,0,41,64,-23
7228,0,312,449,-137
7229,0,33,19,14
7230,0,1253,4712,-3459
7231,0,2,3,-1
7232,0,109,112,-3
7233,0,10,27,-17
7234,0,8,15,-7
7235,0,13,3,10
7236,0,92,163,-71
7237,0,31,4,27
7238,0,113,75,38
7239,0,63,84,-21
7240,0,27,5,22
7241,0,22,11,11
7242,0,33,23,10
7243,0,223,197,26
7245,0,16,54,-38
7246,0,162,307,-145
7248,0,93,46,47
7249,0,91,191,-100
7250,0,46,64,-18
7251,0,18,130,-112
7252,0,34,218,-184
7253,0,87,76,11
7254,0,6,3,3
7255,0,1,10,-9
7256,0,208,244,-36
7257,0,140,210,-70
7258,0,4,24,-20
7259,0,1789,10093,-8304
7260,0,9,8,1
7261,0,7,22,-15
7262,0,32,38,-6
7263,0,307,912,-605
7264,0,30,62,-32
7265,0,111,48,63
7266,0,1515,954,561
7267,0,141,157,-16
7268,0,23,118,-95
7269,0,80,43,37
7270,0,40,43,-3
7271,0,7,67,-60
7272,0,66,70,-4
7273,0,617,1580,-963
7274,0,860,405,455
7275,0,1204,1132,72
7276,0,812,424,388
7277,0,4156,3512,644
7279,0,7,4,3
7280,0,40,24,16
7281,0,6,98,-92
7282,0,9,20,-11
7283,0,10,29,-19
7284,0,119,83,36
7285,0,16,61,-45
7286,0,72,189,-117
7287,0,426,435,-9
7289,0,2174,5101,-2927
7290,0,666,270,396
7291,0,64,35,29
7292,0,6,1245,-1239
7293,0,8525,11258,-2733
7294,0,23,66,-43
7295,0,28,50,-22
7296,0,6,13,-7
7297,0,224,26,198
7298,0,11,26,-15
7299,0,28,1,27
7300,0,19,19,0
7301,0,26,12,14
7302,0,12,36,-24
7303,0,10,16,-6
7305,0,11,21,-10
7306,0,15,23,-8
7307,0,89,140,-51
7308,0,23,66,-43
7309,0,2339,5746,-3407
7310,0,283,292,-9
7311,0,871,578,293
7312,0,69,179,-110
7313,0,30,44,-14
7314,0,13,54,-41
7315,0,11,18,-7
7316,0,11,19,-8
7317,0,169,116,53
7318,0,439,305,134
7319,0,251,303,-52
7320,0,34,46,-12
7321,0,915,523,392
7322,0,27,25,2
7323,0,82,35,47
7324,0,41,35,6
7325,0,116,15,101
7326,0,221,1074,-853
7327,0,33,11,22
7328,0,1111,303,808
7329,0,210,29,181
7330,0,18,16,2
7331,0,1082,1143,-61
7332,0,71,73,-2
7333,0,1936,2191,-255
7334,0,582,439,143
7335,0,20,376,-356
7336,0,2502,6918,-4416
7337,0,46,60,-14
7338,0,15,31,-16
7339,0,36,25,11
7340,0,38,47,-9
7341,0,19,24,-5
7343,0,17,221,-204
7344,0,42,115,-73
7345,0,24,35,-11
7346,0,87,255,-168
7347,0,70,166,-96
7348,0,2,23,-21
7349,0,45,40,5
7350,0,82,509,-427
7351,0,10,5,5
7352,0,122,238,-116
7353,0,371,25,346
7354,0,32,58,-26
7356,0,24,39,-15
7357,0,376,1996,-1620
7358,0,24,45,-21
7359,0,35,17,18
7360,0,23,51,-28
7361,0,6,11,-5
7362,0,158,116,42
7363,0,127,171,-44
7364,0,22,42,-20
7365,0,133,57,76
7366,0,284,738,-454
7367,0,17,16,1
7368,0,140,120,20
7369,0,6183,3084,3099
7372,0,117733,7723,110010
7373,0,10,13,-3
7374,0,1,6,-5
7375,0,13,11,2
7376,0,94,155,-61
7377,0,376,356,20
7378,0,35,27,8
7379,0,169,241,-72
7380,0,3349,3384,-35
7381,0,39,66,-27
7382,0,55,34,21
7383,0,28,72,-44
7384,0,9,25,-16
7385,0,31,70,-39
7386,0,40,2,38
7388,0,126,50,76
7389,0,23,42,-19
7390,0,9353,10920,-1567
7391,0,124,281,-157
7392,0,5,17,-12
7393,0,265,27,238
7394,0,191,398,-207
7395,0,67,100,-33
7396,0,18,99,-81
7397,0,31,10,21
7398,0,105,142,-37
7399,0,573,351,222
7401,0,62,171,-109
7402,0,16,76,-60
7404,0,74,149,-75
7405,0,99,13,86
7406,0,409,161,248
7407,0,71,767,-696
7408,0,59,73,-14
7409,0,19,11,8
7410,0,47,62,-15
7411,0,9,3,6
7412,0,19,7,12
7413,0,23,63,-40
7414,0,769,855,-86
7415,0,78,19,59
7416,0,3,24,-21
7417,0,451,681,-230
7418,0,195,119,76
7419,0,2777,5680,-2903
7420,0,120,216,-96
7421,0,88,157,-69
7422,0,14,21,-7
7423,0,521,139,382
7424,0,23,10,13
7425,0,21,51,-30
7426,0,20,75,-55
7427,0,138,91,47
7428,0,76,144,-68
7429,0,32,24,8
7430,0,10,20,-10
7431,0,91,112,-21
7432,0,13,16,-3
7433,0,9,4,5
7434,0,152,191,-39
7435,0,19,18,1
7436,0,62,149,-87
7437,0,48,39,9
7438,0,21,30,-9
7439,0,78,70,8
7440,0,18,4,14
7441,0,124,123,1
7442,0,2283,3489,-1206
7443,0,50,56,-6
7445,0,1346,1514,-168
7447,0,36,65,-29
7448,0,8,31,-23
7449,0,51,61,-10
7450,0,34,91,-57
7451,0,231,588,-357
7452,0,1955,779,1176
7453,0,67,114,-47
7454,0,548,215,333
7455,0,3957,4898,-941
7456,0,391,166,225
7457,0,458,132,326
7458,0,13,30,-17
7459,0,30,53,-23
7460,0,2136,419,1717
7462,0,6388,4675,1713
7463,0,6,3,3
7464,0,39,67,-28
7465,0,6155,8773,-2618
7466,0,93,157,-64
7467,0,37,75,-38
7468,0,2,3,-1
7469,0,21,4,17
7471,0,1381,968,413
7472,0,238,261,-23
7473,0,14,63,-49
7474,0,63,236,-173
7475,0,55,43,12
7476,0,658,550,108
7477,0,18,24,-6
7478,0,47,186,-139
7479,0,9,3,6
7480,0,36,82,-46
7481,0,2287,1761,526
7482,0,95,245,-150
7483,0,8,26,-18
7484,0,118,143,-25
7485,0,45,10,35
7486,0,1,6,-5
7487,0,170,178,-8
7488,0,540,633,-93
7489,0,75,116,-41
7490,0,1,8,-7
7491,0,12,11,1
7492,0,59,31,28
7494,0,45,21,24
7495,0,11,8,3
7496,0,13,13,0
7497,0,18,61,-43
7498,0,2,15,-13
7499,0,69,78,-9
7500,0,51,120,-69
7501,0,55,42,13
7503,0,14,7,7
7504,0,52,220,-168
7505,0,329,3785,-3456
7506,0,7,28,-21
7507,0,74,118,-44
7508,0,234043,326874,-92831
7509,0,43,59,-16
7510,0,1548,822,726
7511,0,60,40,20
7513,0,168,185,-17
7514,0,137,303,-166
7515,0,53,24,29
7516,0,28,26,2
7517,0,15,8,7
7518,0,18,39,-21
7519,0,29,34,-5
7520,0,204,435,-231
7522,0,9,10,-1
7523,0,21,31,-10
7524,0,5,71,-66
7525,0,10,12,-2
7526,0,16,34,-18
7527,0,1575,523,1052
7528,0,5185,4513,672
7529,0,15,11,4
7530,0,17,128,-111
7531,0,126,38,88
7532,0,39,47,-8
7533,0,348,154,194
7534,0,4,23,-19
7536,0,1004,674,330
7538,0,93,43,50
7539,0,65,229,-164
7540,0,68,508,-440
7541,0,4,27,-23
7542,0,2245,3152,-907
7544,0,232,527,-295
7545,0,6,37,-31
7546,0,60,54,6
7547,0,127,193,-66
7548,0,44,20,24
7549,0,291,181,110
7550,0,678,235,443
7552,0,18,21,-3
7553,0,149,76,73
7554,0,313,528,-215
7555,0,1,6,-5
7556,0,12,29,-17
7557,0,89,127,-38
7558,0,56,130,-74
7559,0,42,33,9
7561,0,1343,93,1250
7562,0,185,444,-259
7563,0,441,285,156
7564,0,12,16,-4
7565,0,111,161,-50
7566,0,1252,1616,-364
7567,0,7,10,-3
7568,0,140,56,84
7569,0,2031,1933,98
7570,0,263,313,-50
7571,0,604,441,163
7572,0,349,534,-185
7573,0,12,8,4
7575,0,12,8,4
7576,0,87,240,-153
7577,0,17,20,-3
7578,0,3,11,-8
7579,0,61,201,-140
7580,0,237,115,122
7581,0,51,55,-4
7582,0,113,306,-193
7583,0,6,9,-3
7584,0,96,270,-174
7585,0,562,921,-359
7586,0,44,89,-45
7587,0,16,10,6
7588,0,198,202,-4
7589,0,11,1,10
7590,0,178,2650,-2472
7591,0,110,29,81
7592,0,23,25,-2
7594,0,136,121,15
7595,0,77,61,16
7596,0,154,97,57
7597,0,17,32,-15
7598,0,34,64,-30
7599,0,632,245,387
7600,0,238,82,156
7601,0,476,819,-343
7602,0,241,137,104
7603,0,48,112,-64
7604,0,4,135,-131
7605,0,327,732,-405
7606,0,22,23,-1
7607,0,237,222,15
7608,0,281,264,17
7609,0,585,929,-344
7610,0,32,100,-68
7611,0,869,1163,-294
7612,0,14,8,6
7613,0,40,13,27
7614,0,3,2,1
7615,0,53,54,-1
7616,0,3207,3204,3
7617,0,50,103,-53
7618,0,117,98,19
7619,0,22,31,-9
7620,0,11,22,-11
7621,0,14,27,-13
7622,0,132,85,47
7623,0,1129,2800,-1671
7624,0,2869,341,2528
7625,0,769,1432,-663
7626,0,34,11,23
7627,0,1149,395,754
7628,0,38,19,19
7630,0,85,111,-26
7631,0,167,648,-481
7632,0,110,114,-4
7634,0,69,212,-143
7635,0,8992,11509,-2517
7636,0,801,62,739
7637,0,38,87,-49
7638,0,42,85,-43
7639,0,96,66,30
7640,0,39,14,25
7641,0,111,53,58
7642,0,418,39,379
7643,0,657,2632,-1975
7645,0,4,35,-31
7646,0,97,131,-34
7647,0,2874,6205,-3331
7649,0,2012,1463,549
7650,0,339,271,68
7651,0,79,41,38
7652,0,4,43,-39
7653,0,276,349,-73
7654,0,44,57,-13
7655,0,8286,8574,-288
7656,0,16,4,12
7657,0,435,10,425
7658,0,39,45,-6
7659,0,38,6,32
7660,0,204,237,-33
7661,0,25,26,-1
7662,0,17,23,-6
7663,0,127,148,-21
7664,0,575,531,44
7665,0,57,80,-23
7666,0,10,13,-3
7667,0,3,4,-1
7668,0,52,72,-20
7669,0,17,28,-11
7670,0,228,214,14
7671,0,28,12,16
7672,0,70,64,6
7673,0,11,24,-13
7674,0,60,61,-1
7675,0,132,1116,-984
7676,0,7,32,-25
7677,0,13,172,-159
7678,0,127,157,-30
7681,0,18,23,-5
7682,0,126,26,100
7683,0,17,14,3
7684,0,173,191,-18
7686,0,82,171,-89
7687,0,20,18,2
7688,0,35,44,-9
7689,0,4,11,-7
7690,0,122,44,78
7691,0,61,69,-8
7692,0,71,91,-20
7693,0,112,102,10
7694,0,70,46,24
7695,0,132,82,50
7696,0,125,27,98
7697,0,46,374,-328
7698,0,2297,3004,-707
7700,0,20,21,-1
7701,0,38,52,-14
7702,0,23,20,3
7703,0,25,7,18
7704,0,443,53,390
7705,0,5,20,-15
7706,0,65,86,-21
7707,0,438,54,384
7708,0,11,14,-3
7710,0,40,54,-14
7711,0,7131,6028,1103
7712,0,443,316,127
7713,0,569,115,454
7714,0,24,43,-19
7715,0,4945,2942,2003
7716,0,974,884,90
7717,0,293,290,3
7718,0,65,168,-103
7720,0,75,24,51
7721,0,25,21,4
7722,0,48,44,4
7723,0,303,348,-45
7724,0,80,159,-79
7725,0,728,914,-186
7726,0,546,1409,-863
7727,0,762,1881,-1119
7728,0,10098,8899,1199
7729,0,24,16,8
7730,0,451,522,-71
7731,0,4,3,1
7732,0,6,18,-12
7733,0,427,171,256
7734,0,41,15,26
7736,0,2889,3665,-776
7738,0,42,8,34
7739,0,5,3,2
7740,0,10676,8509,2167
7741,0,1096,1699,-603
7742,0,699,411,288
7743,0,15,24,-9
7744,0,3,37,-34
7745,0,41,126,-85
7746,0,11,33,-22
7747,0,72,165,-93
7748,0,14,23,-9
7749,0,6,32,-26
7750,0,58,173,-115
7751,0,14,10,4
7752,0,128,164,-36
7754,0,153,134,19
7755,0,3,30,-27
7756,0,825,948,-123
7757,0,1560,736,824
7758,0,6,4,2
7759,0,86,175,-89
7760,0,147,173,-26
7761,0,171,209,-38
7763,0,146,76,70
7764,0,277,124,153
7765,0,10,6,4
7766,0,8,24,-16
7767,0,211,141,70
7769,0,4,1,3
7770,0,8,47,-39
7771,0,2182,1890,292
7772,0,533,377,156
7775,0,84,270,-186
7776,0,37,21,16
7777,0,10,20,-10
7778,0,1733,2282,-549
7779,0,26,38,-12
7780,0,1902,3625,-1723
7781,0,1394,2049,-655
7782,0,219,372,-153
7783,0,3,12,-9
7784,0,25,25,0
7785,0,13,30,-17
7786,0,284,378,-94
7787,0,25,105,-80
7788,0,232,391,-159
7789,0,75,137,-62
7790,0,4014,2220,1794
7791,0,83,106,-23
7792,0,13,12,1
7793,0,226,176,50
7794,0,15,15,0
7795,0,118,125,-7
7796,0,1,10,-9
7797,0,550,511,39
7798,0,33,50,-17
7799,0,55,55,0
7800,0,92,159,-67
7801,0,1,8,-7
7802,0,15,8,7
7803,0,15,127,-112
7805,0,15,2,13
7806,0,52,157,-105
7807,0,57,84,-27
7808,0,34,43,-9
7809,0,265,108,157
7810,0,4,10,-6
7811,0,34,16,18
7812,0,1125,151,974
7813,0,193,90,103
7814,0,124,40,84
7815,0,14,27,-13
7816,0,152,154,-2
7817,0,13,72,-59
7818,0,67,61,6
7819,0,26,19,7
7820,0,1,3,-2
7823,0,174,114,60
7824,0,747,157,590
7825,0,31,19,12
7826,0,30,98,-68
7827,0,23,40,-17
7828,0,384,131,253
7829,0,13,39,-26
7830,0,2347,1540,807
7831,0,13,11,2
7832,0,381,829,-448
7833,0,23,26,-3
7834,0,55,2,53
7835,0,3707,1976,1731
7836,0,21,60,-39
7837,0,12,27,-15
7838,0,476,573,-97
7839,0,7,8,-1
7840,0,76,180,-104
7842,0,4,0,4
7843,0,2,3,-1
7844,0,20,5,15
7846,0,10,5,5
7848,0,1,26,-25
7849,0,1231,994,237
7850,0,217,68,149
7851,0,2,2,0
7852,0,40,38,2
7853,0,36,38,-2
7854,0,129,51,78
7855,0,28,90,-62
7856,0,14,13,1
7857,0,253,265,-12
7858,0,384,50,334
7859,0,452,2017,-1565
7860,0,6,7,-1
7861,0,137,103,34
7862,0,425,1134,-709
7863,0,67,78,-11
7864,0,7,54,-47
7865,0,225,182,43
7866,0,5,2,3
7867,0,130,104,26
7869,0,130,15,115
7870,0,700,125,575
7871,0,657,866,-209
7873,0,26,231,-205
7875,0,4,2,2
7876,0,72,83,-11
7877,0,362,82,280
7878,0,973,438,535
7879,0,173,113,60
7880,0,113,170,-57
7881,0,215,682,-467
7882,0,22,59,-37
7883,0,7,4,3
7884,0,5,39,-34
7886,0,14349,20254,-5905
7887,0,158,54,104
7888,0,2861,1495,1366
7889,0,13,22,-9
7890,0,316,665,-349
7891,0,1,9,-8
7892,0,188,167,21
7893,0,16,5,11
7894,0,36,60,-24
7895,0,4,6,-2
7896,0,44,86,-42
7897,0,745,876,-131
7898,0,13,52,-39
7899,0,163,234,-71
7900,0,270,678,-408
7901,0,25,33,-8
7902,0,93,26,67
7903,0,918,772,146
7904,0,123,248,-125
7905,0,1104,714,390
7906,0,4,7,-3
7907,0,81,43,38
7908,0,11,44,-33
7909,0,6,43,-37
7910,0,20,24,-4
7911,0,7,10,-3
7913,0,37,11,26
7914,0,1760,1470,290
7915,0,2164,1738,426
7916,0,33,142,-109
7917,0,181,187,-6
7918,0,114,140,-26
7919,0,16,13,3
7920,0,29,41,-12
7921,0,13,73,-60
7923,0,42,23,19
7926,0,264,184,80
7927,0,10,16,-6
7928,0,123,81,42
7929,0,15,40,-25
7930,0,208,172,36
7932,0,48,39,9
7933,0,53,16,37
7934,0,397,541,-144
7935,0,33,113,-80
7936,0,35,12,23
7937,0,30,33,-3
7938,0,31,122,-91
7939,0,27,23,4
7940,0,1,10,-9
7941,0,131,118,13
7942,0,31,31,0
7943,0,52,64,-12
7945,0,1854,5342,-3488
7946,0,9,42,-33
7947,0,521,294,227
7948,0,69,53,16
7949,0,28,8,20
7950,0,23,65,-42
7951,0,196,25,171
7952,0,398,398,0
7953,0,36,58,-22
7954,0,89,41,48
7956,0,513,258,255
7957,0,23,26,-3
7958,0,1246,39,1207
7960,0,11,0,11
7961,0,23,27,-4
7962,0,162,374,-212
7964,0,24,11,13
7965,0,2,27,-25
7966,0,154,99,55
7967,0,329,152,177
7968,0,2237,3147,-910
7969,0,1083,813,270
7970,0,47,84,-37
7971,0,2,1,1
7972,0,26,24,2
7973,0,10,14,-4
7974,0,39,66,-27
7975,0,20,12,8
7976,0,3,7,-4
7977,0,234,216,18
7978,0,218,331,-113
7979,0,35,38,-3
7980,0,155,193,-38
7981,0,13,8,5
7982,0,1404,1681,-277
7984,0,51,11,40
7985,0,6,9,-3
7986,0,86,80,6
7988,0,1417,2709,-1292
7989,0,10,74,-64
7990,0,11,22,-11
7991,0,25,31,-6
7992,0,86,56,30
7993,0,35,11,24
7994,0,19,3,16
7995,0,193,130,63
7996,0,140,96,44
7997,0,15,5,10
7998,0,21,49,-28
7999,0,8,4,4
8000,0,232,97,135
8001,0,128,655,-527
8002,0,91,45,46
8003,0,76,106,-30
8004,0,4,3,1
8005,0,3,11,-8
8006,0,1,1,0
8007,0,277,249,28
8008,0,358,695,-337
8010,0,80,236,-156
8012,0,82,38,44
8013,0,74,11,63
8014,0,40,42,-2
8015,0,1,17,-16
8017,0,171,215,-44
8018,0,12,118,-106
8019,0,616,2613,-1997
8020,0,118,110,8
8021,0,6,154,-148
8022,0,152,100,52
8023,0,187,267,-80
8024,0,142,3,139
8025,0,13,18,-5
8026,0,16,9,7
8027,0,2673,5858,-3185
8029,0,111,73,38
8030,0,9,10,-1
8031,0,25,50,-25
8032,0,56,44,12
8033,0,252,356,-104
8034,0,17,70,-53
8035,0,581,267,314
8036,0,866,648,218
8037,0,24,87,-63
8038,0,158,26,132
8039,0,103,20,83
8040,0,7,32,-25
8041,0,16,11,5
8042,0,19844,14672,5172
8043,0,87,123,-36
8044,0,22,15,7
8045,0,39,85,-46
8046,0,8,19,-11
8047,0,16,33,-17
8048,0,16,14,2
8049,0,412,207,205
8050,0,39,20,19
8051,0,107,115,-8
8052,0,40,51,-11
8053,0,24,6,18
8055,0,61,90,-29
8056,0,1947,3305,-1358
8057,0,120,33,87
8058,0,6,11,-5
8059,0,112,341,-229
8060,0,564,763,-199
8061,0,290,333,-43
8062,0,6,20,-14
8063,0,6,175,-169
8064,0,146,205,-59
8065,0,10,32,-22
8066,0,76,70,6
8067,0,1983,3793,-1810
8068,0,5,2,3
8069,0,5,22,-17
8070,0,70,239,-169
8072,0,130,59,71
8073,0,79,36,43
8074,0,203,305,-102
8075,0,625,289,336
8076,0,770,168,602
8077,0,5,1,4
8078,0,3,33,-30
8079,0,141,563,-422
8080,0,192,50,142
8081,0,804,367,437
8082,0,1592,2157,-565
8084,0,86,86,0
8085,0,1,8,-7
8086,0,457,76,381
8087,0,85,80,5
8088,0,81,203,-122
8089,0,34,12,22
8090,0,119,215,-96
8091,0,85,31,54
8092,0,40,35,5
8094,0,113,207,-94
8095,0,95,109,-14
8096,0,1412,2401,-989
8097,0,1240,58,1182
8098,0,3,16,-13
8099,0,9,144,-135
8100,0,826,626,200
8102,0,25,53,-28
8103,0,45,66,-21
8104,0,195,450,-255
8105,0,15,43,-28
8107,0,31,76,-45
8108,0,57,18,39
8110,0,18,5,13
8111,0,92,348,-256
8112,0,87,80,7
8113,0,13,4,9
8115,0,6657,7074,-417
8116,0,14,24,-10
8117,0,49,68,-19
8118,0,64,128,-64
8119,0,3,26,-23
8120,0,63,53,10
8121,0,161,78,83
8122,0,48,5,43
8123,0,15,28,-13
8124,0,31,25,6
8125,0,95,108,-13
8126,0,36,62,-26
8127,0,2,12,-10
8128,0,116,116,0
8129,0,53,39,14
8130,0,58,69,-11
8131,0,2023,1695,328
8132,0,123,89,34
8133,0,30,19,11
8135,0,60,48,12
8136,0,1,42,-41
8137,0,143,542,-399
8138,0,4,1,3
8139,0,25,21,4
8140,0,20,20,0
8141,0,67,119,-52
8142,0,535,519,16
8143,0,150,182,-32
8144,0,372,629,-257
8145,0,6133,5941,192
8146,0,6,12,-6
8147,0,5821,5786,35
8148,0,227,1821,-1594
8149,0,5543,10677,-5134
8150,0,12,97,-85
8151,0,23,65,-42
8152,0,50,29,21
8153,0,13,16,-3
8154,0,31,54,-23
8155,0,8,5,3
8156,0,31,36,-5
8157,0,5,44,-39
8158,0,190,960,-770
8159,0,56,19,37
8160,0,275,344,-69
8161,0,3,15,-12
8163,0,41,20,21
8164,0,39,28,11
8165,0,33,3,30
8166,0,44,53,-9
8167,0,31,156,-125
8168,0,261,235,26
8169,0,4,7,-3
8170,0,3075,4313,-1238
8171,0,80,68,12
8172,0,39,34,5
8173,0,1,4,-3
8174,0,185,376,-191
8175,0,112,405,-293
8176,0,9,71,-62
8177,0,13,24,-11
8178,0,58,118,-60
8179,0,3,24,-21
8181,0,193,266,-73
8182,0,129,147,-18
8183,0,16,42,-26
8184,0,25,22,3
8186,0,6,12,-6
8187,0,23,21,2
8188,0,377,481,-104
8189,0,117,308,-191
8190,0,39,23,16
8191,0,1420,1030,390
8192,0,18,18,0
8193,0,16,36,-20
8194,0,51,137,-86
8195,0,35,230,-195
8196,0,12,14,-2
8197,0,8,46,-38
8198,0,470,53,417
8199,0,41,172,-131
8200,0,7,17,-10
8201,0,53,43,10
8202,0,8,9,-1
8203,0,24,26,-2
8204,0,20,19,1
8205,0,332,437,-105
8206,0,12,15,-3
8207,0,11,9,2
8208,0,2784,3575,-791
8210,0,206,425,-219
8211,0,17,89,-72
8212,0,25,108,-83
8213,0,190,179,11
8214,0,50,114,-64
8215,0,3599,8989,-5390
8216,0,79,100,-21
8217,0,18,24,-6
8218,0,460,1161,-701
8219,0,43,55,-12
8220,0,7,5,2
8221,0,207,780,-573
8222,0,13,56,-43
8223,0,22,17,5
8224,0,23,57,-34
8225,0,47,91,-44
8226,0,70,79,-9
8227,0,82,72,10
8228,0,44,128,-84
8229,0,171,213,-42
8230,0,5,7,-2
8231,0,6,14,-8
8232,0,1191,829,362
8233,0,208,384,-176
8234,0,49,137,-88
8235,0,2385,2311,74
8236,0,1197,3007,-1810
8237,0,2189,1921,268
8238,0,14,13,1
8239,0,34,14,20
8240,0,16,7,9
8241,0,67,65,2
8242,0,63,40,23
8243,0,172,430,-258
8244,0,21,52,-31
8245,0,29,81,-52
8246,0,32,26,6
8247,0,20,21,-1
8248,0,5,14,-9
8249,0,52,67,-15
8250,0,1,1,0
8251,0,27,392,-365
8252,0,75,94,-19
8253,0,31,14,17
8254,0,390,502,-112
8255,0,408,233,175
8256,0,1214,527,687
8257,0,12,18,-6
8258,0,300,294,6
8260,0,20,31,-11
8262,0,16,9,7
8263,0,42,28,14
8264,0,10,21,-11
8265,0,51,52,-1
8266,0,6126,3882,2244
8267,0,81,304,-223
8268,0,32,6,26
8269,0,7,79,-72
8270,0,43,16,27
8271,0,1074,1488,-414
8273,0,105,152,-47
8274,0,3718,664,3054
8275,0,10,12,-2
8276,0,51,30,21
8277,0,1,4,-3
8278,0,521,804,-283
8279,0,120,119,1
8280,0,34,43,-9
8281,0,261,282,-21
8282,0,2,1,1
8283,0,4,2,2
8284,0,15,85,-70
8285,0,33,57,-24
8286,0,41,5,36
8287,0,30,10,20
8288,0,2716,1229,1487
8289,0,28,110,-82
8290,0,131,204,-73
8291,0,117,60,57
8292,0,200,337,-137
8293,0,185,328,-143
8294,0,272,247,25
8295,0,606,1936,-1330
8296,0,954,1004,-50
8297,0,4,7,-3
8298,0,15,59,-44
8299,0,55,44,11
8300,0,458,5265,-4807
8302,0,7,10,-3
8303,0,24,18,6
8304,0,214,36,178
8305,0,4091,1226,2865
8306,0,28,8,20
8307,0,23,30,-7
8308,0,373,444,-71
8309,0,2687,377,2310
8310,0,167,163,4
8311,0,4,13,-9
8312,0,115,31,84
8313,0,15,1,14
8314,0,21,4,17
8315,0,387,397,-10
8316,0,1136,170,966
8317,0,16,27,-11
8318,0,14,28,-14
8319,0,243,438,-195
8320,0,3,18,-15
8321,0,2895,4382,-1487
8322,0,247,497,-250
8323,0,15,6,9
8324,0,514,444,70
8327,0,71,17,54
8328,0,1494,1168,326
8329,0,1,5,-4
8330,0,6947,1221,5726
8331,0,14,9,5
8332,0,63,56,7
8333,0,79,28,51
8334,0,112,168,-56
8335,0,3339,3409,-70
8336,0,21,69,-48
8337,0,32,1,31
8338,0,76,81,-5
8339,0,90,34,56
8340,0,3893,2098,1795
8341,0,10712,8741,1971
8342,0,80,165,-85
8344,0,2,3,-1
8345,0,78,476,-398
8346,0,1953,1929,24
8347,0,138,11,127
8348,0,118,590,-472
8349,0,21,21,0
8350,0,959,197,762
8351,0,224,82,142
8352,0,210,200,10
8353,0,8878,7181,1697
8354,0,20,13,7
8355,0,41,40,1
8356,0,154,170,-16
8357,0,14,15,-1
8358,0,28,92,-64
8359,0,336,144,192
8360,0,25,52,-27
8361,0,16,37,-21
8362,0,469,24,445
8363,0,13,8,5
8365,0,41,50,-9
8366,0,18,11,7
8367,0,144,155,-11
8368,0,18,14,4
8369,0,30,25,5
8370,0,387,412,-25
8371,0,126,98,28
8372,0,25,45,-20
8373,0,2516,1232,1284
8374,0,11,13,-2
8375,0,17,36,-19
8376,0,12,66,-54
8377,0,5,5,0
8379,0,435,52,383
8380,0,218,10,208
8381,0,1954,1965,-11
8382,0,1142,93,1049
8383,0,52,116,-64
8384,0,35,14,21
8385,0,3,10,-7
8386,0,6,59,-53
8387,0,285,76,209
8388,0,1249,1608,-359
8389,0,6,10,-4
8390,0,35,97,-62
8391,0,121,31,90
8392,0,27,18,9
8393,0,80,151,-71
8394,0,177,451,-274
8395,0,178,75,103
8396,0,475,410,65
8397,0,44,30,14
8398,0,56,61,-5
8399,0,15,14,1
8400,0,647,680,-33
8401,0,10,17,-7
8402,0,7,3,4
8403,0,82,28,54
8404,0,242,91,151
8406,0,7,10,-3
8407,0,37,14,23
8408,0,45,65,-20
8409,0,76,9,67
8410,0,5,24,-19
8411,0,1,21,-20
8412,0,431,455,-24
8413,0,19,11,8
8414,0,8,18,-10
8415,0,711,131,580
8416,0,200,118,82
8417,0,40,25,15
8418,0,21,46,-25
8419,0,184,447,-263
8420,0,51,113,-62
8421,0,16,17,-1
8422,0,998,770,228
8423,0,2,3,-1
8424,0,27,59,-32
8425,0,17,63,-46
8426,0,4,73,-69
8427,0,104,25,79
8428,0,182,148,34
8429,0,68,78,-10
8430,0,39,61,-22
8431,0,20,36,-16
8432,0,25,5,20
8433,0,99,179,-80
8434,0,549,271,278
8435,0,128,218,-90
8436,0,17,195,-178
8437,0,94,115,-21
8438,0,260,98,162
8439,0,23,82,-59
8440,0,4,6,-2
8441,0,1121783,528975,592808
8443,0,106,203,-97
8444,0,76,195,-119
8445,0,451,334,117
8446,0,3,23,-20
8447,0,440,2,438
8448,0,60,177,-117
8449,0,2,3,-1
8450,0,74,19,55
8451,0,1875,2560,-685
8452,0,2,25,-23
8453,0,83,101,-18
8454,0,175,223,-48
8455,0,158,4690,-4532
8456,0,8,74,-66
8457,0,57,76,-19
8458,0,184,316,-132
8459,0,34,3,31
8461,0,3797,2254,1543
8462,0,42,45,-3
8463,0,3906,5781,-1875
8464,0,71,90,-19
8465,0,371,667,-296
8466,0,166,436,-270
8467,0,40,9,31
8468,0,84,113,-29
8469,0,16,62,-46
8470,0,773,169,604
8471,0,22,49,-27
8472,0,9,108,-99
8473,0,256,477,-221
8474,0,13,24,-11
8475,0,22,15,7
8476,0,30,3,27
8477,0,341,40,301
8479,0,11,61,-50
8480,0,60,68,-8
8481,0,3104,3371,-267
8482,0,91,482,-391
8483,0,8,3,5
8484,0,12,9,3
8485,0,75,163,-88
8486,0,390,139,251
8487,0,6105,1676,4429
8488,0,43,62,-19
8489,0,434,223,211
8490,0,141,1021,-880
8491,0,459,359,100
8492,0,13,26,-13
8493,0,1380,869,511
8494,0,121,11,110
8495,0,30,414,-384
8496,0,11,44,-33
8497,0,28,106,-78
8498,0,20,12,8
8499,0,65,124,-59
8500,0,52,65,-13
8501,0,677,39,638
8502,0,117,416,-299
8503,0,28,42,-14
8504,0,62,110,-48
8505,0,41,87,-46
8506,0,130,144,-14
8507,0,73,104,-31
8508,0,64,174,-110
8509,0,1861,1908,-47
8510,0,78,168,-90
8511,0,5,60,-55
8512,0,935,847,88
8514,0,35,49,-14
8515,0,221,300,-79
8516,0,1433,547,886
8517,0,3664,445,3219
8518,0,482,969,-487
8519,0,47,121,-74
8521,0,1194,670,524
8522,0,751,2675,-1924
8523,0,23,34,-11
8524,0,6,3,3
8525,0,64,141,-77
8526,0,63,5,58
8527,0,13,45,-32
8528,0,7,41,-34
8529,0,164,85,79
8530,0,10,36,-26
8531,0,498,726,-228
8532,0,3127,4091,-964
8533,0,300,84,216
8534,0,61,293,-232
8535,0,83,64,19
8536,0,36,113,-77
8537,0,5,6,-1
8538,0,1791,2435,-644
8539,0,5,13,-8
8540,0,108,154,-46
8541,0,216,160,56
8542,0,45,24,21
8543,0,25,42,-17
8544,0,150,43,107
8545,0,302,541,-239
8546,0,1,16,-15
8547,0,11,12,-1
8548,0,29,17,12
8549,0,107,63,44
8550,0,22,33,-11
8551,0,68,119,-51
8552,0,13,10,3
8553,0,16,19,-3
8554,0,21,19,2
8555,0,31,17,14
8556,0,97,63,34
8557,0,7,14,-7
8558,0,20,36,-16
8559,0,115,1363,-1248
8560,0,24,33,-9
8561,0,7,24,-17
8564,0,30,1064,-1034
8565,0,301,504,-203
8566,0,50,25,25
8567,0,2854,1109,1745
8568,0,35,46,-11
8569,0,7,6,1
8571,0,983,132,851
8572,0,89,106,-17
8573,0,92,563,-471
8574,0,438,207,231
8575,0,88,91,-3
8577,0,360,425,-65
8578,0,44,31,13
8579,0,140,198,-58
8580,0,906,274,632
8581,0,14,40,-26
8582,0,37,70,-33
8583,0,17,46,-29
8584,0,92,84,8
8586,0,62,102,-40
8587,0,8,16,-8
8588,0,80,52,28
8589,0,24,36,-12
8592,0,14,27,-13
8593,0,29,74,-45
8594,0,3138,963,2175
8595,0,873,110,763
8596,0,43,81,-38
8597,0,4,34,-30
8598,0,62,107,-45
8599,0,70,109,-39
8601,0,41,64,-23
8602,0,15,7,8
8603,0,24,34,-10
8604,0,54,316,-262
8605,0,2,6,-4
8606,0,91,139,-48
8607,0,282,189,93
8608,0,54,151,-97
8609,0,11,26,-15
8610,0,193,177,16
8611,0,31,99,-68
8612,0,28,13,15
8613,0,8,18,-10
8614,0,2,5,-3
8615,0,3171,4961,-1790
8616,0,3,54,-51
8617,0,1,53,-52
8618,0,198,538,-340
8619,0,31,2,29
8620,0,33,31,2
8621,0,29,31,-2
8622,0,788,932,-144
8623,0,7,64,-57
8624,0,54,10,44
8625,0,23,32,-9
8626,0,36,205,-169
8627,0,6702,11674,-4972
8628,0,29,31,-2
8629,0,20,5,15
8630,0,15,23,-8
8631,0,896,516,380
8632,0,23,37,-14
8633,0,73,103,-30
8634,0,65,16,49
8635,0,78,45,33
8636,0,58,35,23
8637,0,53,82,-29
8638,0,2319,3561,-1242
8639,0,19,339,-320
8640,0,7,23,-16
8641,0,84,5,79
8643,0,114,96,18
8644,0,5546,8536,-2990
8645,0,15,22,-7
8646,0,197,183,14
8648,0,83,135,-52
8649,0,2923,2050,873
8650,0,6,7,-1
8651,0,529,129,400
8652,0,5869,9419,-3550
8653,0,9,23,-14
8654,0,176,194,-18
8655,0,12,28,-16
8656,0,13,39,-26
8657,0,147,57,90
8658,0,12,12,0
8659,0,1763,2237,-474
8662,0,80,108,-28
8663,0,19,39,-20
8664,0,29,11,18
8665,0,33,5,28
8666,0,140,108,32
8668,0,68,43,25
8669,0,889,379,510
8670,0,1,258,-257
8671,0,26,10,16
8672,0,68,48,20
8673,0,1693,1344,349
8675,0,9,21,-12
8676,0,489,1568,-1079
8677,0,8,1,7
8678,0,73,13,60
8679,0,17,747,-730
8680,0,59,157,-98
8681,0,363,291,72
8682,0,952,1078,-126
8683,0,192,98,94
8684,0,792,1190,-398
8685,0,187,172,15
8686,0,30,18,12
8688,0,54,127,-73
8689,0,1,3,-2
8690,0,12,1,11
8691,0,24,69,-45
8692,0,11,23,-12
8693,0,116,401,-285
8694,0,6,2,4
8695,0,17,137,-120
8696,0,38,11,27
8698,0,17,16,1
8699,0,5,3,2
8700,0,33,64,-31
8701,0,1,4,-3
8702,0,104,65,39
8703,0,118,130,-12
8705,0,24,24,0
8706,0,15,184,-169
8707,0,2,53,-51
8708,0,13,29,-16
8709,0,70,116,-46
8710,0,35,48,-13
8711,0,34,12,22
8712,0,22,4442,-4420
8713,0,5,14,-9
8714,0,320,672,-352
8715,0,51,57,-6
8716,0,674,1307,-633
8717,0,103,66,37
8718,0,1,14,-13
8720,0,5,1,4
8721,0,10,26,-16
8722,0,699,171,528
8725,0,8,40,-32
8726,0,35,113,-78
8727,0,10,53,-43
8728,0,268,345,-77
8729,0,143,52,91
8730,0,35,7,28
8731,0,1251,591,660
8732,0,329,282,47
8734,0,222,706,-484
8735,0,62,99,-37
8736,0,2057,1729,328
8737,0,9,33,-24
8738,0,138,80,58
8739,0,14,56,-42
8740,0,20,41,-21
8741,0,47,18,29
8742,0,89,24,65
8743,0,41,39,2
8744,0,1,23,-22
8745,0,38,29,9
8746,0,66,60,6
8747,0,13,12,1
8748,0,26,8,18
8749,0,27,53,-26
8750,0,2,348,-346
8751,0,12,14,-2
8752,0,7,38,-31
8753,0,58,81,-23
8754,0,737,38,699
8755,0,4,9,-5
8756,0,132,529,-397
8757,0,3,13,-10
8758,0,7090,3650,3440
8759,0,96,332,-236
8760,0,61,14,47
8761,0,7629,3694,3935
8762,0,14,30,-16
8763,0,4,36,-32
8764,0,145,148,-3
8765,0,191,176,15
8766,0,32,61,-29
8767,0,11710,11698,12
8769,0,14,177,-163
8770,0,318,138,180
8771,0,160,255,-95
8772,0,75,87,-12
8773,0,40,33,7
8774,0,3,215,-212
8775,0,68,64,4
8776,0,4,2,2
8777,0,63,117,-54
8778,0,6,4,2
8779,0,136,99,37
8782,0,69,86,-17
8783,0,34,44,-10
8784,0,123,370,-247
8785,0,5,12,-7
8787,0,12,12,0
8788,0,24,53,-29
8789,0,8,85,-77
8790,0,459,454,5
8791,0,1504,1561,-57
8792,0,21,5,16
8793,0,27,23,4
8794,0,88,62,26
8795,0,6,356,-350
8796,0,2000,2377,-377
8797,0,113,217,-104
8798,0,20,19,1
8799,0,50,37,13
8800,0,643,472,171
8801,0,2311,10689,-8378
8803,0,88,116,-28
8805,0,255,142,113
8806,0,18,7,11
8808,0,28,72,-44
8809,0,23,22,1
8810,0,10,14,-4
8811,0,49,19,30
8813,0,402,161,241
8815,0,175,94,81
8816,0,417,345,72
8817,0,159,88,71
8818,0,405,126,279
8820,0,5679,10871,-5192
8821,0,185,394,-209
8823,0,64,86,-22
8824,0,154,38,116
8825,0,25,15,10
8826,0,15,12,3
8827,0,144,170,-26
8828,0,498,7860,-7362
8829,0,3259,1750,1509
8830,0,31,51,-20
8831,0,3,31,-28
8832,0,12,50,-38
8833,0,5,9,-4
8834,0,40,58,-18
8835,0,5,23,-18
8836,0,14,39,-25
8837,0,14,8,6
8838,0,340,720,-380
8839,0,20,12,8
8840,0,4335,2454,1881
8841,0,3,46,-43
8843,0,283,431,-148
8844,0,2,3,-1
8845,0,559,412,147
8846,0,3,37,-34
8847,0,1,1,0
8848,0,23,62,-39
8849,0,17,10,7
8850,0,33,53,-20
8851,0,9,36,-27
8852,0,102,148,-46
8854,0,39,24,15
8855,0,53,62,-9
8856,0,20,12,8
8857,0,136,270,-134
8859,0,80,132,-52
8861,0,50,43,7
8862,0,1204,1589,-385
8863,0,286,392,-106
8864,0,2,67,-65
8865,0,5,14,-9
8866,0,51,64,-13
8867,0,34,31,3
8868,0,27,31,-4
8869,0,641,380,261
8870,0,7,9,-2
8871,0,4,11,-7
8872,0,98,41,57
8873,0,375,79,296
8874,0,6,2,4
8875,0,111,1392,-1281
8876,0,76,97,-21
8877,0,32,35,-3
8880,0,37,76,-39
8881,0,10,22,-12
8882,0,2,19,-17
8883,0,147,251,-104
8884,0,62,112,-50
8885,0,15,17,-2
8886,0,5,10,-5
8887,0,5550,744,4806
8888,0,321,120,201
8889,0,89,68,21
8890,0,24,56,-32
8891,0,197,527,-330
8892,0,776,1151,-375
8893,0,1,4,-3
8894,0,135,307,-172
8895,0,20,21,-1
8896,0,4,17,-13
8897,0,23,39,-16
8898,0,2,7,-5
8899,0,115,296,-181
8900,0,11,7,4
8901,0,15,26,-11
8902,0,108,28,80
8903,0,55,17,38
8904,0,459,796,-337
8905,0,1721,1135,586
8906,0,1456,1529,-73
8907,0,13,24,-11
8908,0,2540,2865,-325
8909,0,241,32,209
8910,0,17,7,10
8911,0,36,60,-24
8912,0,396,533,-137
8913,0,28,24,4
8914,0,6695,6232,463
8916,0,301,436,-135
8917,0,12,42,-30
8918,0,32,28,4
8919,0,180,126,54
8920,0,270,788,-518
8921,0,130,83,47
8922,0,6,7,-1
8923,0,23,13,10
8924,0,568,1418,-850
8925,0,9,18,-9
8926,0,2,9,-7
8927,0,43,17,26
8928,0,27,10,17
8929,0,11,13,-2
8930,0,37,114,-77
8931,0,13,22,-9
8932,0,292,61,231
8933,0,3,7,-4
8934,0,60,135,-75
8935,0,11,15,-4
8936,0,149,224,-75
8937,0,7,16,-9
8938,0,102,177,-75
8940,0,57,84,-27
8941,0,17,15,2
8942,0,17,32,-15
8943,0,66,64,2
8944,0,28,0,28
8945,0,326,29,297
8946,0,9,4,5
8947,0,110,90,20
8948,0,21,21,0
8949,0,19,18,1
8951,0,80,40,40
8952,0,2,2,0
8953,0,12217,14534,-2317
8954,0,20,28,-8
8955,0,4,13,-9
8956,0,2,9,-7
8957,0,104,98,6
8958,0,45,93,-48
8961,0,493,1122,-629
8962,0,13,6,7
8963,0,24,47,-23
8964,0,43,56,-13
8965,0,37,44,-7
8966,0,5,20,-15
8967,0,3,14,-11
8968,0,209,69,140
8969,0,40,19,21
8970,0,122,189,-67
8971,0,3735,4795,-1060
8972,0,43,28,15
8973,0,107,44,63
8975,0,4,13,-9
8976,0,57,40,17
8977,0,64,50,14
8978,0,41,263,-222
8979,0,23,60,-37
8980,0,202,7,195
8981,0,120,47,73
8982,0,8,8,0
8983,0,26,7,19
8984,0,3016,2970,46
8986,0,39,7,32
8987,0,2,9,-7
8988,0,45,30,15
8989,0,777,249,528
8990,0,90,61,29
8991,0,29,13,16
8992,0,1,1,0
8993,0,16,18,-2
8994,0,275,222,53
8995,0,53,10,43
8996,0,13,31,-18
8997,0,1941,3111,-1170
8998,0,2,21,-19
8999,0,1,18,-17
9000,0,198,204,-6
9001,0,20,66,-46
9002,0,9,49,-40
9003,0,2,26,-24
9004,0,244,177,67
9005,0,874,26,848
9006,0,29,6,23
9007,0,252,243,9
9008,0,25,31,-6
9009,0,137,182,-45
9010,0,1,2,-1
9012,0,293,564,-271
9013,0,102,62,40
9014,0,48,24,24
9015,0,355,468,-113
9016,0,4003,8578,-4575
9017,0,335,781,-446
9018,0,219,221,-2
9019,0,1,2,-1
9020,0,9,106,-97
9021,0,4,12,-8
9022,0,159,60,99
9024,0,36,62,-26
9025,0,20,32,-12
9026,0,2430,1635,795
9027,0,28,5,23
9028,0,31,16,15
9029,0,17,4,13
9031,0,390,384,6
9032,0,16,8,8
9033,0,2,4,-2
9034,0,97,156,-59
9035,0,76,137,-61
9036,0,16,85,-69
9037,0,24,22,2
9038,0,26,30,-4
9039,0,342,200,142
9041,0,77,57,20
9042,0,261,8,253
9043,0,90,2646,-2556
9044,0,4,20,-16
9045,0,75,236,-161
9046,0,154,108,46
9047,0,22,22,0
9048,0,17280,22895,-5615
9049,0,123,44,79
9051,0,51,98,-47
9052,0,664,345,319
9053,0,83,68,15
9054,0,4,7,-3
9055,0,14,7,7
9056,0,22,22,0
9057,0,13,16,-3
9058,0,1,1,0
9059,0,101,123,-22
9060,0,72,307,-235
9061,0,50,40,10
9062,0,7,53,-46
9063,0,1137,1938,-801
9064,0,739,1135,-396
9065,0,66,90,-24
9066,0,7,20,-13
9067,0,4,117,-113
9068,0,18,26,-8
9069,0,260,606,-346
9070,0,65,61,4
9071,0,43,35,8
9072,0,89,75,14
9073,0,14,172,-158
9074,0,35,65,-30
9075,0,7,23,-16
9076,0,200,1263,-1063
9077,0,9,30,-21
9078,0,42,60,-18
9079,0,167,86,81
9080,0,642,294,348
9081,0,28,63,-35
9082,0,328,535,-207
9083,0,3014,4484,-1470
9084,0,15,33,-18
9085,0,222,536,-314
9086,0,72,71,1
9087,0,59,55,4
9088,0,8,6,2
9089,0,12,21,-9
9090,0,217,45,172
9091,0,329,968,-639
9092,0,192,399,-207
9093,0,26,0,26
9094,0,129,287,-158
9095,0,80,57,23
9096,0,853,1156,-303
9097,0,94,334,-240
9098,0,19,5,14
9099,0,7,20,-13
9100,0,420,677,-257
9101,0,16,14,2
9102,0,1033,1401,-368
9104,0,19,13,6
9105,0,2,4,-2
9106,0,30,43,-13
9107,0,23,21,2
9108,0,7,1,6
9109,0,8,4,4
9110,0,1395,1409,-14
9111,0,280,109,171
9112,0,114,199,-85
9113,0,101,123,-22
9114,0,38,62,-24
9115,0,25,6,19
9116,0,4365,4014,351
9117,0,24,34,-10
9118,0,6,0,6
9119,0,44,39,5
9120,0,1262,750,512
9121,0,3,22,-19
9122,0,130,49,81
9123,0,50,11,39
9124,0,152,107,45
9125,0,169,194,-25
9126,0,360,184,176
9127,0,183,44,139
9128,0,2,5,-3
9129,0,8,63,-55
9130,0,13,31,-18
9131,0,278,122,156
9132,0,41,19,22
9133,0,286,198,88
9134,0,15,13,2
9135,0,8,46,-38
9136,0,13,5,8
9137,0,10,77,-67
9138,0,9,2,7
9139,0,7,21,-14
9140,0,14,19,-5
9141,0,6,14,-8
9142,0,628,177,451
9143,0,345,687,-342
9144,0,735,1684,-949
9145,0,11,11,0
9146,0,82,857,-775
9147,0,24,31,-7
9148,0,203,40,163
9149,0,1,10,-9
9150,0,13682,16124,-2442
9152,0,828,810,18
9153,0,16,2,14
9154,0,127,9,118
9155,0,308,51,257
9156,0,190,246,-56
9157,0,11,2,9
9158,0,11,12,-1
9159,0,11,7,4
9160,0,2,38,-36
9161,0,109,160,-51
9162,0,764,960,-196
9164,0,32,35,-3
9166,0,14,29,-15
9167,0,81,40,41
9168,0,9,1,8
9169,0,29,1,28
9170,0,4646,6807,-2161
9171,0,208,339,-131
9172,0,15,29,-14
9173,0,147,74,73
9174,0,82,142,-60
9175,0,300,500,-200
9176,0,5,24,-19
9178,0,23,20,3
9179,0,174,106,68
9180,0,16,45,-29
9181,0,1778,1882,-104
9183,0,227,1054,-827
9184,0,151,54,97
9185,0,23,32,-9
9186,0,124,90,34
9187,0,78,204,-126
9188,0,1,1,0
9189,0,7,20,-13
9190,0,3,17,-14
9191,0,418332,9620,408712
9192,0,8,5,3
9193,0,11,3,8
9194,0,3,33,-30
9195,0,27,39,-12
9196,0,39,14,25
9197,0,164,110,54
9198,0,21,5,16
9199,0,47,57,-10
9200,0,5778,4188,1590
9201,0,34,40,-6
9202,0,1706,2153,-447
9203,0,40,6,34
9204,0,47,34,13
9205,0,118,63,55
9206,0,13309,33696,-20387
9207,0,15,47,-32
9208,0,6,38,-32
9209,0,1,4,-3
9210,0,67,85,-18
9211,0,114,106,8
9212,0,10,132,-122
9213,0,81,55,26
9214,0,144,542,-398
9215,0,35,27,8
9216,0,8,49,-41
9217,0,76,99,-23
9218,0,145,100,45
9219,0,569,735,-166
9220,0,38,16,22
9222,0,29,37,-8
9223,0,61,224,-163
9225,0,127,193,-66
9227,0,16,45,-29
9228,0,8,7,1
9229,0,87,57,30
9230,0,227,345,-118
9231,0,30,20,10
9232,0,1876,2662,-786
9233,0,827,185,642
9234,0,54,25,29
9235,0,1,10,-9
9236,0,9,19,-10
9237,0,135,96,39
9238,0,39,37,2
9239,0,7442,14207,-6765
9241,0,301,749,-448
9242,0,41,21,20
9243,0,9,2,7
9244,0,28,91,-63
9245,0,1209,3118,-1909
9246,0,1,5,-4
9247,0,74,71,3
9248,0,1257,72,1185
9249,0,118,80,38
9250,0,144,288,-144
9251,0,163,203,-40
9252,0,5,6,-1
9253,0,202,298,-96
9254,0,462,8,454
9255,0,185,386,-201
9256,0,1,0,1
9257,0,437,620,-183
9258,0,5898,4851,1047
9259,0,33,100,-67
9260,0,478,1426,-948
9262,0,3,8,-5
9264,0,28,388,-360
9266,0,486,365,121
9268,0,201,105,96
9269,0,14,19,-5
9270,0,4,24,-20
9271,0,6,101,-95
9272,0,4391,4477,-86
9273,0,192,294,-102
9274,0,51,8,43
9275,0,65,22,43
9276,0,43,93,-50
9277,0,803,919,-116
9278,0,70,84,-14
9279,0,25,26,-1
9281,0,16,25,-9
9282,0,3,6,-3
9283,0,91,70,21
9284,0,3,12,-9
9285,0,57,41,16
9286,0,23,116,-93
9287,0,17,88,-71
9288,0,1711,2922,-1211
9289,0,70,104,-34
9290,0,7,7,0
9291,0,76,59,17
9292,0,800,30,770
9293,0,1517,2292,-775
9295,0,155,649,-494
9296,0,32,65,-33
9297,0,31,109,-78
9298,0,7,32,-25
9299,0,17,20,-3
9300,0,13,53,-40
9301,0,413,432,-19
9302,0,14,7,7
9303,0,96,149,-53
9305,0,162,233,-71
9306,0,16,24,-8
9307,0,30,24,6
9308,0,45,39,6
9309,0,419,238,181
9310,0,9,83,-74
9311,0,2,5,-3
9312,0,1,39,-38
9313,0,42,125,-83
9314,0,273,59,214
9315,0,4,16,-12
9316,0,19,1,18
9317,0,42,20,22
9318,0,21,313,-292
9321,0,80,27,53
9322,0,26,56,-30
9323,0,20,15,5
9324,0,25,6,19
9325,0,1,21,-20
9327,0,7,14,-7
9328,0,129,329,-200
9329,0,2140,1845,295
9330,0,75,54,21
9331,0,3,5,-2
9332,0,3406,3939,-533
9333,0,307,453,-146
9334,0,12,11,1
9335,0,11,13,-2
9336,0,18,4,14
9337,0,260,422,-162
9338,0,11,33,-22
9339,0,3,4,-1
9340,0,3275,1515,1760
9341,0,94,35,59
9343,0,1,28,-27
9344,0,98,92,6
9345,0,9,20,-11
9346,0,418,441,-23
9347,0,44,186,-142
9349,0,1088,662,426
9351,0,9,51,-42
9352,0,74,118,-44
9353,0,21,12,9
9354,0,33,11,22
9355,0,129,100,29
9356,0,48,43,5
9357,0,43,1083,-1040
9358,0,193,260,-67
9359,0,109,91,18
9360,0,1152,387,765
9361,0,40,101,-61
9362,0,6,18,-12
9363,0,28,106,-78
9364,0,987,11,976
9365,0,12,5,7
9366,0,43,33,10
9367,0,71,103,-32
9368,0,21,104,-83
9369,0,64,176,-112
9370,0,27,10,17
9371,0,299,713,-414
9372,0,9,42,-33
9373,0,4,31,-27
9374,0,31,54,-23
9375,0,40,192,-152
9376,0,88,33,55
9377,0,92,83,9
9378,0,14,11,3
9379,0,5631,5170,461
9380,0,40,6,34
9381,0,8,19,-11
9382,0,2126,413,1713
9383,0,154,32,122
9384,0,55,82,-27
9385,0,446,476,-30
9386,0,47,58,-11
9387,0,9,54,-45
9388,0,131,63,68
9389,0,51,90,-39
9390,0,17,0,17
9391,0,13580,12465,1115
9392,0,410,82,328
9393,0,21,0,21
9394,0,409,662,-253
9395,0,12,2,10
9396,0,8,4,4
9397,0,734,640,94
9398,0,118,175,-57
9399,0,5,15,-10
9400,0,152,386,-234
9401,0,6,14,-8
9402,0,16,50,-34
9403,0,1991,6008,-4017
9404,0,41,98,-57
9406,0,1,1,0
9407,0,83,34,49
9408,0,69,23,46
9409,0,22,29,-7
9410,0,7949,8458,-509
9411,0,8,15,-7
9412,0,946,364,582
9413,0,27,18,9
9414,0,103,19,84
9415,0,463,122,341
9416,0,13,41,-28
9417,0,121,102,19
9418,0,397,249,148
9419,0,85,433,-348
9421,0,15,32,-17
9422,0,33,43,-10
9423,0,336,913,-577
9424,0,2024,946,1078
9426,0,369,629,-260
9427,0,437,526,-89
9428,0,309,686,-377
9429,0,5,15,-10
9430,0,98,155,-57
9431,0,2,9,-7
9432,0,486,81,405
9433,0,45,29,16
9434,0,7,3,4
9435,0,2,35,-33
9436,0,168,294,-126
9437,0,13,263,-250
9438,0,330,58,272
9439,0,30,20,10
9441,0,395,121,274
9442,0,7,3,4
9443,0,51,35,16
9445,0,33,37,-4
9446,0,18,41,-23
9447,0,486,891,-405
9448,0,66,73,-7
9449,0,2,12,-10
9450,0,54,41,13
9451,0,19,22,-3
9452,0,38,30,8
9453,0,9,10,-1
9454,0,9807,4101,5706
9455,0,5,13,-8
9456,0,17,22,-5
9457,0,101,150,-49
9458,0,31,67,-36
9459,0,386,273,113
9460,0,35,73,-38
9461,0,182,41,141
9462,0,201,268,-67
9463,0,38,143,-105
9464,0,56,114,-58
9465,0,24,54,-30
9466,0,197,92,105
9467,0,41,43,-2
9468,0,12,11,1
9469,0,56,55,1
9470,0,231,379,-148
9471,0,77,214,-137
9472,0,57,221,-164
9473,0,65,61,4
9474,0,7,6,1
9475,0,359,166,193
9476,0,119,152,-33
9478,0,293,133,160
9479,0,23,46,-23
9480,0,69,29,40
9481,0,8,23,-15
9482,0,6,8,-2
9483,0,17,21,-4
9484,0,53,65,-12
9485,0,269,263,6
9486,0,579,1326,-747
9487,0,768,929,-161
9488,0,1817,1546,271
9489,0,62,118,-56
9490,0,61,14,47
9491,0,5,7,-2
9493,0,1381,2970,-1589
9494,0,4189,9527,-5338
9495,0,179,159,20
9496,0,18,60,-42
9497,0,23,58,-35
9498,0,16,25,-9
9499,0,1,28,-27
9500,0,1,17,-16
9502,0,2,0,2
9503,0,97,893,-796
9504,0,4,9,-5
9505,0,17,78,-61
9506,0,57,29,28
9507,0,138,65,73
9508,0,3,3,0
9509,0,13,19,-6
9510,0,32,61,-29
9511,0,38,68,-30
9512,0,22,28,-6
9513,0,45,151,-106
9515,0,345,593,-248
9516,0,404,219,185
9517,0,27,169,-142
9518,0,272,250,22
9519,0,432,755,-323
9520,0,91,30,61
9521,0,89,7,82
9522,0,12,26,-14
9523,0,20,17,3
9524,0,5,7,-2
9526,0,73,49,24
9527,0,91,56,35
9528,0,419,156,263
9529,0,73,152,-79
9530,0,20,7,13
9531,0,29,10,19
9532,0,139,107,32
9533,0,7,8,-1
9534,0,217,133,84
9535,0,537,665,-128
9536,0,134,30,104
9537,0,8,21,-13
9539,0,5,10,-5
9541,0,107,120,-13
9542,0,10,84,-74
9543,0,6,4,2
9544,0,7994,5881,2113
9546,0,193,233,-40
9547,0,12,13,-1
9548,0,206,88,118
9549,0,34,32,2
9550,0,2,11,-9
9551,0,127,129,-2
9552,0,1366,2623,-1257
9553,0,587,655,-68
9554,0,15,76,-61
9555,0,70,15,55
9556,0,74,75,-1
9557,0,7,13,-6
9558,0,19,7,12
9559,0,178,246,-68
9560,0,45,50,-5
9561,0,924,2037,-1113
9562,0,582,1046,-464
9563,0,47,50,-3
9564,0,157,174,-17
9565,0,3,12,-9
9566,0,43,27,16
9567,0,5,11,-6
9568,0,721,959,-238
9569,0,43,35,8
9570,0,16,197,-181
9571,0,132,34,98
9572,0,68,76,-8
9573,0,261,377,-116
9574,0,49,74,-25
9575,0,3839,6762,-2923
9576,0,41,76,-35
9577,0,117,241,-124
9578,0,218,776,-558
9579,0,28,30,-2
9580,0,27,85,-58
9581,0,61,64,-3
9582,0,7202,4739,2463
9583,0,24,243,-219
9584,0,143,141,2
9585,0,2,22,-20
9586,0,57,170,-113
9587,0,3554,5791,-2237
9588,0,43,64,-21
9589,0,38,37,1
9590,0,74,161,-87
9591,0,1,2,-1
9592,0,70,70,0
9593,0,409,293,116
9594,0,147,136,11
9595,0,68,70,-2
9596,0,20,252,-232
9597,0,134,121,13
9598,0,8,13,-5
9599,0,8,21,-13
9600,0,25,29,-4
9601,0,41,50,-9
9602,0,5854,102308,-96454
9603,0,2148,2344,-196
9604,0,18,42,-24
9605,0,22,11,11
9606,0,13,16,-3
9607,0,10,8,2
9608,0,184,130,54
9609,0,236,839,-603
9610,0,23,3,20
9611,0,413,1015,-602
9612,0,4,9,-5
9613,0,475,411,64
9614,0,1191,2186,-995
9615,0,69,6,63
9616,0,8,30,-22
9617,0,3379,4189,-810
9618,0,1,9,-8
9619,0,1,12,-11
9620,0,45,101,-56
9621,0,28,16,12
9622,0,725,1210,-485
9623,0,37,35,2
9624,0,226,474,-248
9625,0,54,106,-52
9626,0,82,40,42
9627,0,1454,1263,191
9628,0,909,487,422
9629,0,14,17,-3
9630,0,1910,3468,-1558
9631,0,10,30,-20
9632,0,12,16,-4
9633,0,24,22,2
9634,0,33,55,-22
9635,0,6,150,-144
9636,0,56,106,-50
9637,0,727,888,-161
9638,0,59,3,56
9639,0,38,6,32
9640,0,13,4,9
9641,0,273,142,131
9642,0,6,2,4
9643,0,220,179,41
9644,0,15,56,-41
9645,0,12,2,10
9646,0,36,3,33
9647,0,259,67,192
9648,0,236,68,168
9650,0,30,43,-13
9651,0,1,1,0
9652,0,7,1,6
9653,0,81,51,30
9654,0,20,34,-14
9655,0,7,41,-34
9656,0,44,83,-39
9657,0,16,21,-5
9658,0,156,338,-182
9659,0,8,8,0
9660,0,243,430,-187
9661,0,30,6,24
9663,0,80,38,42
9665,0,12,203,-191
9666,0,44,14,30
9667,0,54,47,7
9668,0,8,1,7
9669,0,78,41,37
9670,0,75,138,-63
9671,0,7582,2716,4866
9672,0,98,388,-290
9673,0,67,65,2
9674,0,28,25,3
9675,0,47,22,25
9677,0,471,241,230
9678,0,1713,2997,-1284
9679,0,73,25,48
9680,0,245,298,-53
9681,0,61,30,31
9682,0,1,25,-24
9683,0,4,18,-14
9684,0,121,119,2
9685,0,464,145,319
9686,0,6,7,-1
9687,0,150,230,-80
9688,0,66,318,-252
9689,0,8,22,-14
9690,0,93,406,-313
9691,0,43,46,-3
9692,0,78,179,-101
9693,0,703,1667,-964
9694,0,809,270,539
9695,0,81,208,-127
9696,0,27,168,-141
9697,0,19,8,11
9698,0,3,13,-10
9700,0,62,28,34
9701,0,47,76,-29
9702,0,61,27,34
9703,0,14,17,-3
9705,0,133,182,-49
9706,0,7,1,6
9707,0,130,271,-141
9708,0,43,13,30
9709,0,64,135,-71
9710,0,1135,875,260
9711,0,58,31,27
9712,0,30,191,-161
9713,0,279,252,27
9714,0,39,220,-181
9715,0,283,944,-661
9716,0,1000,1159,-159
9717,0,1000,715,285
9718,0,122,126,-4
9719,0,668,971,-303
9720,0,1467,2439,-972
9721,0,32,122,-90
9722,0,38,29,9
9723,0,65,77,-12
9724,0,88,84,4
9725,0,28,29,-1
9727,0,3,8,-5
9728,0,97,43,54
9729,0,6,17,-11
9730,0,165,643,-478
9731,0,96,56,40
9732,0,1,47,-46
9733,0,2,10,-8
9734,0,95,108,-13
9735,0,17,5,12
9736,0,281,388,-107
9737,0,8,6,2
9738,0,15,9,6
9739,0,105,23,82
9740,0,23,76,-53
9741,0,47,161,-114
9742,0,11,20,-9
9743,0,19,27,-8
9744,0,864,525,339
9745,0,1208,1286,-78
9746,0,85,83,2
9747,0,3,221,-218
9748,0,79,156,-77
9750,0,100,12,88
9751,0,183,250,-67
9752,0,21,113,-92
9753,0,25,25,0
9754,0,38,52,-14
9755,0,61,92,-31
9756,0,39,142,-103
9757,0,2,4,-2
9758,0,6,245,-239
9759,0,90,86,4
9760,0,116,217,-101
9761,0,5360,2347,3013
9762,0,943,1375,-432
9763,0,5,5,0
9765,0,33,18,15
9766,0,9829,7765,2064
9767,0,9,24,-15
9768,0,8,18,-10
9769,0,1,6,-5
9770,0,9,8,1
9771,0,387,718,-331
9772,0,38,61,-23
9773,0,16,6,10
9774,0,455,623,-168
9775,0,66,78,-12
9776,0,973,749,224
9777,0,484,2844,-2360
9778,0,65,80,-15
9779,0,14,1,13
9780,0,52,19,33
9781,0,1503,388,1115
9782,0,1,18,-17
9783,0,3688,2454,1234
9784,0,512,245,267
9785,0,1,11,-10
9786,0,10,15,-5
9787,0,9,198,-189
9788,0,61,39,22
9789,0,13,17,-4
9790,0,81,156,-75
9791,0,1,21,-20
9792,0,435,214,221
9793,0,12,7,5
9794,0,9,29,-20
9795,0,36,50,-14
9796,0,5633,1828,3805
9797,0,4,15,-11
9799,0,949,1692,-743
9801,0,254,188,66
9802,0,16,12,4
9803,0,52,57,-5
9804,0,164,290,-126
9805,0,92,36,56
9806,0,1262,1170,92
9807,0,3,6,-3
9808,0,52,1468,-1416
9809,0,8,10,-2
9810,0,104,18,86
9811,0,22,13,9
9812,0,32,79,-47
9813,0,36,89,-53
9814,0,48,85,-37
9815,0,56,43,13
9816,0,45,93,-48
9817,0,60,51,9
9818,0,282,664,-382
9819,0,30,125,-95
9820,0,19,70,-51
9821,0,191,244,-53
9822,0,51,76,-25
9823,0,56,23,33
9824,0,261,206,55
9825,0,87,149,-62
9826,0,2616,837,1779
9827,0,102,941,-839
9828,0,219,91,128
9830,0,4756,152,4604
9831,0,5836,46,5790
9832,0,627,757,-130
9834,0,853,2235,-1382
9835,0,2733,1199,1534
9836,0,48,80,-32
9837,0,9,22,-13
9838,0,7,58,-51
9839,0,6794,6493,301
9841,0,42,91,-49
9842,0,45,107,-62
9843,0,17,45,-28
9844,0,148,810,-662
9846,0,5,25,-20
9847,0,294,481,-187
9848,0,63,9,54
9849,0,28,3,25
9850,0,46,15,31
9851,0,117,69,48
9852,0,321,391,-70
9853,0,22,38,-16
9854,0,1538,3653,-2115
9855,0,1566,1659,-93
9856,0,348,116,232
9857,0,16,14,2
9858,0,103,366,-263
9859,0,279,143,136
9860,0,6,42,-36
9861,0,71,43,28
9862,0,1510,5284,-3774
9863,0,274,388,-114
9865,0,13,136,-123
9866,0,190,252,-62
9867,0,156,306,-150
9868,0,4,13,-9
9869,0,177,12,165
9870,0,7,26,-19
9871,0,22,35,-13
9872,0,8,10,-2
9873,0,327193,430594,-103401
9874,0,27,8,19
9875,0,22,36,-14
9876,0,16,5,11
9877,0,3,9,-6
9878,0,34,40,-6
9879,0,39,390,-351
9880,0,731,272,459
9881,0,36,14,22
9882,0,35,22,13
9883,0,29,17,12
9884,0,66,39,27
9885,0,43,78,-35
9886,0,803,379,424
9887,0,6,34,-28
9888,0,142,140,2
9889,0,5,11,-6
9890,0,571,933,-362
9891,0,16,16,0
9892,0,147,317,-170
9894,0,1,5,-4
9895,0,5,111,-106
9896,0,4,24,-20
9897,0,612,358,254
9898,0,612,215,397
9899,0,190,97,93
9900,0,283,239,44
9901,0,35,7,28
9902,0,57,42,15
9903,0,416,219,197
9904,0,20,23,-3
9905,0,32,116,-84
9906,0,187,391,-204
9907,0,6,9,-3
9908,0,13,2,11
9909,0,8,7,1
9910,0,92,125,-33
9911,0,5,15,-10
9912,0,47,44,3
9913,0,1020,3422,-2402
9914,0,14,36,-22
9915,0,66,65,1
9916,0,113,75,38
9917,0,59,77,-18
9918,0,12,2,10
9919,0,22,126,-104
9920,0,10,6,4
9921,0,7,22,-15
9922,0,41,17,24
9923,0,3,25,-22
9924,0,74,64,10
9925,0,110,139,-29
9926,0,2389,1125,1264
9927,0,84,69,15
9928,0,13,13,0
9930,0,335,408,-73
9931,0,116,150,-34
9932,0,169,169,0
9933,0,121,225,-104
9934,0,1148,385,763
9935,0,165,631,-466
9936,0,3,5,-2
9937,0,81,51,30
9938,0,7,9,-2
9939,0,277,248,29
9940,0,45,66,-21
9941,0,1,1,0
9942,0,365,260,105
9943,0,161,118,43
9944,0,54,48,6
9945,0,668,222,446
9946,0,27,59,-32
9947,0,21,43,-22
9948,0,44,32,12
9949,0,142,342,-200
9951,0,2,15,-13
9952,0,103,80,23
9953,0,139,91,48
9954,0,27,20,7
9955,0,283,573,-290
9956,0,89,36,53
9957,0,20,141,-121
9958,0,11,6,5
9959,0,156,53,103
9960,0,82,72,10
9961,0,29,29,0
9962,0,134,30,104
9964,0,1677,1067,610
9965,0,5,14,-9
9966,0,384,2428,-2044
9967,0,214,137,77
9969,0,8,109,-101
9970,0,34,55,-21
9971,0,58,87,-29
9972,0,56,20,36
9973,0,130,182,-52
9974,0,19,12,7
9975,0,29,77,-48
9976,0,410,620,-210
9978,0,12,58,-46
9979,0,33,19,14
9980,0,12,8,4
9981,0,194,162,32
9982,0,115,63,52
9983,0,51,125,-74
9984,0,113,166,-53
9985,0,4,2,2
9986,0,7,40,-33
9987,0,3,42,-39
9989,0,324,68,256
9990,0,11,30,-19
9991,0,537,556,-19
9992,0,27,21,6
9993,0,9,13,-4
9995,0,13,52,-39
9996,0,38,44,-6
9997,0,125,427,-302
9999,0,99,77,22
10000,0,59,39,20
10001,0,390,277,113
10002,0,5,41,-36
10003,0,35,17,18
10004,0,75,138,-63
10005,0,29,38,-9
10007,0,186,89,97
10008,0,65,38,27
10009,0,25,20,5
10010,0,51,22,29
10011,0,5,51,-46
10012,0,111,22,89
10013,0,5,26,-21
10014,0,1084,583,501
10015,0,37,16,21
10016,0,1142,5304,-4162
10018,0,524,842,-318
10020,0,19,19,0
10021,0,14,61,-47
10022,0,169,72,97
10023,0,40,148,-108
10024,0,162,189,-27
10025,0,34,107,-73
10026,0,13,8,5
10028,0,34,504,-470
10029,0,23,58,-35
10031,0,81,105,-24
10032,0,3297,3857,-560
10033,0,106,62,44
10034,0,23,15,8
10035,0,345,214,131
10036,0,16,7,9
10037,0,402,290,112
10038,0,183,247,-64
10039,0,13,13,0
10040,0,26,6,20
10041,0,35,149,-114
10042,0,128,123,5
10044,0,46,36,10
10045,0,19,35,-16
10046,0,13,5,8
10047,0,30,63,-33
10049,0,36,41,-5
10050,0,49,2,47
10051,0,275,214,61
10052,0,51,110,-59
10053,0,496,563,-67
10054,0,88,194,-106
10055,0,62,139,-77
10056,0,29,8,21
10057,0,75,71,4
10058,0,78,61,17
10059,0,948,2070,-1122
10060,0,485,634,-149
10061,0,15,41,-26
10062,0,22,313,-291
10063,0,49,19,30
10064,0,65,50,15
10065,0,1838,1930,-92
10066,0,41,126,-85
10067,0,9,6,3
10068,0,5,27,-22
10069,0,501,454,47
10070,0,34,54,-20
10071,0,14,185,-171
10072,0,11,33,-22
10073,0,59,132,-73
10074,0,67,117,-50
10075,0,3925,4370,-445
10076,0,287,140,147
10077,0,3,16,-13
10078,0,14,100,-86
10079,0,38,27,11
10080,0,21,18,3
10081,0,9,6,3
10082,0,4,11,-7
10083,0,107,206,-99
10084,0,17,36,-19
10085,0,65,21,44
10086,0,45,131,-86
10087,0,67,19,48
10088,0,318,334,-16
10089,0,13,44,-31
10090,0,219,372,-153
10091,0,54,17,37
10092,0,5,6,-1
10093,0,11,15,-4
10094,0,39,28,11
10095,0,18,16,2
10096,0,3,8,-5
10097,0,862,924,-62
10098,0,75,136,-61
10099,0,6799,14371,-7572
10100,0,9,39,-30
10101,0,1360,1877,-517
10102,0,853,2649,-1796
10103,0,15,8,7
10104,0,3,10,-7
10105,0,4035,5309,-1274
10106,0,36,28,8
10107,0,59,87,-28
10108,0,4,27,-23
10109,0,1375,1083,292
10110,0,10,6,4
10111,0,337,76,261
10112,0,53,704,-651
10113,0,11,35,-24
10114,0,70,95,-25
10115,0,751,560,191
10116,0,29,18,11
10117,0,2355,4346,-1991
10119,0,68,18,50
10120,0,3736,427,3309
10121,0,1564,1143,421
10122,0,13,7,6
10123,0,225,47,178
10124,0,5,13,-8
10125,0,8,25,-17
10126,0,3,6,-3
10127,0,2327,1113,1214
10128,0,17,13,4
10129,0,25,63,-38
10130,0,51,67,-16
10131,0,83,135,-52
10132,0,610,251,359
10133,0,26,3,23
10134,0,364,17,347
10135,0,22,97,-75
10136,0,36,45,-9
10137,0,172,60,112
10138,0,209,64,145
10139,0,178,108,70
10141,0,7,14,-7
10142,0,54,269,-215
10143,0,13,9,4
10144,0,54,39,15
10145,0,8,13,-5
10146,0,20,30,-10
10147,0,8,14,-6
10148,0,12,77,-65
10149,0,1532,599,933
10150,0,46,41,5
10151,0,1,2,-1
10152,0,2739,2052,687
10153,0,38,23,15
10154,0,228,3,225
10155,0,14,3,11
10156,0,65,177,-112
10157,0,60,37,23
10159,0,4842,142,4700
10160,0,248,467,-219
10161,0,141,19,122
10162,0,57,194,-137
10164,0,5,5,0
10165,0,53,75,-22
10166,0,11,1161,-1150
10168,0,10,67,-57
10169,0,2,4,-2
10170,0,2244,3289,-1045
10171,0,6,7,-1
10172,0,72,176,-104
10173,0,1390,350,1040
10174,0,44,74,-30
10175,0,14,22,-8
10176,0,22,55,-33
10177,0,17,54,-37
10178,0,4,54,-50
10179,0,68,79,-11
10180,0,74,106,-32
10181,0,48,309,-261
10182,0,9,221,-212
10183,0,607,15,592
10184,0,144,210,-66
10185,0,585,680,-95
10186,0,223,136,87
10187,0,21,52,-31
10188,0,1814,1496,318
10189,0,1074,1917,-843
10190,0,21,21,0
10191,0,1098,1215,-117
10192,0,53,26,27
10193,0,81,53,28
10194,0,230,258,-28
10195,0,11,14,-3
10196,0,17,11,6
10197,0,59,239,-180
10198,0,50,47,3
10199,0,2653,2888,-235
10200,0,6,40,-34
10201,0,81,27,54
10202,0,8,40,-32
10203,0,7,10,-3
10204,0,128,445,-317
10205,0,62,12,50
10206,0,38,43,-5
10207,0,291,513,-222
10208,0,51,24,27
10209,0,44,25,19
10210,0,3,2,1
10211,0,14,13,1
10212,0,40,44,-4
10213,0,2101,2971,-870
10214,0,48,134,-86
10215,0,6,15,-9
10216,0,5,7,-2
10217,0,67,123,-56
10218,0,295,609,-314
10219,0,25,75,-50
10221,0,26,182,-156
10222,0,18,1,17
10223,0,9,681,-672
10224,0,62,62,0
10225,0,53,8,45
10226,0,46,59,-13
10227,0,4,5,-1
10228,0,29,14,15
10229,0,199,468,-269
10230,0,28,62,-34
10231,0,62,30,32
10232,0,150,80,70
10233,0,23,26,-3
10234,0,30,37,-7
10235,0,793,415,378
10236,0,9,7,2
10239,0,59,76,-17
10240,0,129,45,84
10241,0,7,1,6
10242,0,11,16,-5
10243,0,2,2,0
10244,0,244,315,-71
10245,0,20,14,6
10246,0,190,110,80
10247,0,51,61,-10
10248,0,52,76,-24
10249,0,1,8,-7
10250,0,128,140,-12
10251,0,8,5,3
10252,0,180,231,-51
10253,0,64,143,-79
10254,0,38,33,5
10255,0,19,13,6
10256,0,2,14,-12
10257,0,18,25,-7
10258,0,23,35,-12
10259,0,174,231,-57
10260,0,3,20,-17
10261,0,72,30,42
10262,0,10,2,8
10264,0,4,5,-1
10265,0,5,6,-1
10266,0,43,25,18
10267,0,45,28,17
10268,0,94,60,34
10269,0,14,15,-1
10270,0,88,168,-80
10271,0,34,38,-4
10272,0,1,13,-12
10273,0,745,775,-30
10274,0,8,47,-39
10275,0,449,366,83
10276,0,933,450,483
10277,0,33,41,-8
10278,0,91,77,14
10279,0,253,242,11
10280,0,2,11,-9
10281,0,51,13,38
10282,0,27,15,12
10283,0,283,207,76
10284,0,80,120,-40
10285,0,33,77,-44
10286,0,21,39,-18
10287,0,22,48,-26
10288,0,27,71,-44
10289,0,202,123,79
10290,0,19,23,-4
10291,0,201,39,162
10292,0,1156,1531,-375
10293,0,3535,6455,-2920
10294,0,30,34,-4
10295,0,8,2,6
10296,0,447,252,195
10297,0,21,100,-79
10298,0,960,1472,-512
10300,0,126,65,61
10301,0,12,6,6
10302,0,23,52,-29
10303,0,1127,721,406
10304,0,2,11,-9
10305,0,1833,3237,-1404
10306,0,30,25,5
10309,0,3,0,3
10310,0,113,56,57
10311,0,287,215,72
10312,0,51,107,-56
10314,0,16,19,-3
10315,0,27,2,25
10316,0,256,797,-541
10317,0,1435,767,668
10318,0,156,345,-189
10319,0,23,23,0
10320,0,9786,318769,-308983
10321,0,133,132,1
10322,0,18,10,8
10323,0,43,46,-3
10324,0,16,25,-9
10325,0,22,21,1
10326,0,6136,1033,5103
10327,0,718,396,322
10329,0,44,107,-63
10330,0,44,71,-27
10331,0,4,10,-6
10332,0,145,147,-2
10333,0,436,667,-231
10334,0,11,7,4
10335,0,5,175,-170
10336,0,9,6,3
10337,0,36,20,16
10338,0,48,99,-51
10339,0,457,530,-73
10340,0,60,18,42
10341,0,23,23,0
10342,0,50,27,23
10343,0,16,41,-25
10344,0,217,329,-112
10345,0,28,78,-50
10346,0,60,219,-159
10347,0,30,54,-24
10348,0,40,25,15
10349,0,117,808,-691
10350,0,25,10,15
10351,0,5,11,-6
10352,0,8,122,-114
10353,0,12,21,-9
10354,0,56,71,-15
10355,0,205,1,204
10357,0,272,113,159
10358,0,32,31,1
10359,0,1,8,-7
10360,0,110,310,-200
10361,0,14,14,0
10362,0,22,21,1
10363,0,21,31,-10
10364,0,381,779,-398
10365,0,19,31,-12
10366,0,12,21,-9
10367,0,161,135,26
10368,0,140,18,122
10370,0,1,4,-3
10371,0,319,258,61
10372,0,38,27,11
10373,0,34,81,-47
10375,0,170,211,-41
10376,0,33,23,10
10377,0,2260,311,1949
10378,0,42,145,-103
10379,0,52,19,33
10380,0,50,67,-17
10381,0,7,24,-17
10382,0,114,182,-68
10383,0,138,132,6
10384,0,3,3,0
10385,0,213,192,21
10386,0,236,688,-452
10387,0,24,71,-47
10388,0,338,37,301
10389,0,31,309,-278
10390,0,35,50,-15
10391,0,25,71,-46
10392,0,1,4,-3
10393,0,12,31,-19
10394,0,48,57,-9
10395,0,1495,861,634
10396,0,47,14,33
10397,0,82,87,-5
10398,0,1404,1343,61
10399,0,248,235,13
10400,0,77,15,62
10402,0,105,188,-83
10403,0,245,340,-95
10404,0,103,15,88
10405,0,73,26,47
10406,0,401,333,68
10407,0,115,124,-9
10408,0,1,12,-11
10409,0,99,57,42
10410,0,3,10,-7
10411,0,10,5,5
10412,0,24,32,-8
10413,0,6,1,5
10414,0,1,1,0
10415,0,17,20,-3
10416,0,929,559,370
10417,0,18,4,14
10418,0,14,49,-35
10419,0,117,40,77
10420,0,96,84,12
10421,0,11,17,-6
10422,0,17,78,-61
10423,0,21,15,6
10424,0,314,89,225
10425,0,13,21,-8
10426,0,27,57,-30
10427,0,707,841,-134
10429,0,76,96,-20
10430,0,977,1609,-632
10431,0,35,36,-1
10432,0,295,107,188
10433,0,40,64,-24
10434,0,79,24,55
10435,0,68,7,61
10437,0,62,25,37
10438,0,88,32,56
10439,0,2,5,-3
10440,0,40,65,-25
10441,0,32,33,-1
10442,0,98,44,54
10443,0,4,26,-22
10444,0,49,82,-33
10445,0,181,133,48
10446,0,15,79,-64
10447,0,190,54,136
10448,0,6,14,-8
10450,0,618,1801,-1183
10451,0,47,312,-265
10453,0,7175,9739,-2564
10454,0,12,22,-10
10455,0,61,20,41
10456,0,22,23,-1
10457,0,94,59,35
10458,0,57,6,51
10459,0,103,304,-201
10460,0,52,36,16
10461,0,223,171,52
10463,0,40,44,-4
10464,0,10,25,-15
10465,0,45,11,34
10466,0,98,64,34
10467,0,655,1373,-718
10468,0,105,77,28
10469,0,30,44,-14
10470,0,185,129,56
10472,0,126,145,-19
10473,0,92,285,-193
10474,0,24,81,-57
10475,0,47,60,-13
10476,0,10138,4936,5202
10478,0,31,41,-10
10479,0,1044,142,902
10480,0,41,97,-56
10481,0,7,11,-4
10482,0,302,198,104
10484,0,272,335,-63
10485,0,120,143,-23
10486,0,115,341,-226
10487,0,44,17,27
10488,0,43,20,23
10489,0,30,19,11
10491,0,8,49,-41
10492,0,10,7,3
10493,0,91,108,-17
10494,0,2,4,-2
10499,0,17,52,-35
10500,0,81,31,50
10501,0,248,66,182
10502,0,64,102,-38
10503,0,123,107,16
10504,0,137,316,-179
10505,0,241,387,-146
10506,0,18,9,9
10507,0,412,374,38
10508,0,44,2,42
10509,0,646,240,406
10510,0,2,9,-7
10511,0,287,178,109
10512,0,119,21,98
10513,0,13,55,-42
10514,0,806,827,-21
10515,0,3,11,-8
10516,0,147,730,-583
10517,0,2288,3746,-1458
10518,0,123,52,71
10519,0,25,46,-21
10520,0,1,0,1
10521,0,144,302,-158
10522,0,5,21,-16
10524,0,7,18,-11
10525,0,994,1117,-123
10526,0,228,1284,-1056
10527,0,2,14,-12
10528,0,11,8,3
10529,0,219,423,-204
10530,0,34,25,9
10531,0,32,30,2
10532,0,510,799,-289
10533,0,97,80,17
10534,0,49,29,20
10535,0,4,9,-5
10536,0,205,171,34
10537,0,66,115,-49
10538,0,15,15,0
10539,0,61,54,7
10540,0,2,15,-13
10541,0,13,2,11
10542,0,1,6,-5
10543,0,7,14,-7
10544,0,41,21,20
10545,0,229,90,139
10546,0,19,152,-133
10548,0,224,208,16
10549,0,37,14,23
10550,0,37,228,-191
10551,0,8,83,-75
10552,0,30,87,-57
10553,0,48,17,31
10554,0,72,19,53
10555,0,145,345,-200
10556,0,6,5,1
10557,0,49,58,-9
10558,0,190,61,129
10559,0,134,238,-104
10560,0,87,9,78
10561,0,17,53,-36
10562,0,184,200,-16
10563,0,9517,10726,-1209
10564,0,277,417,-140
10565,0,188,390,-202
10566,0,46,58,-12
10567,0,76,93,-17
10568,0,121,102,19
10570,0,36,136,-100
10571,0,45,116,-71
10572,0,4114,7027,-2913
10573,0,122,149,-27
10574,0,1027,441,586
10575,0,59,334,-275
10576,0,28,90,-62
10577,0,48,166,-118
10578,0,2342,6826,-4484
10579,0,41,14,27
10580,0,162,173,-11
10581,0,31,74,-43
10582,0,50,36,14
10583,0,2555,5171,-2616
10585,0,11,21,-10
10586,0,13,5,8
10587,0,53,175,-122
10588,0,1086,817,269
10589,0,205,161,44
10590,0,111,70,41
10591,0,28,36,-8
10592,0,1082,966,116
10593,0,75,61,14
10594,0,29,39,-10
10595,0,30,35,-5
10596,0,55,11,44
10597,0,2,18,-16
10598,0,2,18,-16
10599,0,182,257,-75
10600,0,390,2375,-1985
10601,0,23,22,1
10602,0,26,20,6
10603,0,132,173,-41
10604,0,116,104,12
10605,0,242,233,9
10606,0,12,33,-21
10607,0,154,49,105
10608,0,32,131,-99
10609,0,4,16,-12
10610,0,24,29,-5
10611,0,129,352,-223
10612,0,28,65,-37
10613,0,32,60,-28
10614,0,25,54,-29
10615,0,9,27,-18
10616,0,3,3,0
10617,0,54,122,-68
10618,0,32,62,-30
10619,0,85,54,31
10620,0,68,88,-20
10621,0,3025,1563,1462
10622,0,193,156,37
10623,0,176,237,-61
10624,0,173,136,37
10625,0,1,59,-58
10626,0,5,7,-2
10627,0,319,339,-20
10628,0,134,70,64
10629,0,37,157,-120
10630,0,11,19,-8
10631,0,35,44,-9
10632,0,201,79,122
10633,0,35,80,-45
10634,0,26,17,9
10635,0,68,14,54
10636,0,258,599,-341
10637,0,262,587,-325
10638,0,18,14,4
10639,0,27,66,-39
10640,0,15,15,0
10641,0,25,170,-145
10642,0,24,98,-74
10643,0,4,12,-8
10644,0,35,26,9
10645,0,362,20,342
10646,0,13,25,-12
10647,0,34,59,-25
10648,0,893,1291,-398
10649,0,329,22,307
10650,0,34,55,-21
10651,0,255,1060,-805
10652,0,1,21,-20
10653,0,1223,1303,-80
10654,0,544,695,-151
10655,0,28,17,11
10656,0,52,176,-124
10658,0,401,466,-65
10659,0,18,23,-5
10660,0,1058,35,1023
10661,0,42,78,-36
10662,0,363,632,-269
10663,0,9,13,-4
10664,0,17,16,1
10665,0,33,89,-56
10666,0,3436,5407,-1971
10667,0,540,760,-220
10668,0,270,428,-158
10669,0,89,119,-30
10670,0,40,30,10
10671,0,118,840,-722
10672,0,23,37,-14
10673,0,211,113,98
10674,0,82,212,-130
10675,0,10,4,6
10676,0,20,37,-17
10677,0,55,94,-39
10678,0,4,19,-15
10679,0,20,29,-9
10680,0,404,482,-78
10681,0,2301,941,1360
10682,0,719,3237,-2518
10683,0,27,21,6
10684,0,1,19,-18
10685,0,2118,2478,-360
10686,0,12,50,-38
10687,0,9,37,-28
10688,0,519,381,138
10689,0,49,15,34
10690,0,902,48,854
10691,0,263,518,-255
10692,0,310,149,161
10693,0,10,19,-9
10694,0,31,26,5
10695,0,83,1777,-1694
10696,0,403,123,280
10697,0,10,33,-23
10698,0,101,47,54
10699,0,2,11,-9
10700,0,2314,4107,-1793
10702,0,58,64,-6
10703,0,22,113,-91
10704,0,88,147,-59
10705,0,7,62,-55
10706,0,311,323,-12
10707,0,2503,2090,413
10708,0,14,42,-28
10709,0,26,103,-77
10710,0,53,76,-23
10711,0,38,77,-39
10712,0,10,5,5
10713,0,257,448,-191
10714,0,88,114,-26
10715,0,22,15,7
10716,0,2,1,1
10717,0,495,283,212
10718,0,1,5,-4
10719,0,129,443,-314
10720,0,39,136,-97
10721,0,34,13,21
10722,0,21,11,10
10723,0,200,406,-206
10724,0,118,165,-47
10725,0,1,45,-44
10726,0,3667,4860,-1193
10727,0,1098,419,679
10728,0,22,51,-29
10729,0,13,23,-10
10730,0,62,469,-407
10731,0,83,21,62
10732,0,1445,675,770
10733,0,42,32,10
10734,0,7,33,-26
10735,0,751,303,448
10736,0,46,52,-6
10737,0,407,334,73
10738,0,6,27,-21
10739,0,47,170,-123
10740,0,35,38,-3
10741,0,40,75,-35
10742,0,34,14,20
10743,0,10,25,-15
10744,0,2,5,-3
10745,0,4,9,-5
10746,0,36,240,-204
10747,0,22,32,-10
10748,0,54,50,4
10749,0,3,18,-15
10750,0,1539,1505,34
10751,0,125,104,21
10752,0,26,7,19
10753,0,191,92,99
10754,0,73,35,38
10755,0,100,75,25
10756,0,27,3,24
10758,0,114,82,32
10759,0,46,22,24
10760,0,610,734,-124
10761,0,4,40,-36
10762,0,2,1,1
10763,0,22,65,-43
10764,0,14,28,-14
10765,0,93,107,-14
10767,0,2875,1031,1844
10768,0,27,11,16
10769,0,1626,133,1493
10770,0,3,7,-4
10771,0,359,410,-51
10772,0,3,20,-17
10773,0,10,18,-8
10774,0,26,23,3
10775,0,233,118,115
10776,0,264,139,125
10777,0,1319,251,1068
10778,0,78,99,-21
10779,0,5692,6288,-596
10780,0,154,100,54
10781,0,421,926,-505
10782,0,179,13,166
10783,0,18,44,-26
10784,0,34,35,-1
10785,0,58,120,-62
10786,0,99,222,-123
10787,0,30,10,20
10788,0,44,58,-14
10789,0,47,38,9
10790,0,1367,988,379
10791,0,8,17,-9
10792,0,117,19,98
10793,0,2359,572,1787
10794,0,29,149,-120
10795,0,78,37,41
10796,0,284,300,-16
10797,0,93,104,-11
10798,0,61,175,-114
10799,0,43,37,6
10800,0,8,10,-2
10801,0,8,14,-6
10802,0,25,46,-21
10803,0,1193,2076,-883
10804,0,118,26,92
10805,0,3,18,-15
10806,0,42,197,-155
10807,0,319,177,142
10809,0,3,7,-4
10810,0,92,114,-22
10811,0,2,16,-14
10812,0,274,898,-624
10813,0,6,29,-23
10814,0,16,4,12
10815,0,24,40,-16
10816,0,76,167,-91
10817,0,49,26,23
10818,0,73,47,26
10819,0,84,169,-85
10820,0,21,15,6
10821,0,34,9,25
10822,0,4,4,0
10823,0,434,778,-344
10824,0,49,79,-30
10825,0,15,9,6
10826,0,45,176,-131
10827,0,278,313,-35
10829,0,5,18,-13
10830,0,43,114,-71
10831,0,19,45,-26
10832,0,35,12,23
10833,0,134,101,33
10834,0,13,39,-26
10835,0,57,259,-202
10836,0,2413,3615,-1202
10837,0,30,94,-64
10838,0,31,8,23
10839,0,24,34,-10
10840,0,450,373,77
10841,0,747,993,-246
10842,0,1427,1320,107
10843,0,164,177,-13
10844,0,55,93,-38
10845,0,6,2,4
10846,0,72,371,-299
10847,0,80,283,-203
10848,0,133,268,-135
10849,0,90,10,80
10850,0,24,24,0
10851,0,712,728,-16
10853,0,228,293,-65
10854,0,1381,447,934
10855,0,299,430,-131
10856,0,10,39,-29
10857,0,218,174,44
10858,0,30,39,-9
10859,0,947,1126,-179
10860,0,7,5,2
10861,0,8,8,0
10862,0,2,5,-3
10863,0,195,74,121
10864,0,12,37,-25
10865,0,33,80,-47
10866,0,13,1,12
10867,0,21,31,-10
10868,0,64,135,-71
10869,0,118,205,-87
10870,0,758,179,579
10871,0,15,89,-74
10872,0,47,31,16
10873,0,116,261,-145
10874,0,30,1,29
10875,0,61,86,-25
10876,0,133,242,-109
10877,0,11,106,-95
10878,0,208,179,29
10879,0,6,17,-11
10880,0,10,147,-137
10881,0,220,177,43
10882,0,122,54,68
10883,0,69,94,-25
10884,0,62,31,31
10885,0,4241,1617,2624
10886,0,2859,1415,1444
10887,0,18,18,0
10888,0,9,30,-21
10889,0,114,126,-12
10890,0,42,19,23
10891,0,63,28,35
10892,0,28,8,20
10893,0,652,2560,-1908
10894,0,3305,3228,77
10895,0,122,21,101
10896,0,12,14,-2
10898,0,34,17,17
10899,0,46,55,-9
10900,0,102,163,-61
10901,0,71,357,-286
10902,0,3194,4271,-1077
10903,0,3,4,-1
10905,0,5,45,-40
10906,0,70,68,2
10907,0,5,60,-55
10908,0,80,24,56
10909,0,5,32,-27
10910,0,37,28,9
10911,0,790,1283,-493
10912,0,3404,5132,-1728
10913,0,6,1,5
10914,0,11176,18150,-6974
10915,0,27,4,23
10918,0,374,854,-480
10919,0,54,78,-24
10920,0,34,32,2
10921,0,69,186,-117
10922,0,8,10,-2
10923,0,241,239,2
10924,0,41,20,21
10925,0,31,59,-28
10926,0,4473,4494,-21
10927,0,1181,1695,-514
10928,0,13,695,-682
10929,0,136,164,-28
10930,0,13,3,10
10931,0,119,150,-31
10932,0,2790,3613,-823
10933,0,5,27,-22
10934,0,17,29,-12
10935,0,4,7,-3
10936,0,39,93,-54
10937,0,3090,3920,-830
10938,0,1241,1698,-457
10939,0,33,28,5
10940,0,1,1,0
10941,0,35,39,-4
10942,0,19,82,-63
10943,0,56,49,7
10945,0,12,39,-27
10946,0,276,189,87
10947,0,797,683,114
10949,0,81,64,17
10950,0,22,22,0
10952,0,20,20,0
10953,0,306,256,50
10954,0,107,226,-119
10955,0,7,68,-61
10956,0,24,143,-119
10957,0,70,36,34
10958,0,1866,2162,-296
10960,0,103,24,79
10961,0,6976,8271,-1295
10962,0,4,3,1
10963,0,25,29,-4
10964,0,16,13,3
10965,0,776,498,278
10966,0,55,110,-55
10967,0,28,62,-34
10968,0,662,482,180
10969,0,1,4,-3
10970,0,434,884,-450
10971,0,21,1,20
10972,0,11190,3945,7245
10973,0,133,213,-80
10975,0,36,42,-6
10976,0,276,292,-16
10977,0,3,7,-4
10978,0,120,61,59
10979,0,4,31,-27
10980,0,6,5,1
10981,0,48,19,29
10982,0,767,273,494
10983,0,2309,2032,277
10984,0,2,3,-1
10985,0,28,11,17
10986,0,20,41,-21
10987,0,67,89,-22
10988,0,465,879,-414
10991,0,133,122,11
10992,0,325,85,240
10993,0,649,720,-71
10994,0,162,497,-335
10995,0,75,87,-12
10996,0,9,43,-34
10997,0,1198,1404,-206
10998,0,3,11,-8
10999,0,5,15,-10
11000,0,837,2062,-1225
11001,0,268,156,112
11002,0,42,31,11
11003,0,67,47,20
11004,0,2,9,-7
11005,0,25,14,11
11006,0,40,618,-578
11007,0,2520,1818,702
11008,0,55,56,-1
11009,0,265,65,200
11010,0,15,31,-16
11011,0,122,19,103
11012,0,42,45,-3
11013,0,9,4,5
11014,0,8,29,-21
11015,0,117,100,17
11016,0,4752,210609,-205857
11017,0,535,838,-303
11018,0,1330,970,360
11019,0,3,20,-17
11020,0,59,63,-4
11021,0,47,10,37
11022,0,4,89,-85
11023,0,10,11,-1
11024,0,18,15,3
11025,0,1023,1720,-697
11026,0,101,21,80
11027,0,3,15,-12
11028,0,485,5534,-5049
11029,0,55,127,-72
11030,0,9,14,-5
11031,0,121,255,-134
11032,0,40,122,-82
11033,0,1744,1186,558
11034,0,83,146,-63
11035,0,38,88,-50
11036,0,8361,13649,-5288
11037,0,22,92,-70
11038,0,38,76,-38
11039,0,4,16,-12
11040,0,223,123,100
11041,0,37,8,29
11042,0,146,199,-53
11043,0,260,248,12
11044,0,5,18,-13
11046,0,6,9,-3
11047,0,34,88,-54
11048,0,43,69,-26
11049,0,30,25,5
11050,0,87,60,27
11051,0,45,106,-61
11052,0,6,13,-7
11053,0,2465,2431,34
11054,0,1511,5880,-4369
11055,0,39,10,29
11056,0,51,42,9
11058,0,76,71,5
11059,0,77,715,-638
11060,0,11,77,-66
11061,0,92,102,-10
11062,0,22,10,12
11063,0,38,37,1
11064,0,1617,556,1061
11065,0,2,82,-80
11066,0,9,18,-9
11067,0,27,50,-23
11068,0,32,11,21
11069,0,15,51,-36
11070,0,542,1142,-600
11071,0,3,11,-8
11074,0,62,10,52
11076,0,11,34,-23
11077,0,66,94,-28
11078,0,131,168,-37
11079,0,96,20,76
11080,0,4412,5100,-688
11081,0,29,124,-95
11082,0,695,998,-303
11083,0,25,4,21
11084,0,30,14,16
11085,0,8,36,-28
11086,0,9,1159,-1150
11087,0,91,118,-27
11088,0,83,165,-82
11089,0,26,5,21
11090,0,3413,677,2736
11091,0,90,143,-53
11092,0,15,46,-31
11093,0,79,239,-160
11094,0,441,1402,-961
11095,0,83,125,-42
11096,0,243,218,25
11097,0,23,2,21
11098,0,16,33,-17
11100,0,322,120,202
11101,0,1099,3815,-2716
11102,0,4,32,-28
11103,0,430,787,-357
11104,0,202,68,134
11105,0,109,250,-141
11106,0,14,12,2
11107,0,13608,16305,-2697
11108,0,376,746,-370
11109,0,60,40,20
11110,0,15,76,-61
11111,0,15,18,-3
11112,0,185,217,-32
11113,0,13,500,-487
11114,0,36,1,35
11115,0,678,331,347
11116,0,278,514,-236
11117,0,6,6,0
11118,0,9,28,-19
11119,0,12,25,-13
11121,0,4,27,-23
11122,0,18,237,-219
11123,0,34,118,-84
11124,0,113,54,59
11125,0,35,43,-8
11126,0,237,433,-196
11127,0,1212,1064,148
11128,0,24,34,-10
11129,0,58,39,19
11130,0,71,107,-36
11131,0,46,16,30
11132,0,54,71,-17
11133,0,19,2,17
11134,0,148,76,72
11135,0,16,40,-24
11136,0,5,5,0
11137,0,29,15,14
11138,0,91,55,36
11139,0,724,469,255
11140,0,33,46,-13
11141,0,95,63,32
11142,0,173,494,-321
11144,0,2,7,-5
11145,0,7533,9068,-1535
11146,0,41,15,26
11147,0,753,396,357
11148,0,108,43,65
11149,0,54,77,-23
11150,0,349,49,300
11151,0,30,121,-91
11152,0,3,35,-32
11153,0,2013,532,1481
11154,0,16,66,-50
11155,0,93,83,10
11156,0,73,19,54
11157,0,61,33,28
11158,0,1,5,-4
11159,0,345,395,-50
11160,0,592,1207,-615
11161,0,245,307,-62
11162,0,421,834,-413
11163,0,103,70,33
11164,0,9,37,-28
11165,0,9,10,-1
11166,0,69,45,24
11167,0,60,152,-92
11168,0,62,264,-202
11169,0,229,329,-100
11170,0,100,70,30
11171,0,45,72,-27
11172,0,1106,2540,-1434
11173,0,91,61,30
11174,0,122,806,-684
11175,0,122,293,-171
11176,0,12,4,8
11177,0,2452,2363,89
11178,0,8,22,-14
11179,0,277,105,172
11180,0,1456,1587,-131
11181,0,3,98,-95
11182,0,25,53,-28
11183,0,63,108,-45
11185,0,13,406,-393
11186,0,59,42,17
11187,0,1385,356,1029
11188,0,297,47,250
11189,0,180,180,0
11190,0,233,313,-80
11191,0,103,370,-267
11192,0,7,639,-632
11193,0,170,61,109
11194,0,4,2,2
11195,0,13,39,-26
11196,0,126,443,-317
11198,0,2,2,0
11199,0,602,302,300
11200,0,45,80,-35
11201,0,26,50,-24
11203,0,320,406,-86
11205,0,43,62,-19
11206,0,337,683,-346
11208,0,11,14,-3
11209,0,6,3,3
11210,0,611,46,565
11212,0,3497,3147,350
11213,0,276,942,-666
11214,0,29,29,0
11215,0,216,164,52
11216,0,14,20,-6
11217,0,11,32,-21
11218,0,22,2,20
11219,0,68,85,-17
11220,0,20,151,-131
11221,0,411,716,-305
11222,0,43,70,-27
11223,0,222,109,113
11224,0,3,8,-5
11225,0,33,19,14
11226,0,5,118,-113
11227,0,138,35,103
11228,0,113,97,16
11229,0,384,293,91
11230,0,251,56,195
11231,0,4,9,-5
11232,0,28,33,-5
11233,0,4225,1162,3063
11234,0,101,19,82
11235,0,1942,1571,371
11236,0,1115,468,647
11237,0,414,560,-146
11238,0,7,11,-4
11239,0,1319,633,686
11240,0,10,4,6
11241,0,421,522,-101
11242,0,92,24,68
11243,0,23,77,-54
11244,0,23,23,0
11245,0,691,39,652
11246,0,83,12,71
11247,0,39,52,-13
11248,0,1993,4168,-2175
11249,0,6,6,0
11251,0,1,17,-16
11252,0,1517,1510,7
11253,0,222,224,-2
11254,0,8,1,7
11255,0,9,19,-10
11256,0,14,115,-101
11257,0,933,170,763
11258,0,2,5,-3
11259,0,7,17,-10
11260,0,66,66,0
11261,0,60,114,-54
11262,0,268,308,-40
11264,0,53,66,-13
11265,0,102,241,-139
11266,0,12,25,-13
11267,0,34,103,-69
11268,0,7574,4804,2770
11269,0,70,47,23
11270,0,3,5,-2
11272,0,10,2,8
11273,0,29,63,-34
11274,0,334,113,221
11275,0,456,114,342
11276,0,147,164,-17
11277,0,27,17,10
11278,0,1329,198,1131
11279,0,27,22,5
11280,0,106,70,36
11281,0,640,378,262
11282,0,466,47,419
11284,0,54,54,0
11285,0,3,7,-4
11286,0,39,33,6
11287,0,22,57,-35
11288,0,182,191,-9
11289,0,38,81,-43
11290,0,227,3,224
11291,0,11,15,-4
11292,0,27,51,-24
11293,0,19,133,-114
11294,0,13,15,-2
11295,0,18,27,-9
11296,0,131,165,-34
11297,0,9,27,-18
11298,0,4430,5856,-1426
11299,0,23,72,-49
11300,0,892,202,690
11301,0,287,21,266
11302,0,89,14,75
11303,0,60,169,-109
11304,0,192,56,136
11305,0,20,189,-169
11306,0,359,227,132
11307,0,4,24,-20
11308,0,13,36,-23
11309,0,1,9,-8
11310,0,1,6,-5
11311,0,622,345,277
11312,0,30,22,8
11313,0,224,76,148
11314,0,7,8,-1
11315,0,19,21,-2
11317,0,66,128,-62
11318,0,37,5,32
11319,0,78,42,36
11320,0,22,6,16
11321,0,15,33,-18
11322,0,380,699,-319
11323,0,7,9,-2
11324,0,13,26,-13
11325,0,99,88,11
11326,0,34,59,-25
11327,0,3,52,-49
11328,0,72,3,69
11329,0,19,13,6
11330,0,70,86,-16
11331,0,9,12,-3
11332,0,281,310,-29
11334,0,6,99,-93
11335,0,44,617,-573
11336,0,13,8,5
11337,0,17,16,1
11338,0,37,76,-39
11339,0,39,38,1
11340,0,32,74,-42
11341,0,100,122,-22
11342,0,30,25,5
11343,0,408,500,-92
11344,0,169,96,73
11345,0,1030,7,1023
11346,0,1479,1606,-127
11347,0,3,9,-6
11348,0,19,16,3
11349,0,92,193,-101
11350,0,8441,6330,2111
11351,0,14,32,-18
11352,0,415,1762,-1347
11353,0,24,25,-1
11354,0,6,20,-14
11355,0,36,16,20
11356,0,3,9,-6
11357,0,63,45,18
11358,0,235,533,-298
11359,0,3,16,-13
11360,0,88,44,44
11361,0,7,37,-30
11362,0,5,1,4
11363,0,20,20,0
11364,0,52,26,26
11365,0,17,57,-40
11366,0,4560,5413,-853
11367,0,163,47,116
11368,0,50,1,49
11369,0,5560,6825,-1265
11371,0,836,383,453
11372,0,51,38,13
11373,0,131,266,-135
11374,0,88,92,-4
11375,0,554,645,-91
11376,0,14,146,-132
11377,0,117,94,23
11378,0,39,201,-162
11379,0,4,7,-3
11380,0,7,3,4
11381,0,1295,1072,223
11382,0,798,1832,-1034
11385,0,686,145,541
11386,0,79,279,-200
11387,0,23674,31230,-7556
11388,0,3,5,-2
11390,0,253,488,-235
11391,0,27,16,11
11393,0,342,404,-62
11394,0,5,3,2
11395,0,1663,605,1058
11396,0,189,501,-312
11397,0,27,29,-2
11399,0,23,38,-15
11400,0,89,103,-14
11401,0,87,1361,-1274
11402,0,57,71,-14
11403,0,525,1506,-981
11404,0,22,27,-5
11405,0,330,127,203
11406,0,61,24,37
11407,0,645,542,103
11408,0,2,20,-18
11409,0,3,10,-7
11410,0,34,874,-840
11411,0,2,162,-160
11412,0,42,101,-59
11413,0,6,11,-5
11414,0,12,29,-17
11415,0,215,280,-65
11416,0,10,17,-7
11417,0,53,120,-67
11418,0,58,211,-153
11419,0,271,91,180
11420,0,84,80,4
11421,0,27,10,17
11422,0,1762,52,1710
11423,0,143,182,-39
11424,0,99,26,73
11425,0,7760,5989,1771
11426,0,26,91,-65
11429,0,2,9,-7
11430,0,48,16,32
11431,0,4021,5410,-1389
11432,0,13,19,-6
11433,0,526,114,412
11434,0,98,212,-114
11435,0,25,44,-19
11437,0,38,4,34
11438,0,352,338,14
11439,0,175,681,-506
11440,0,100,198,-98
11441,0,9,0,9
11442,0,42,306,-264
11443,0,101,344,-243
11444,0,116,141,-25
11445,0,288,174,114
11446,0,72,195,-123
11447,0,136,183,-47
11448,0,48,19,29
11449,0,64,55,9
11450,0,95,71,24
11451,0,67,51,16
11452,0,963,795,168
11453,0,10,12,-2
11454,0,62,15,47
11455,0,11,4,7
11456,0,35,25,10
11457,0,29,2,27
11458,0,1640,3267,-1627
11459,0,14,9,5
11460,0,29,67,-38
11461,0,135,301,-166
11462,0,13,1,12
11463,0,66,43,23
11464,0,1,57,-56
11465,0,2,4,-2
11466,0,33,57,-24
11467,0,35,8,27
11468,0,94,52,42
11469,0,36,34,2
11471,0,41,44,-3
11472,0,23,33,-10
11473,0,26,107,-81
11474,0,66,96,-30
11475,0,334,266,68
11476,0,53,44,9
11477,0,24,21,3
11478,0,7,2,5
11479,0,118,112,6
11480,0,120,197,-77
11481,0,13,8,5
11482,0,105,103,2
11483,0,1,33,-32
11484,0,2,12,-10
11485,0,57,113,-56
11486,0,16,160,-144
11487,0,145,82,63
11488,0,12,4,8
11490,0,174,157,17
11491,0,172,272,-100
11492,0,169,45,124
11493,0,161,73,88
11495,0,18,13,5
11496,0,12,20,-8
11497,0,18,12,6
11498,0,89,47,42
11499,0,22,6,16
11500,0,4,2,2
11501,0,20,12,8
11502,0,431,805,-374
11503,0,14,115,-101
11504,0,27,26,1
11505,0,17,456,-439
11506,0,3,17,-14
11507,0,13,66,-53
11508,0,120,159,-39
11510,0,20,10,10
11511,0,48,7,41
11512,0,3873,4780,-907
11513,0,52,22,30
11514,0,108,55,53
11515,0,8,26,-18
11516,0,44,66,-22
11517,0,16,2,14
11518,0,128,252,-124
11519,0,98,54,44
11520,0,58,20,38
11521,0,163,251,-88
11522,0,14,21,-7
11523,0,390,586,-196
11524,0,18,36,-18
11525,0,3446,5468,-2022
11526,0,11,71,-60
11527,0,371,454,-83
11528,0,13,2,11
11529,0,40,39,1
11530,0,17,51,-34
11531,0,55,117,-62
11532,0,545,107,438
11533,0,66,3,63
11534,0,330,404,-74
11535,0,424,305,119
11536,0,34,13,21
11537,0,210,292,-82
11538,0,9,68,-59
11539,0,274,50,224
11540,0,41,96,-55
11541,0,253,97,156
11542,0,12,70,-58
11543,0,31,154,-123
11544,0,4,14,-10
11545,0,88,95,-7
11546,0,9,58,-49
11547,0,49,85,-36
11548,0,276,122,154
11549,0,188,523,-335
11551,0,282,46,236
11552,0,6,5,1
11553,0,54,123,-69
11554,0,75,84,-9
11555,0,43,127,-84
11556,0,4,20,-16
11557,0,39,11,28
11558,0,517,737,-220
11559,0,105,95,10
11560,0,582,306,276
11561,0,170,150,20
11563,0,1716,668,1048
11564,0,12,2,10
11565,0,2,4,-2
11566,0,32,33,-1
11567,0,31,113,-82
11568,0,942,1119,-177
11569,0,1482,52,1430
11570,0,77,90,-13
11571,0,36,79,-43
11572,0,38,40,-2
11573,0,238,141,97
11574,0,117,85,32
11575,0,37,35,2
11576,0,480,854,-374
11577,0,25,22,3
11578,0,82,65,17
11579,0,40,38,2
11580,0,4,10,-6
11581,0,8,42,-34
11582,0,26,2,24
11583,0,14,26,-12
11585,0,1,10,-9
11586,0,160,211,-51
11587,0,22,98,-76
11588,0,387,4693,-4306
11589,0,3456,2589,867
11590,0,20,9,11
11591,0,7,150,-143
11592,0,2812,1307,1505
11593,0,67,23,44
11594,0,34,28,6
11595,0,2,16,-14
11596,0,378,72,306
11597,0,80,95,-15
11598,0,43,8,35
11599,0,302,698,-396
11600,0,47,50,-3
11601,0,19,47,-28
11602,0,178,182,-4
11604,0,49,12,37
11605,0,8,80,-72
11606,0,9,57,-48
11607,0,35,71,-36
11608,0,62,66,-4
11609,0,34,33,1
11610,0,102,28,74
11611,0,74,119,-45
11612,0,441,160,281
11613,0,91,246,-155
11614,0,97,96,1
11615,0,147,108,39
11616,0,3,39,-36
11617,0,61,226,-165
11618,0,6,10,-4
11619,0,33,82,-49
11620,0,727,783,-56
11621,0,921,935,-14
11622,0,545,2832,-2287
11623,0,3,1,2
11624,0,99,128,-29
11625,0,26,44,-18
11626,0,44,43,1
11627,0,30,9,21
11628,0,7,90,-83
11629,0,41,264,-223
11630,0,43,40,3
11631,0,40,14,26
11632,0,134,28,106
11634,0,7,30,-23
11635,0,45,23,22
11636,0,120,81,39
11637,0,822,53,769
11638,0,30,7,23
11639,0,3329,4167,-838
11640,0,44,8,36
11641,0,90,298,-208
11642,0,4,16,-12
11643,0,127,58,69
11644,0,28,16,12
11645,0,2128,763,1365
11646,0,27,41,-14
11647,0,16,33,-17
11648,0,23,7,16
11649,0,1247,137,1110
11650,0,68,37,31
11651,0,53,144,-91
11652,0,37,62,-25
11653,0,232,412,-180
11654,0,147,19,128
11655,0,13,4,9
11656,0,53,36,17
11657,0,31,94,-63
11658,0,21,17,4
11659,0,5,4,1
11660,0,7,6,1
11661,0,15,4,11
11662,0,63,10,53
11663,0,30,107,-77
11664,0,10,8,2
11665,0,127,1,126
11666,0,3,10,-7
11667,0,20,31,-11
11668,0,87,46,41
11669,0,52,76,-24
11670,0,870,917,-47
11671,0,35,75,-40
11672,0,17,7,10
11673,0,20,110,-90
11674,0,6675,8155,-1480
11675,0,7,60,-53
11676,0,123,109,14
11677,0,9,12,-3
11678,0,84,34,50
11679,0,75,60,15
11680,0,1,27,-26
11681,0,1070,144,926
11682,0,13,13,0
11683,0,42,91,-49
11684,0,64,79,-15
11685,0,17,17,0
11686,0,19,43,-24
11687,0,15,19,-4
11688,0,237,456,-219
11689,0,21,44,-23
11690,0,11150,6179,4971
11691,0,101,13,88
11692,0,4,28,-24
11693,0,92,78,14
11694,0,59,58,1
11695,0,1,11,-10
11696,0,82,351,-269
11697,0,109,110,-1
11698,0,8597,5465,3132
11699,0,21,49,-28
11700,0,66,39,27
11701,0,73,243,-170
11702,0,272,243,29
11703,0,10,91,-81
11704,0,108,144,-36
11705,0,99,30,69
11706,0,1180,7713,-6533
11707,0,74,38,36
11708,0,166,217,-51
11710,0,17,68,-51
11711,0,2324,4201,-1877
11712,0,100,35,65
11713,0,13,28,-15
11714,0,151,79,72
11715,0,22,7,15
11716,0,102,201,-99
11717,0,5,2,3
11719,0,48,72,-24
11720,0,1813,675,1138
11721,0,9873,8260,1613
11722,0,1094,437,657
11723,0,12,11,1
11724,0,12074,16885,-4811
11725,0,3022,9820,-6798
11726,0,62,73,-11
11727,0,1376,1761,-385
11728,0,5,1,4
11729,0,1587,3922,-2335
11730,0,20,18,2
11731,0,58,99,-41
11732,0,30,16,14
11733,0,6572,4272,2300
11734,0,1613,1503,110
11735,0,1311,1229,82
11736,0,55,61,-6
11737,0,176,267,-91
11738,0,16,21,-5
11739,0,16,29,-13
11740,0,14,21,-7
11741,0,15,33,-18
11742,0,5,13,-8
11743,0,50,86,-36
11744,0,10,15,-5
11745,0,375,265,110
11746,0,20,17,3
11747,0,54,145,-91
11748,0,5,44,-39
11749,0,154,203,-49
11750,0,57,195,-138
11751,0,35,27,8
11752,0,84,85,-1
11753,0,176,533,-357
11754,0,29,62,-33
11755,0,51,122,-71
11756,0,28,0,28
11757,0,154,79,75
11758,0,50,79,-29
11759,0,14,1,13
11760,0,14,8,6
11761,0,3101,4736,-1635
11762,0,128,151,-23
11763,0,12,16,-4
11764,0,927,467,460
11765,0,2389,6601,-4212
11766,0,14,73,-59
11767,0,34,200,-166
11768,0,532,181,351
11769,0,39,7,32
11770,0,85,8,77
11771,0,180,45,135
11773,0,49,17,32
11774,0,1,18,-17
11775,0,527,220,307
11776,0,58,4,54
11778,0,35,11,24
11779,0,78,120,-42
11780,0,44,85,-41
11781,0,2,7,-5
11783,0,5,9,-4
11784,0,583,605,-22
11785,0,11,7,4
11786,0,209,439,-230
11787,0,43,6,37
11788,0,148,100,48
11789,0,24,54,-30
11790,0,54,17,37
11791,0,106,92,14
11793,0,231,444,-213
11794,0,79,29,50
11795,0,4,55,-51
11796,0,101,460,-359
11797,0,71,154,-83
11798,0,2,34,-32
11800,0,1,2,-1
11802,0,9,14,-5
11803,0,6,11,-5
11804,0,1,6,-5
11805,0,22,47,-25
11806,0,27,13,14
11808,0,193,667,-474
11809,0,67,36,31
11810,0,130,98,32
11811,0,94,131,-37
11812,0,9,51,-42
11813,0,16,68,-52
11814,0,11,11,0
11815,0,5,15,-10
11816,0,6,9,-3
11817,0,54,128,-74
11818,0,15778,127702,-111924
11819,0,6,10,-4
11820,0,6,1,5
11821,0,57,443,-386
11823,0,129,132,-3
11825,0,6,20,-14
11826,0,105,28,77
11827,0,299,399,-100
11828,0,9,5,4
11829,0,14,64,-50
11830,0,708,403,305
11831,0,18,38,-20
11832,0,49,26,23
11833,0,394,493,-99
11834,0,2042,1578,464
11835,0,9,18,-9
11836,0,6,16,-10
11837,0,701,1397,-696
11838,0,6,13,-7
11839,0,415,229,186
11840,0,150,214,-64
11841,0,138,100,38
11842,0,12,18,-6
11843,0,2,9,-7
11844,0,15,12,3
11845,0,1109,1091,18
11847,0,22,2,20
11848,0,27,31,-4
11849,0,172,303,-131
11850,0,256,345,-89
11851,0,23,24,-1
11852,0,140,107,33
11853,0,448,111,337
11854,0,150,315,-165
11855,0,15,48,-33
11856,0,176,30,146
11857,0,250,231,19
11858,0,1,11,-10
11859,0,4236,1876,2360
11860,0,195,343,-148
11861,0,6,41,-35
11862,0,56,29,27
11863,0,833,1783,-950
11864,0,104,71,33
11865,0,1272,1247,25
11866,0,309,203,106
11867,0,1,2,-1
11868,0,222,161,61
11869,0,6,2,4
11870,0,40,158,-118
11871,0,64,95,-31
11872,0,151,94,57
11873,0,178,66,112
11874,0,1038,1462,-424
11875,0,13,2,11
11877,0,132,757,-625
11878,0,169,198,-29
11879,0,77,146,-69
11880,0,1,45,-44
11881,0,294,284,10
11882,0,29,40,-11
11883,0,11,19,-8
11884,0,9,43,-34
11885,0,679,1605,-926
11886,0,8,35,-27
11887,0,122,4,118
11888,0,2,4,-2
11889,0,78,111,-33
11890,0,47,1,46
11891,0,22,16,6
11892,0,38,30,8
11893,0,15,16,-1
11894,0,81,186,-105
11895,0,84,131,-47
11896,0,62,104,-42
11897,0,728,698,30
11898,0,410,160,250
11899,0,41,33,8
11900,0,67,109,-42
11901,0,5,18,-13
11902,0,105,300,-195
11903,0,143,172,-29
11905,0,15,108,-93
11906,0,32,16,16
11907,0,90,74,16
11908,0,44,12,32
11909,0,8,2,6
11910,0,10,4,6
11911,0,7,14,-7
11912,0,2,21,-19
11913,0,13,33,-20
11914,0,63,47,16
11915,0,4,23,-19
11916,0,562,135,427
11917,0,352,426,-74
11918,0,340,556,-216
11919,0,3272,3190,82
11920,0,19,86,-67
11922,0,11,16,-5
11923,0,59,60,-1
11924,0,74,91,-17
11925,0,47,20,27
11926,0,519,245,274
11927,0,13,63,-50
11928,0,93,25,68
11929,0,3186,1648,1538
11930,0,116,16,100
11932,0,8,53,-45
11933,0,443,210,233
11934,0,23,8,15
11935,0,5,1,4
11936,0,284,174,110
11937,0,4,4,0
11938,0,239,211,28
11939,0,18,13,5
11940,0,1122,96,1026
11941,0,944,559,385
11942,0,2,15,-13
11943,0,225,12,213
11944,0,16,10,6
11945,0,102,80,22
11946,0,340,27,313
11947,0,9,12,-3
11948,0,4839,6821,-1982
11949,0,5,143,-138
11950,0,131,129,2
11951,0,8,6,2
11952,0,16,24,-8
11953,0,582,776,-194
11954,0,8,31,-23
11955,0,1141,935,206
11956,0,80,285,-205
11957,0,8,47,-39
11958,0,76,61,15
11959,0,10,13,-3
11960,0,639,543,96
11961,0,1220,1136,84
11962,0,4,25,-21
11963,0,14,2,12
11964,0,726,22,704
11965,0,5,10,-5
11966,0,16,24,-8
11967,0,28,50,-22
11969,0,21,32,-11
11970,0,14,32,-18
11971,0,123,285,-162
11972,0,56,120,-64
11973,0,385,443,-58
11974,0,9,90,-81
11975,0,81,178,-97
11976,0,385,97,288
11978,0,74,19,55
11979,0,84,42,42
11980,0,17,4,13
11981,0,19,114,-95
11982,0,657,708,-51
11983,0,48,148,-100
11984,0,48,9,39
11985,0,21,96,-75
11986,0,3897,1057,2840
11987,0,304,432,-128
11988,0,604,1095,-491
11989,0,41,105,-64
11990,0,1,2,-1
11991,0,773,365,408
11992,0,18,27,-9
11993,0,49,66,-17
11994,0,12,20,-8
11995,0,117,77,40
11996,0,4,16,-12
11997,0,2,110,-108
11998,0,1801,1703,98
11999,0,10,21,-11
12000,0,151,584,-433
12001,0,418,8611,-8193
12002,0,5,30,-25
12003,0,24,17,7
12004,0,33,60,-27
12005,0,13739,9542,4197
12006,0,290,746,-456
12007,0,70,78,-8
12008,0,3069,2282,787
12009,0,1,11,-10
12010,0,5,19,-14
12011,0,56,58,-2
12012,0,6,70,-64
12013,0,25,91,-66
12014,0,11,20,-9
12015,0,44,9,35
12016,0,21,75,-54
12017,0,7,3,4
12018,0,70,179,-109
12020,0,117,212,-95
12021,0,78,95,-17
12023,0,467,543,-76
12024,0,80,55,25
12025,0,264,73,191
12026,0,10,61,-51
12027,0,32,51,-19
12028,0,357,530,-173
12029,0,31,47,-16
12030,0,166,54,112
12031,0,117,75,42
12032,0,4,13,-9
12033,0,59,83,-24
12034,0,172,292,-120
12035,0,1499,1074,425
12036,0,7,12,-5
12037,0,216,376,-160
12038,0,20,82,-62
12039,0,1,4,-3
12040,0,128,123,5
12041,0,3,2,1
12042,0,206,1503,-1297
12043,0,3,86,-83
12044,0,255,522,-267
12045,0,7,14,-7
12046,0,182,123,59
12047,0,3173,5427,-2254
12048,0,17,669,-652
12049,0,53,22,31
12050,0,63,47,16
12051,0,13,29,-16
12052,0,61,104,-43
12053,0,110,150,-40
12054,0,4,4,0
12055,0,13,65,-52
12056,0,1454,867,587
12057,0,29,56,-27
12058,0,154,495,-341
12059,0,67,146,-79
12060,0,3,17,-14
12061,0,349,583,-234
12062,0,88,247,-159
12063,0,25,20,5
12064,0,9,13,-4
12065,0,8,13,-5
12066,0,71,300,-229
12067,0,13856,23163,-9307
12069,0,277,268,9
12070,0,36,10,26
12071,0,3,17,-14
12072,0,59,73,-14
12073,0,86,100,-14
12074,0,199,1085,-886
12075,0,97,176,-79
12076,0,22,41,-19
12077,0,3,12,-9
12078,0,117,76,41
12079,0,206,473,-267
12080,0,1696,1805,-109
12081,0,11,27,-16
12082,0,1087,897,190
12083,0,66,99,-33
12084,0,14,5,9
12085,0,182,149,33
12086,0,8,13,-5
12087,0,16,29,-13
12088,0,201,97,104
12089,0,92,68,24
12090,0,50,30,20
12092,0,107,135,-28
12093,0,2796,2465,331
12094,0,229,197,32
12095,0,56,172,-116
12096,0,68,113,-45
12097,0,11,32,-21
12098,0,45,10,35
12099,0,6,8,-2
12100,0,110,213,-103
12101,0,503,275,228
12102,0,81,122,-41
12103,0,51,14,37
12104,0,59,160,-101
12105,0,115,114,1
12106,0,19,194,-175
12107,0,65,52,13
12108,0,7,20,-13
12109,0,13,19,-6
12110,0,36,84,-48
12111,0,49,27,22
12112,0,1082,1785,-703
12113,0,41,32,9
12114,0,247,150,97
12115,0,110,218,-108
12116,0,43,147,-104
12117,0,51,57,-6
12118,0,8,25,-17
12119,0,77,54,23
12120,0,123,78,45
12121,0,49,21,28
12122,0,118,183,-65
12123,0,3155,5821,-2666
12125,0,60,64,-4
12126,0,419,46,373
12127,0,122,280,-158
12128,0,6,140,-134
12129,0,59,239,-180
12130,0,32,24,8
12131,0,3,14,-11
12132,0,11642,4115,7527
12133,0,16,154,-138
12134,0,98,100,-2
12135,0,1,21,-20
12136,0,6,32,-26
12137,0,28,9,19
12138,0,21,53,-32
12139,0,143,136,7
12140,0,145,6,139
12141,0,13,23,-10
12142,0,292,105,187
12144,0,973,951,22
12145,0,9,3,6
12146,0,174,1909,-1735
12147,0,18,27,-9
12148,0,368,358,10
12149,0,11,29,-18
12150,0,200,95,105
12151,0,328,669,-341
12152,0,2,4,-2
12153,0,46,178,-132
12154,0,8,28,-20
12155,0,47,8,39
12156,0,27,25,2
12157,0,20,6,14
12158,0,125,35,90
12159,0,2047,613,1434
12160,0,1,2,-1
12161,0,14,15,-1
12162,0,2,92,-90
12163,0,11,32,-21
12164,0,5,27,-22
12165,0,38,261,-223
12166,0,55,24,31
12167,0,1057,1258,-201
12168,0,54,5,49
12169,0,10,184,-174
12170,0,85,32,53
12171,0,238,1718,-1480
12172,0,432,876,-444
12173,0,63,197,-134
12174,0,8,36,-28
12175,0,44,47,-3
12176,0,139,74,65
12177,0,2769,5895,-3126
12178,0,965,893,72
12179,0,7,18,-11
12180,0,81,77,4
12181,0,29,31,-2
12182,0,37,78,-41
12183,0,343,381,-38
12184,0,2908,5111,-2203
12185,0,1,8,-7
12186,0,7,2,5
12187,0,31,206,-175
12188,0,1,0,1
12189,0,20,20,0
12190,0,51,190,-139
12191,0,67,142,-75
12192,0,16,13,3
12193,0,1515,1295,220
12194,0,2,2,0
12195,0,4861,998,3863
12196,0,87,93,-6
12197,0,41,724,-683
12198,0,1148,314,834
12199,0,214,206,8
12200,0,126,95,31
12201,0,36,82,-46
12202,0,204,211,-7
12203,0,15,122,-107
12204,0,8,32,-24
12205,0,113,244,-131
12206,0,10,17,-7
12207,0,30,727,-697
12208,0,58,166,-108
12209,0,7,48,-41
12210,0,20,7,13
12211,0,2,5,-3
12212,0,196,57,139
12213,0,4,19,-15
12214,0,14,11,3
12215,0,42,54,-12
12216,0,2203,3893,-1690
12217,0,52,25,27
12218,0,213,129,84
12219,0,40,5,35
12220,0,113,134,-21
12221,0,125,229,-104
12222,0,17468,220081,-202613
12223,0,220,632,-412
12224,0,263,2,261
12225,0,4,35,-31
12226,0,88,117,-29
12227,0,46,97,-51
12228,0,5,11,-6
12229,0,18,7,11
12230,0,1408,1438,-30
12231,0,15,25,-10
12233,0,7,8,-1
12234,0,212,199,13
12235,0,36,30,6
12236,0,10,87,-77
12237,0,9,14,-5
12239,0,14,5,9
12240,0,78,62,16
12241,0,630,545,85
12243,0,452,136,316
12244,0,257,244,13
12245,0,31,9,22
12246,0,10,53,-43
12247,0,359,26,333
12249,0,42,110,-68
12250,0,666,719,-53
12251,0,105,57,48
12252,0,5,4,1
12253,0,135,192,-57
12254,0,121,63,58
12255,0,13,44,-31
12256,0,2,5,-3
12257,0,28,50,-22
12258,0,174,268,-94
12259,0,37,67,-30
12261,0,412,777,-365
12262,0,120,109,11
12263,0,49,15,34
12264,0,9364,3483,5881
12265,0,62,47,15
12266,0,50,35,15
12267,0,342,202,140
12269,0,508,782,-274
12270,0,59,187,-128
12271,0,312,252,60
12272,0,170,49,121
12273,0,7,8,-1
12274,0,36,223,-187
12275,0,13,8,5
12276,0,192,139,53
12277,0,29,4,25
12278,0,10,1,9
12279,0,48,118,-70
12280,0,7933,10800,-2867
12281,0,841,113,728
12282,0,156,145,11
12283,0,29,40,-11
12284,0,411,42,369
12285,0,43,22,21
12286,0,100,1213,-1113
12287,0,43,69,-26
12288,0,977,2967,-1990
12289,0,1074,605,469
12290,0,8996,11592,-2596
12291,0,31,21,10
12292,0,78,124,-46
12293,0,114,175,-61
12294,0,180,165,15
12296,0,5,4,1
12297,0,494,14,480
12298,0,289,281,8
12299,0,95,54,41
12300,0,94,96,-2
12301,0,9126,4957,4169
12302,0,1407,2568,-1161
12303,0,12,1156,-1144
12304,0,122,99,23
12305,0,16,7,9
12306,0,5,28,-23
12307,0,13,10,3
12308,0,2,4,-2
12310,0,40,34,6
12311,0,9,58,-49
12312,0,9,12,-3
12313,0,141,149,-8
12314,0,1115,174,941
12315,0,150,62,88
12316,0,93,347,-254
12317,0,79,156,-77
12318,0,1513,2967,-1454
12319,0,21,33,-12
12320,0,16,87,-71
12321,0,375,431,-56
12322,0,404,237,167
12323,0,97,59,38
12324,0,429,544,-115
12325,0,43,42,1
12326,0,93,43,50
12327,0,6,14,-8
12328,0,16,41,-25
12329,0,315,263,52
12330,0,22,33,-11
12331,0,14,30,-16
12332,0,606,1021,-415
12333,0,617,951,-334
12334,0,8,21,-13
12335,0,398,100,298
12336,0,2,4,-2
12337,0,522,1186,-664
12338,0,1172,972,200
12339,0,1920,2077,-157
12340,0,509,2432,-1923
12341,0,21,30,-9
12342,0,6,37,-31
12343,0,263,910,-647
12344,0,134,804,-670
12345,0,307,56,251
12346,0,67,75,-8
12347,0,121,287,-166
12348,0,560,343,217
12349,0,74,89,-15
12350,0,7,8,-1
12351,0,256,1592,-1336
12352,0,71,33,38
12353,0,13,98,-85
12355,0,116,235,-119
12356,0,1772,507,1265
12357,0,32,5,27
12358,0,809,635,174
12359,0,12,23,-11
12360,0,261,158,103
12361,0,54,66,-12
12362,0,121,162,-41
12363,0,241,1458,-1217
12364,0,6,14,-8
12365,0,122,116,6
12366,0,61,49,12
12367,0,216,65,151
12368,0,9,20,-11
12369,0,2358,10890,-8532
12370,0,34,64,-30
12371,0,70,288,-218
12372,0,12,68,-56
12373,0,36,20,16
12374,0,13,16,-3
12375,0,2,11,-9
12376,0,750,172,578
12377,0,29,29,0
12378,0,242,138,104
12379,0,121,541,-420
12380,0,70,9,61
12381,0,1,10,-9
12383,0,138,109,29
12384,0,60,41,19
12385,0,89,337,-248
12386,0,6,2,4
12387,0,2903,2348,555
12388,0,83,34,49
12389,0,290,419,-129
12392,0,2637,3748,-1111
12394,0,19,154,-135
12395,0,6884,3618,3266
12396,0,24,36,-12
12397,0,8,14,-6
12398,0,311,195,116
12399,0,14,16,-2
12400,0,20,83,-63
12401,0,66,100,-34
12402,0,46,50,-4
12403,0,79,29,50
12404,0,76,6,70
12405,0,32,79,-47
12406,0,2860,3212,-352
12407,0,1,17,-16
12408,0,8,13,-5
12409,0,1,74,-73
12410,0,2,2,0
12411,0,104,81,23
12412,0,4,1,3
12414,0,70,61,9
12415,0,21,99,-78
12416,0,226,186,40
12417,0,71,253,-182
12418,0,61,98,-37
12419,0,13,38,-25
12420,0,8,36,-28
12421,0,622,818,-196
12422,0,54,2,52
12423,0,147,49,98
12424,0,1292,810,482
12425,0,99,57,42
12426,0,57,76,-19
12427,0,21,10,11
12428,0,147,120,27
12429,0,2,5,-3
12430,0,16,42,-26
12431,0,229,246,-17
12432,0,75,138,-63
12433,0,1195,53,1142
12434,0,59,131,-72
12435,0,976,782,194
12436,0,12,13,-1
12437,0,26,8,18
12438,0,27,0,27
12439,0,2001,2209,-208
12440,0,34,108,-74
12442,0,62,63,-1
12443,0,856,51,805
12444,0,21,77,-56
12445,0,10,66,-56
12446,0,6,25,-19
12447,0,47,107,-60
12448,0,730,813,-83
12449,0,750,296,454
12450,0,11,17,-6
12451,0,126,19,107
12452,0,98,131,-33
12453,0,532,231,301
12454,0,328,161,167
12455,0,53,51,2
12456,0,349,84,265
12457,0,316,182,134
12459,0,178,5,173
12460,0,5004,5319,-315
12461,0,15,13,2
12462,0,290,214,76
12463,0,29,47,-18
12464,0,69,213,-144
12465,0,278,388,-110
12466,0,8,107,-99
12467,0,3,1,2
12468,0,34,47,-13
12469,0,1,35,-34
12470,0,69,49,20
12471,0,193,24,169
12472,0,399,10,389
12473,0,115,94,21
12474,0,27,36,-9
12475,0,16,18,-2
12476,0,32,195,-163
12477,0,22,27,-5
12478,0,5358,4037,1321
12479,0,3,6,-3
12480,0,491,449,42
12481,0,371,262,109
12482,0,3950,4343,-393
12483,0,112,23,89
12484,0,168,41,127
12485,0,5,14,-9
12486,0,56,107,-51
12487,0,6,13,-7
12488,0,24,12,12
12489,0,52,55,-3
12490,0,5,4,1
12491,0,113,48,65
12492,0,17,59,-42
12493,0,36,61,-25
12494,0,75,32,43
12495,0,43,193,-150
12496,0,20,14,6
12497,0,7,40,-33
12498,0,68,145,-77
12499,0,12,24,-12
12500,0,61,12,49
12502,0,58,89,-31
12503,0,97,120,-23
12504,0,307,176,131
12505,0,56,103,-47
12506,0,52,176,-124
12507,0,37,9,28
12508,0,27,219,-192
12509,0,59,46,13
12510,0,184,48,136
12511,0,10,17,-7
12512,0,2363,6658,-4295
12513,0,42,22,20
12514,0,32,145,-113
12515,0,52,163,-111
12516,0,67,153,-86
12517,0,128,8,120
12518,0,240,282,-42
12519,0,148,166,-18
12520,0,7,10,-3
12521,0,54,27,27
12522,0,94,186,-92
12523,0,55,73,-18
12525,0,23,55,-32
12526,0,211,3059,-2848
12527,0,33,26,7
12528,0,32,60,-28
12529,0,436,155,281
12530,0,2939,3698,-759
12531,0,6,7,-1
12532,0,58,121,-63
12533,0,174,146,28
12534,0,44,71,-27
12535,0,225,136,89
12536,0,171,177,-6
12538,0,99,204,-105
12539,0,72,107,-35
12540,0,243,108,135
12541,0,8,16,-8
12542,0,10,52,-42
12544,0,108,130,-22
12545,0,84,77,7
12546,0,30,4,26
12547,0,27,13,14
12548,0,41,39,2
12549,0,70,12,58
12550,0,7,3,4
12551,0,1952,1669,283
12552,0,15,202,-187
12553,0,691,530,161
12554,0,120,47,73
12555,0,5,5,0
12556,0,286,345,-59
12557,0,5,3,2
12558,0,65,110,-45
12559,0,5,17,-12
12560,0,47,6,41
12561,0,1439,1900,-461
12562,0,210,17,193
12563,0,8,10,-2
12564,0,159,70,89
12565,0,13,15,-2
12567,0,131,52,79
12568,0,17,64,-47
12569,0,241,55,186
12570,0,15,31,-16
12571,0,80,221,-141
12572,0,117,43,74
12573,0,2,22,-20
12574,0,94,173,-79
12575,0,3,7,-4
12576,0,87,37,50
12577,0,80,578,-498
12578,0,63,139,-76
12579,0,38,2,36
12580,0,53,70,-17
12581,0,35,17,18
12582,0,25,90,-65
12583,0,233,281,-48
12584,0,423,886,-463
12585,0,12,16,-4
12586,0,34,43,-9
12587,0,49,46,3
12588,0,278,228,50
12589,0,505,215,290
12590,0,2934,1977,957
12591,0,65,122,-57
12592,0,6,10,-4
12593,0,57,71,-14
12594,0,1199,1400,-201
12595,0,459,419,40
12596,0,47,21,26
12597,0,35,34,1
12598,0,10,44,-34
12599,0,13,15,-2
12600,0,42,11,31
12601,0,152,73,79
12602,0,28,13,15
12603,0,83,86,-3
12604,0,2611,6618,-4007
12605,0,5,40,-35
12606,0,106,3,103
12607,0,837,501,336
12608,0,1,10,-9
12609,0,66,196,-130
12610,0,7,11,-4
12611,0,25,18,7
12612,0,16,4,12
12613,0,48,52,-4
12614,0,95,278,-183
12615,0,13,54,-41
12616,0,17,66,-49
12617,0,597,335,262
12618,0,82,146,-64
12619,0,2052,453,1599
12620,0,23,4,19
12621,0,11,23,-12
12622,0,19,32,-13
12623,0,41,35,6
12624,0,2780,3211,-431
12625,0,93,40,53
12626,0,4,31,-27
12627,0,3,31,-28
12628,0,3,4,-1
12629,0,84,35,49
12630,0,1,7,-6
12631,0,68,32,36
12632,0,6,3,3
12633,0,214,180,34
12634,0,11,6,5
12635,0,2028,3795,-1767
12636,0,245,76,169
12637,0,1093,614,479
12638,0,297,628,-331
12639,0,313,394,-81
12640,0,6027,6585,-558
12641,0,156,381,-225
12642,0,10,17,-7
12643,0,40,17,23
12644,0,279,49,230
12645,0,53,306,-253
12647,0,41,33,8
12648,0,66,42,24
12649,0,114,599,-485
12650,0,241,277,-36
12651,0,68,46,22
12652,0,10,19,-9
12653,0,204,141,63
12654,0,119,38,81
12655,0,23,14,9
12656,0,43,88,-45
12657,0,118,17,101
12658,0,37,26,11
12659,0,268,60,208
12660,0,291,154,137
12661,0,54,29,25
12662,0,39,110,-71
12663,0,36,35,1
12664,0,32,221,-189
12665,0,130,84,46
12666,0,3,5,-2
12667,0,936,930,6
12668,0,33,24,9
12670,0,7,4,3
12671,0,14,315,-301
12672,0,57,49,8
12673,0,364,750,-386
12674,0,26,24,2
12675,0,437,279,158
12676,0,273,124,149
12677,0,89,105,-16
12678,0,89,135,-46
12679,0,41,49,-8
12680,0,228,303,-75
12681,0,475,696,-221
12682,0,82,92,-10
12683,0,698,575,123
12684,0,75,89,-14
12685,0,6,17,-11
12686,0,117,155,-38
12687,0,22,84,-62
12688,0,9,21,-12
12689,0,14,140,-126
12691,0,91,45,46
12692,0,428,189,239
12693,0,488,383,105
12694,0,1371,2313,-942
12695,0,32,24,8
12696,0,57,142,-85
12697,0,79,77,2
12698,0,3,0,3
12699,0,24,7,17
12700,0,9,2,7
12701,0,276,899,-623
12702,0,18,14,4
12703,0,12,2,10
12704,0,74,84,-10
12705,0,34,160,-126
12706,0,2,28,-26
12707,0,1729,1715,14
12708,0,8832,3080,5752
12709,0,51,23,28
12710,0,404,507,-103
12711,0,35,38,-3
12712,0,352,869,-517
12713,0,68,20,48
12714,0,2,47,-45
12715,0,11,17,-6
12716,0,152,53,99
12717,0,1112,430,682
12718,0,18,6,12
12719,0,97,9,88
12720,0,190,158,32
12721,0,53,156,-103
12722,0,70,185,-115
12723,0,51,137,-86
12724,0,154,73,81
12726,0,16,47,-31
12727,0,132,18,114
12728,0,25,15,10
12729,0,2,19,-17
12731,0,354,286,68
12732,0,15,2,13
12733,0,1200,543,657
12734,0,155,52,103
12735,0,53,275,-222
12736,0,75,158,-83
12737,0,85,81,4
12738,0,3,2,1
12739,0,154,175,-21
12740,0,21,118,-97
12741,0,27,189,-162
12742,0,7,38,-31
12743,0,96,79,17
12744,0,19,32,-13
12745,0,169,222,-53
12746,0,136,275,-139
12748,0,15,133,-118
12749,0,42,16,26
12750,0,7,22,-15
12751,0,27,56,-29
12752,0,640,1966,-1326
12753,0,1871,1289,582
12754,0,49,75,-26
12755,0,1013,1397,-384
12756,0,16,17,-1
12757,0,61,104,-43
12758,0,41,42,-1
12760,0,103,278,-175
12761,0,109,85,24
12762,0,20,54,-34
12763,0,36,37,-1
12764,0,5,28,-23
12765,0,83,123,-40
12766,0,95,130,-35
12767,0,9,24,-15
12768,0,71,44,27
12769,0,171,141,30
12770,0,12,40,-28
12771,0,36,22,14
12772,0,6,809,-803
12773,0,55,63,-8
12775,0,146,267,-121
12776,0,14,32,-18
12777,0,124,184,-60
12778,0,737,1602,-865
12780,0,313,197,116
12781,0,9,43,-34
12782,0,25,37,-12
12783,0,12,12,0
12784,0,90,122,-32
12785,0,16,9,7
12786,0,47,59,-12
12787,0,171,293,-122
12788,0,7,9,-2
12790,0,38,112,-74
12791,0,1,9,-8
12792,0,65,79,-14
12793,0,32,41,-9
12794,0,120,33,87
12795,0,187,175,12
12796,0,39,15,24
12797,0,5,33,-28
12798,0,393,400,-7
12799,0,15,9,6
12800,0,146,152,-6
12801,0,124,56,68
12802,0,39,43,-4
12803,0,16,3,13
12804,0,21,13,8
12805,0,24,37,-13
12806,0,9,12,-3
12807,0,408,628,-220
12808,0,2,10,-8
12809,0,92,89,3
12810,0,101,234,-133
12811,0,123,111,12
12812,0,459,292,167
12813,0,5,6,-1
12814,0,803,717,86
12815,0,13,58,-45
12816,0,13,11,2
12817,0,39,15,24
12819,0,1,5,-4
12820,0,6,10,-4
12821,0,27,60,-33
12822,0,4,21,-17
12823,0,1916,1228,688
12824,0,32,33,-1
12826,0,1727,2119,-392
12827,0,719,69,650
12828,0,48,59,-11
12829,0,543,354,189
12830,0,9,46,-37
12831,0,53,74,-21
12832,0,570,456,114
12833,0,952,888,64
12834,0,16,8,8
12835,0,2,3,-1
12836,0,280,244,36
12837,0,31,104,-73
12838,0,109,183,-74
12839,0,131,148,-17
12840,0,35,228,-193
12841,0,77,88,-11
12842,0,1,27,-26
12843,0,57,29,28
12844,0,123,90,33
12845,0,2,7,-5
12846,0,20,17,3
12847,0,13,34,-21
12848,0,106,51,55
12849,0,2,1,1
12850,0,240,122,118
12851,0,5,5,0
12852,0,17,20,-3
12853,0,116,95,21
12854,0,71,132,-61
12855,0,23,347,-324
12856,0,1,1,0
12857,0,16,94,-78
12858,0,79,59,20
12859,0,173,62,111
12860,0,12,26,-14
12862,0,9,18,-9
12863,0,130,162,-32
12864,0,23,19,4
12865,0,27,31,-4
12866,0,39,23,16
12867,0,68,94,-26
12868,0,54,128,-74
12869,0,1014,1622,-608
12871,0,61,89,-28
12872,0,164,249,-85
12873,0,2103,1656,447
12874,0,217,309,-92
12875,0,3259,101,3158
12876,0,3,8,-5
12878,0,39,146,-107
12879,0,17,12,5
12880,0,3,8,-5
12881,0,2185,4491,-2306
12882,0,51,151,-100
12883,0,52,129,-77
12884,0,124,88,36
12885,0,140,175,-35
12886,0,106,44,62
12887,0,9,7,2
12888,0,14,46,-32
12890,0,86,472,-386
12891,0,4,68,-64
12892,0,1731,826,905
12893,0,40,40,0
12894,0,19,0,19
12895,0,157,102,55
12896,0,126,35,91
12898,0,29,44,-15
12899,0,218,493,-275
12900,0,37,117,-80
12902,0,2,46,-44
12903,0,17,25,-8
12904,0,4,8,-4
12905,0,48,77,-29
12906,0,94,60,34
12907,0,102,260,-158
12908,0,502,192,310
12909,0,8,70,-62
12910,0,564,13,551
12911,0,2,3,-1
12912,0,18,11,7
12913,0,1842,587,1255
12914,0,38,66,-28
12915,0,31,49,-18
12916,0,4,8,-4
12917,0,20,720,-700
12918,0,22,7,15
12919,0,110,46,64
12921,0,6,12,-6
12922,0,819211,781,818430
12923,0,7,30,-23
12924,0,40,49,-9
12925,0,17,90,-73
12927,0,77,76,1
12928,0,57,39,18
12929,0,392,777,-385
12930,0,104,1,103
12931,0,89,120,-31
12932,0,51,20,31
12933,0,4,13,-9
12934,0,3695,4765,-1070
12935,0,17,17,0
12936,0,18,68,-50
12937,0,103,136,-33
12938,0,63,100,-37
12939,0,2646,2146,500
12941,0,22,13,9
12942,0,119,151,-32
12943,0,17,74,-57
12944,0,387,406,-19
12945,0,216,214,2
12946,0,341,69,272
12947,0,15,4,11
12948,0,36,27,9
12949,0,518,220,298
12950,0,22,21,1
12951,0,216,45,171
12952,0,8,19,-11
12953,0,39,4,35
12954,0,27,82,-55
12955,0,86,96,-10
12956,0,157,629,-472
12957,0,51,136,-85
12958,0,4195,10515,-6320
12959,0,122,80,42
12960,0,82,1421,-1339
12961,0,24,5,19
12962,0,112,40,72
12963,0,4,5,-1
12964,0,26,44,-18
12965,0,16,10,6
12966,0,1107,261,846
12967,0,1696,1313,383
12969,0,52,351,-299
12970,0,13,31,-18
12971,0,32,37,-5
12972,0,61,33,28
12973,0,315,381,-66
12974,0,117,51,66
12975,0,508,205,303
12976,0,15,27,-12
12977,0,3728,6741,-3013
12978,0,2431,3386,-955
12979,0,31,23,8
12981,0,571,314,257
12982,0,149,143,6
12983,0,5284,8989,-3705
12984,0,16,7,9
12985,0,9,13,-4
12986,0,45,20,25
12987,0,12928,13378,-450
12988,0,1084,3766,-2682
12989,0,485,783,-298
12990,0,295,28,267
12991,0,143,74,69
12992,0,4906,5675,-769
12993,0,22,50,-28
12994,0,30,41,-11
12995,0,59,64,-5
12997,0,35,4,31
12998,0,7,102,-95
12999,0,104,55,49
13000,0,116,111,5
13001,0,10,4,6
13002,0,8,154,-146
13003,0,310,72,238
13004,0,89,36,53
13005,0,26,37,-11
13006,0,43,93,-50
13007,0,62,55,7
13008,0,1,57,-56
13009,0,462,192,270
13010,0,41,31,10
13011,0,117,15,102
13012,0,1,9,-8
13013,0,26,57,-31
13014,0,138,51,87
13015,0,27,22,5
13016,0,4,18,-14
13017,0,89,153,-64
13018,0,17,26,-9
13019,0,96,187,-91
13020,0,47,101,-54
13021,0,3207,622,2585
13022,0,37,45,-8
13023,0,6,3,3
13024,0,148,574,-426
13025,0,42,16,26
13026,0,1,12,-11
13027,0,80,188,-108
13029,0,84,125,-41
13030,0,1912,64,1848
13031,0,30,125,-95
13032,0,6,7,-1
13033,0,128,80,48
13034,0,86,2,84
13035,0,42,37,5
13036,0,16,12,4
13037,0,6,7,-1
13038,0,3,4,-1
13039,0,12,2,10
13041,0,5,67,-62
13042,0,7,6,1
13043,0,38,62,-24
13044,0,2,12,-10
13045,0,672,76,596
13046,0,81,32,49
13047,0,12,8,4
13048,0,3714,4762,-1048
13049,0,126,139,-13
13050,0,35,69,-34
13051,0,185,520,-335
13052,0,252,78,174
13053,0,37,21,16
13054,0,222,284,-62
13055,0,19,36,-17
13056,0,759,854,-95
13057,0,120,358,-238
13058,0,395,880,-485
13059,0,40,58,-18
13060,0,66,18,48
13061,0,48,91,-43
13062,0,2758,11794,-9036
13063,0,2624,498,2126
13064,0,8,12,-4
13065,0,4,12,-8
13066,0,33,19,14
13067,0,161,116,45
13068,0,23,18,5
13069,0,105,52,53
13070,0,73,101,-28
13071,0,31,33,-2
13072,0,990,447,543
13073,0,60,848,-788
13074,0,21,21,0
13075,0,5762,10945,-5183
13076,0,13,3,10
13077,0,6,49,-43
13078,0,27,29,-2
13079,0,39,78,-39
13080,0,122,40,82
13081,0,199,77,122
13082,0,299,293,6
13083,0,20,18,2
13085,0,53,30,23
13086,0,6,61,-55
13087,0,10,23,-13
13088,0,91,169,-78
13089,0,8,1,7
13090,0,7,79,-72
13091,0,6,47,-41
13092,0,1,8,-7
13093,0,32,1,31
13094,0,10,10,0
13095,0,47,39,8
13096,0,27,9,18
13097,0,440,350,90
13098,0,84,58,26
13100,0,44,163,-119
13101,0,37,37,0
13102,0,168,338,-170
13103,0,52,215,-163
13104,0,1,6,-5
13105,0,479,116,363
13106,0,21,1008,-987
13107,0,28,101,-73
13109,0,139,334,-195
13110,0,73,192,-119
13111,0,265,1521,-1256
13112,0,2,2,0
13113,0,131,227,-96
13114,0,124,54,70
13115,0,260,351,-91
13116,0,31,95,-64
13117,0,45,24,21
13118,0,84,55,29
13119,0,1369,376,993
13120,0,92,24,68
13121,0,103,218,-115
13122,0,5,3,2
13123,0,48,66,-18
13124,0,2607,1897,710
13125,0,46,65,-19
13126,0,693,1334,-641
13127,0,140,470,-330
13128,0,54,81,-27
13129,0,4058,2124,1934
13130,0,65,113,-48
13131,0,29,249,-220
13132,0,11,3,8
13133,0,7,1,6
13134,0,28,13,15
13135,0,308,83,225
13136,0,24,14,10
13137,0,12,6,6
13138,0,2726,3321,-595
13139,0,70,69,1
13141,0,26,26,0
13143,0,30,117,-87
13144,0,989,997,-8
13145,0,61,41,20
13146,0,219,454,-235
13147,0,59,37,22
13148,0,25,21,4
13149,0,33,106,-73
13150,0,16,39,-23
13152,0,34,68,-34
13153,0,5,24,-19
13154,0,18,1,17
13155,0,4,17,-13
13156,0,6,19,-13
13157,0,41,19,22
13158,0,173,200,-27
13159,0,140,173,-33
13160,0,1914,129,1785
13161,0,93,85,8
13162,0,71,185,-114
13163,0,4,1,3
13164,0,56,120,-64
13165,0,2,6,-4
13166,0,6,96,-90
13167,0,84,77,7
13168,0,228,1446,-1218
13169,0,72,190,-118
13170,0,22,391,-369
13171,0,797,319,478
13172,0,87,146,-59
13173,0,709,1,708
13175,0,37,11,26
13176,0,157,198,-41
13177,0,214,49,165
13178,0,15,64,-49
13179,0,50,22,28
13180,0,9,32,-23
13181,0,126,253,-127
13182,0,63,113,-50
13183,0,17,10,7
13184,0,3,137,-134
13185,0,25,21,4
13186,0,40,45,-5
13187,0,283,714,-431
13188,0,2621,3500,-879
13189,0,43,48,-5
13190,0,846,129,717
13191,0,186,224,-38
13192,0,138,14,124
13193,0,3,15,-12
13194,0,1949,2081,-132
13195,0,165,196,-31
13196,0,16,13,3
13197,0,30,83,-53
13198,0,17,14,3
13199,0,15,25,-10
13200,0,10,13,-3
13201,0,135,165,-30
13202,0,216,103,113
13203,0,3893,1720,2173
13204,0,1088,843,245
13205,0,1763,249,1514
13206,0,86,169,-83
13207,0,122,138,-16
13208,0,26,31,-5
13209,0,56,981,-925
13210,0,2404,1196,1208
13212,0,12,43,-31
13213,0,361,155,206
13214,0,878,251,627
13215,0,77,83,-6
13216,0,29,7,22
13217,0,32,126,-94
13219,0,190,130,60
13220,0,17,5,12
13221,0,4,19,-15
13222,0,4,12,-8
13223,0,22,13,9
13224,0,32,26,6
13225,0,196,214,-18
13226,0,86,104,-18
13227,0,1672,4395,-2723
13228,0,21,6,15
13229,0,8,14,-6
13230,0,87,46,41
13231,0,36,55,-19
13232,0,256,235,21
13233,0,356,370,-14
13234,0,60,15,45
13235,0,22,6,16
13236,0,171,347,-176
13237,0,41,96,-55
13238,0,7,16,-9
13239,0,564,737,-173
13240,0,110,21,89
13241,0,263,188,75
13242,0,18,36,-18
13243,0,134,283,-149
13244,0,398,285,113
13245,0,36,4,32
13246,0,19,37,-18
13247,0,76,99,-23
13248,0,1320,1054,266
13249,0,24,31,-7
13250,0,1,1,0
13251,0,7438,11569,-4131
13252,0,17,44,-27
13253,0,130,33,97
13254,0,229,169,60
13256,0,156,203,-47
13257,0,35,134,-99
13258,0,95,49,46
13259,0,10,10,0
13260,0,85,7,78
13261,0,35,139,-104
13262,0,62,117,-55
13263,0,37,28,9
13264,0,7,19,-12
13265,0,11,45,-34
13266,0,89,36,53
13267,0,3,1,2
13268,0,47,136,-89
13269,0,76,195,-119
13270,0,294,167,127
13271,0,15,72,-57
13272,0,470,111,359
13273,0,66,156,-90
13274,0,18,29,-11
13275,0,25,36,-11
13277,0,59,107,-48
13278,0,52,70,-18
13279,0,6,72,-66
13280,0,3,12,-9
13282,0,95,125,-30
13283,0,5132,5963,-831
13284,0,3,79,-76
13285,0,85,29,56
13286,0,337,342,-5
13287,0,38,113,-75
13288,0,10,11,-1
13289,0,1552,309,1243
13290,0,452,281,171
13291,0,15,8,7
13292,0,24,31,-7
13293,0,6,6,0
13294,0,277,65,212
13295,0,228,211,17
13296,0,16,146,-130
13297,0,898,151,747
13298,0,1,9,-8
13299,0,17,61,-44
13301,0,303,601,-298
13302,0,1,2,-1
13303,0,13,12,1
13304,0,28,68,-40
13305,0,132,191,-59
13306,0,237,189,48
13307,0,18,29,-11
13308,0,4009,3713,296
13310,0,36,5,31
13311,0,47,255,-208
13312,0,5,28,-23
13313,0,34,70,-36
13314,0,11,38,-27
13315,0,499,317,182
13316,0,31,60,-29
13317,0,214,427,-213
13318,0,2,5,-3
13319,0,43,35,8
13320,0,10,28,-18
13321,0,14,228,-214
13322,0,107,163,-56
13323,0,48,19,29
13324,0,126,35,91
13325,0,23,37,-14
13326,0,42,76,-34
13327,0,996,349,647
13328,0,3407,5301,-1894
13329,0,172,167,5
13330,0,757,1153,-396
13331,0,8,5,3
13332,0,5,10,-5
13333,0,9,1,8
13334,0,64,102,-38
13335,0,74,68,6
13336,0,17,28,-11
13337,0,307,292,15
13338,0,285,300,-15
13339,0,60,26,34
13341,0,25,81,-56
13342,0,7,1,6
13343,0,135,137,-2
13344,0,160,58,102
13345,0,4736,621,4115
13346,0,41,282,-241
13347,0,48,90,-42
13348,0,28,10,18
13349,0,61,24,37
13350,0,358,120,238
13351,0,24,55,-31
13352,0,667,457,210
13353,0,2,4,-2
13354,0,267,436,-169
13355,0,143,218,-75
13356,0,9,28,-19
13357,0,9,67,-58
13358,0,15,38,-23
13359,0,242,483,-241
13360,0,2877,9376,-6499
13361,0,1,12,-11
13362,0,207,447,-240
13363,0,1,7,-6
13364,0,65,321,-256
13365,0,32,62,-30
13366,0,7,4,3
13367,0,106,194,-88
13368,0,60,33,27
13369,0,1,1278,-1277
13370,0,197,549,-352
13371,0,15,26,-11
13372,0,60,74,-14
13373,0,31,62,-31
13374,0,2,23,-21
13375,0,9,26,-17
13376,0,3,3,0
13377,0,17,38,-21
13378,0,12,11,1
13380,0,9,9,0
13381,0,2018,2065,-47
13382,0,52,68,-16
13383,0,37,70,-33
13384,0,395,504,-109
13385,0,41,13,28
13386,0,29,47,-18
13387,0,48,97,-49
13388,0,21,1,20
13389,0,99,41,58
13390,0,59,14,45
13391,0,87,153,-66
13392,0,16,6,10
13393,0,3279,441,2838
13394,0,37,106,-69
13395,0,172,181,-9
13396,0,53,14,39
13397,0,239,185,54
13398,0,2,42,-40
13399,0,3,1,2
13400,0,9,8,1
13402,0,917,1227,-310
13403,0,33,26,7
13404,0,99,103,-4
13405,0,337,126,211
13407,0,89,60,29
13408,0,192,201,-9
13409,0,44,60,-16
13410,0,3,24,-21
13411,0,4,10,-6
13412,0,12,56,-44
13413,0,2,5,-3
13415,0,55,62,-7
13416,0,54,136,-82
13417,0,355,270,85
13418,0,9,12,-3
13419,0,11,32,-21
13420,0,591,123,468
13421,0,6,19,-13
13422,0,179,69,110
13423,0,12,23,-11
13424,0,6,4,2
13425,0,111,134,-23
13426,0,232,25,207
13427,0,29,44,-15
13428,0,32,66,-34
13429,0,1082,303,779
13430,0,218,175,43
13431,0,16,24,-8
13432,0,175,113,62
13433,0,32,69,-37
13434,0,1,6,-5
13435,0,31,49,-18
13436,0,1,50,-49
13437,0,41,233,-192
13438,0,2,27,-25
13439,0,28,27,1
13440,0,51,48,3
13441,0,40,23,17
13442,0,2905,1554,1351
13443,0,215,319,-104
13445,0,15,41,-26
13446,0,9736,11192,-1456
13447,0,26,25,1
13448,0,7,10,-3
13449,0,207,195,12
13450,0,8,21,-13
13451,0,6,8,-2
13452,0,213,115,98
13453,0,507,243,264
13454,0,16,37,-21
13455,0,3,25,-22
13456,0,56,9,47
13457,0,41,32,9
13458,0,19,6,13
13459,0,4679,3998,681
13460,0,72,127,-55
13461,0,7,1,6
13462,0,85,51,34
13463,0,807,2344,-1537
13464,0,36,76,-40
13465,0,92,93,-1
13466,0,30,164,-134
13467,0,142,83,59
13468,0,225,78,147
13469,0,79,189,-110
13470,0,44,65,-21
13471,0,1549,215,1334
13472,0,3,30,-27
13474,0,17,10,7
13475,0,209,80,129
13476,0,3,2,1
13477,0,145,161,-16
13478,0,8,58,-50
13479,0,138,68,70
13480,0,2725,1061,1664
13481,0,12,124,-112
13482,0,8,18,-10
13483,0,3004,630,2374
13484,0,140,92,48
13485,0,6,1,5
13486,0,4,2,2
13487,0,597,271,326
13489,0,83,101,-18
13490,0,21,44,-23
13491,0,17,55,-38
13492,0,2,3,-1
13493,0,1121,1393,-272
13494,0,1453,1635,-182
13496,0,1876,1698,178
13498,0,150,107,43
13499,0,26,57,-31
13500,0,45,80,-35
13501,0,46,34,12
13502,0,33,20,13
13503,0,98,12,86
13504,0,86,125,-39
13505,0,16,12,4
13506,0,6,16,-10
13507,0,2,0,2
13508,0,67,100,-33
13509,0,12,17,-5
13510,0,105,58,47
13511,0,21,64,-43
13512,0,74,64,10
13513,0,25,3,22
13514,0,13,62,-49
13515,0,99,108,-9
13517,0,116,109,7
13518,0,19,2,17
13519,0,17,24,-7
13520,0,25,24,1
13521,0,125,61,64
13522,0,2309,1122,1187
13523,0,957,1869,-912
13524,0,38,9,29
13525,0,24,28,-4
13526,0,8,3,5
13527,0,15,37,-22
13528,0,29,4,25
13529,0,4,118,-114
13530,0,10,941,-931
13531,0,4,10,-6
13532,0,1107,992,115
13533,0,5,9,-4
13534,0,312,280,32
13535,0,104,31,73
13536,0,24,22,2
13537,0,28,75,-47
13538,0,4747,4711,36
13539,0,83,219,-136
13540,0,72,163,-91
13541,0,8,29,-21
13542,0,2691,8604,-5913
13543,0,7784,5597,2187
13544,0,14,19,-5
13545,0,35,133,-98
13547,0,4992,6582,-1590
13548,0,16,10,6
13549,0,28,19,9
13550,0,83,47,36
13551,0,60,11,49
13552,0,12,17,-5
13553,0,1,18,-17
13554,0,62,35,27
13555,0,94,81,13
13556,0,4,63,-59
13557,0,452,238,214
13558,0,11,15,-4
13559,0,8516,427,8089
13560,0,37,139,-102
13561,0,57,45,12
13562,0,459,391,68
13563,0,132,53,79
13564,0,7,4,3
13565,0,24,15,9
13566,0,27,13,14
13567,0,226,396,-170
13568,0,351,266,85
13569,0,219,308,-89
13570,0,1109,1700,-591
13571,0,31,91,-60
13572,0,133,58,75
13573,0,4,18,-14
13574,0,137,93,44
13575,0,16,13,3
13576,0,13,24,-11
13577,0,2,18,-16
13578,0,55,12,43
13579,0,38,13,25
13580,0,288,283,5
13581,0,121,10,111
13582,0,12,3,9
13583,0,203,310,-107
13584,0,44,26,18
13585,0,25,42,-17
13586,0,147,34,113
13587,0,175,539,-364
13588,0,94,208,-114
13590,0,17,3,14
13591,0,3,21,-18
13592,0,2,11,-9
13593,0,5,13,-8
13594,0,17,10,7
13595,0,44,172,-128
13597,0,84,93,-9
13598,0,10,13,-3
13599,0,1489,1001,488
13600,0,118,86,32
13601,0,1069,490,579
13602,0,33,32,1
13603,0,80,73,7
13604,0,278,241,37
13605,0,105,122,-17
13607,0,2080,5755,-3675
13608,0,12,19,-7
13609,0,2075,2103,-28
13610,0,3237,4385,-1148
13611,0,14,2,12
13612,0,118,104,14
13613,0,10001,10823,-822
13615,0,42,41,1
13616,0,164,172,-8
13617,0,21,30,-9
13618,0,6,27,-21
13619,0,36,85,-49
13621,0,45,10,35
13622,0,497,565,-68
13623,0,1452,1231,221
13624,0,79,47,32
13625,0,126,266,-140
13626,0,1,54,-53
13627,0,626,368,258
13628,0,15,29,-14
13629,0,9,8,1
13630,0,189,355,-166
13631,0,3,2,1
13633,0,1028,3566,-2538
13634,0,11,26,-15
13635,0,75,186,-111
13636,0,77,14,63
13637,0,24,40,-16
13638,0,8,4,4
13639,0,236,453,-217
13640,0,32,41,-9
13641,0,2,6,-4
13642,0,124,175,-51
13643,0,2014,2946,-932
13644,0,60,85,-25
13645,0,7,40,-33
13646,0,5,1,4
13647,0,466,58,408
13648,0,267,15,252
13649,0,306,637,-331
13650,0,5,70,-65
13651,0,126,115,11
13652,0,197,27,170
13653,0,4,14,-10
13654,0,150,261,-111
13655,0,17,76,-59
13656,0,2050,2114,-64
13657,0,43,53,-10
13658,0,333790,342168,-8378
13659,0,1583,1011,572
13660,0,40,148,-108
13661,0,83,120,-37
13662,0,9505,3213,6292
13663,0,8,46,-38
13664,0,4541,46,4495
13665,0,5,21,-16
13666,0,8,11,-3
13667,0,9,12,-3
13668,0,27,52,-25
13669,0,78,203,-125
13670,0,66,53,13
13671,0,15,36,-21
13672,0,3,1,2
13673,0,10,31,-21
13674,0,6,6,0
13675,0,43,80,-37
13676,0,8,30,-22
13677,0,11,13,-2
13678,0,1463,1695,-232
13679,0,3,8,-5
13680,0,462,1718,-1256
13681,0,49,105,-56
13682,0,71,144,-73
13683,0,7,20,-13
13684,0,54,201,-147
13685,0,2,3,-1
13686,0,76,57,19
13687,0,36,2,34
13688,0,110,372,-262
13689,0,246,357,-111
13690,0,3229,987,2242
13691,0,33,17,16
13692,0,4,9,-5
13693,0,31,127,-96
13694,0,39,23,16
13695,0,38,9,29
13696,0,2,9,-7
13697,0,40,21,19
13698,0,27,39,-12
13699,0,181,265,-84
13700,0,4266,5308,-1042
13701,0,41,44,-3
13702,0,16,17,-1
13704,0,185,379,-194
13705,0,14,68,-54
13706,0,21,23,-2
13707,0,96,47,49
13708,0,828,991,-163
13709,0,10,92,-82
13710,0,566,512,54
13711,0,185,90,95
13712,0,120,97,23
13713,0,84,6,78
13714,0,5,22,-17
13715,0,14,11,3
13716,0,137,32,105
13717,0,67,364,-297
13718,0,125,183,-58
13719,0,143,389,-246
13720,0,51,142,-91
13721,0,26,72,-46
13722,0,61,57,4
13723,0,44,69,-25
13724,0,98,61,37
13725,0,30,45,-15
13726,0,462,459,3
13727,0,30,17,13
13728,0,90,38,52
13729,0,32,31,1
13730,0,15,14,1
13731,0,37,116,-79
13732,0,114,122,-8
13733,0,47,5,42
13734,0,156,267,-111
13735,0,41,32,9
13736,0,613,798,-185
13737,0,19,56,-37
13738,0,8,33,-25
13739,0,253,186,67
13740,0,102,18,84
13741,0,23,90,-67
13742,0,2972,791,2181
13743,0,41,39,2
13744,0,1,14,-13
13745,0,759,401,358
13746,0,51,75,-24
13747,0,25,49,-24
13748,0,2,7,-5
13749,0,31,36,-5
13750,0,18,10,8
13751,0,16,8,8
13752,0,59,67,-8
13753,0,38,30,8
13754,0,629,1800,-1171
13755,0,205,74,131
13756,0,47,13,34
13758,0,60,50,10
13759,0,8,5,3
13760,0,49,40,9
13761,0,22,8,14
13762,0,36,52,-16
13763,0,230,328,-98
13764,0,37,7,30
13765,0,52,20,32
13766,0,6,262,-256
13767,0,11147,17913,-6766
13768,0,251,146,105
13769,0,57,57,0
13770,0,330,52,278
13771,0,29,34,-5
13772,0,740,436,304
13773,0,521,5,516
13774,0,59,81,-22
13775,0,478,856,-378
13777,0,46,22,24
13778,0,44,16,28
13779,0,990,1320,-330
13780,0,59,36,23
13781,0,33,65,-32
13782,0,533,287,246
13783,0,22,25,-3
13784,0,765,353,412
13785,0,107,147,-40
13786,0,464,17,447
13787,0,29,45,-16
13788,0,1,17,-16
13789,0,14,26,-12
13790,0,106,67,39
13791,0,247,400,-153
13792,0,1439,6045,-4606
13793,0,70,77,-7
13794,0,9,18,-9
13795,0,43,22,21
13796,0,10,57,-47
13797,0,7067,10251,-3184
13798,0,5,20,-15
13799,0,79,59,20
13800,0,422,1301,-879
13801,0,2,2,0
13802,0,1522,1572,-50
13804,0,44,18,26
13805,0,15,29,-14
13806,0,1225,848,377
13807,0,44,19,25
13808,0,36,9,27
13809,0,697,359,338
13810,0,84,45,39
13811,0,57,146,-89
13812,0,100,121,-21
13813,0,84,96,-12
13814,0,3,28,-25
13815,0,27,120,-93
13816,0,48,165,-117
13818,0,25,32,-7
13819,0,622,478,144
13820,0,20,17,3
13821,0,99,85,14
13822,0,60,32,28
13823,0,230,196,34
13824,0,2,12,-10
13825,0,76,96,-20
13827,0,26,49,-23
13828,0,207,200,7
13830,0,500,243,257
13831,0,161,110,51
13832,0,3,6,-3
13833,0,26,29,-3
13834,0,18,17,1
13835,0,224,1353,-1129
13836,0,23,21,2
13837,0,116,232,-116
13838,0,4088,4298,-210
13839,0,216,70,146
13840,0,54,1,53
13841,0,185,254,-69
13842,0,21,26,-5
13844,0,731,839,-108
13845,0,28,31,-3
13846,0,115,152,-37
13847,0,9,41,-32
13848,0,30,62,-32
13849,0,339,1193,-854
13850,0,60,44,16
13851,0,6,4,2
13852,0,18,269,-251
13853,0,567,86,481
13854,0,159,254,-95
13856,0,326,388,-62
13857,0,190,161,29
13858,0,1,1,0
13860,0,31,416,-385
13861,0,6,1,5
13862,0,65,173,-108
13863,0,11,33,-22
13864,0,2,0,2
13865,0,6,81,-75
13867,0,286,11,275
13868,0,993,1746,-753
13869,0,5,3,2
13870,0,15,28,-13
13871,0,39,54,-15
13872,0,21,231,-210
13873,0,333,942,-609
13874,0,4,7,-3
13875,0,179,75,104
13876,0,80,78,2
13877,0,462,82,380
13880,0,21,55,-34
13881,0,19,24,-5
13883,0,179,221,-42
13884,0,178,26,152
13885,0,50,83,-33
13886,0,14,51,-37
13887,0,8,11,-3
13888,0,50,87,-37
13889,0,101,15,86
13890,0,3,17,-14
13891,0,1,8,-7
13892,0,10,4,6
13893,0,138,513,-375
13894,0,114,40,74
13895,0,124,80,44
13896,0,31,17,14
13897,0,118,245,-127
13898,0,1412,1305,107
13899,0,61,52,9
13900,0,117,34,83
13901,0,2105,2974,-869
13902,0,99,212,-113
13903,0,1,4,-3
13904,0,55,82,-27
13905,0,124,159,-35
13906,0,30,25,5
13907,0,19,50,-31
13908,0,278,313,-35
13909,0,35,9,26
13910,0,87,85,2
13911,0,71,119,-48
13912,0,148,90,58
13913,0,18,102,-84
13914,0,13,46,-33
13915,0,29,19,10
13916,0,4,16,-12
13917,0,14,10,4
13918,0,104,42,62
13919,0,245,832,-587
13920,0,948,1087,-139
13921,0,1786,455,1331
13922,0,70,26,44
13923,0,74,57,17
13924,0,6,33,-27
13925,0,183,604,-421
13926,0,1,7,-6
13927,0,7,3,4
13928,0,2386,1672,714
13929,0,7454,11903,-4449
13930,0,268,16,252
13931,0,984,758,226
13932,0,2,7,-5
13933,0,10,2,8
13934,0,3906,9801,-5895
13935,0,28,63,-35
13936,0,48,65,-17
13937,0,8,235,-227
13938,0,44,32,12
13939,0,179,151,28
13940,0,10,3,7
13941,0,106,85,21
13942,0,93,130,-37
13943,0,139,25,114
13944,0,8,17,-9
13945,0,4,5,-1
13946,0,1,5,-4
13947,0,14,68,-54
13948,0,60,70,-10
13950,0,47,37,10
13951,0,1586,2622,-1036
13952,0,12,58,-46
13953,0,249,76,173
13954,0,196,217,-21
13955,0,691,610,81
13957,0,147,139,8
13958,0,60,4,56
13959,0,21,78,-57
13960,0,23,217,-194
13961,0,113,45,68
13962,0,27,59,-32
13963,0,48,40,8
13965,0,9,1,8
13966,0,161,137,24
13967,0,71,125,-54
13968,0,93,76,17
13969,0,33,2,31
13970,0,21,4,17
13971,0,6019,3950,2069
13972,0,4,6,-2
13973,0,26,17,9
13974,0,27,16,11
13975,0,16,16,0
13976,0,2148,3042,-894
13977,0,192,599,-407
13978,0,105,130,-25
13979,0,159,49,110
13980,0,21,78,-57
13981,0,1587,6147,-4560
13982,0,5973,3480,2493
13983,0,498,636,-138
13984,0,9,5,4
13985,0,14,38,-24
13986,0,228,283,-55
13987,0,42,92,-50
13988,0,6,63,-57
13989,0,55,30,25
13990,0,2478,4232,-1754
13991,0,120,53,67
13992,0,85,50,35
13993,0,80,29,51
13994,0,11,35,-24
13995,0,949,2672,-1723
13996,0,618,106,512
13997,0,78,52,26
13998,0,244,118,126
13999,0,6013,4771,1242
14000,0,23,42,-19
14002,0,10,24,-14
14003,0,15,28,-13
14004,0,14,2,12
14005,0,19,48,-29
14006,0,97,264,-167
14007,0,7,42,-35
14008,0,32,20,12
14009,0,380,1652,-1272
14010,0,38,64,-26
14011,0,23,9,14
14012,0,19,37,-18
14013,0,47,52,-5
14014,0,4,14,-10
14015,0,885,1509,-624
14016,0,113,131,-18
14017,0,9,12,-3
14018,0,11,15,-4
14019,0,7290,7910,-620
14020,0,58,21,37
14021,0,4,7,-3
14022,0,6,7,-1
14024,0,2,21,-19
14025,0,28,35,-7
14026,0,60,54,6
14027,0,5,8,-3
14028,0,24,18,6
14029,0,100,128,-28
14030,0,46,107,-61
14032,0,12,70,-58
14033,0,46,12,34
14034,0,108,351,-243
14035,0,18,41,-23
14036,0,2,30,-28
14037,0,227,96,131
14038,0,9,10,-1
14039,0,134,21,113
14040,0,23,11,12
14041,0,776,377,399
14042,0,525,9,516
14043,0,1216,1253,-37
14044,0,4,1,3
14045,0,137,340,-203
14046,0,22,28,-6
14047,0,45,31,14
14048,0,135,123,12
14049,0,1,7,-6
14050,0,55,74,-19
14051,0,113,70,43
14052,0,87,35,52
14053,0,5,40,-35
14054,0,3,66,-63
14055,0,27,22,5
14056,0,6,4,2
14058,0,3,16,-13
14059,0,1800,1696,104
14060,0,23,3,20
14061,0,1303,7136,-5833
14062,0,7,20,-13
14063,0,155,25,130
14064,0,47,225,-178
14065,0,68,113,-45
14066,0,21,241,-220
14067,0,5,19,-14
14068,0,21,24,-3
14069,0,655,828,-173
14072,0,5,1,4
14073,0,112,50,62
14074,0,7,15,-8
14075,0,31,14,17
14076,0,30,65,-35
14077,0,8,49,-41
14078,0,15153,13877,1276
14079,0,1834,3098,-1264
14080,0,37,8,29
14081,0,69,99,-30
14082,0,41,19,22
14083,0,68,151,-83
14084,0,375,199,176
14085,0,82,258,-176
14086,0,170,208,-38
14087,0,10,24,-14
14088,0,178,21,157
14089,0,18,16,2
14091,0,87,49,38
14092,0,352,1216,-864
14093,0,49,5,44
14095,0,546,809,-263
14096,0,68,196,-128
14097,0,17,58,-41
14098,0,29,28,1
14099,0,359,398,-39
14100,0,8,6,2
14101,0,61,46,15
14102,0,71,68,3
14103,0,37,74,-37
14104,0,80,15,65
14105,0,12541,12508,33
14106,0,22,87,-65
14107,0,30,48,-18
14108,0,21,19,2
14109,0,117,129,-12
14110,0,168,1159,-991
14111,0,77,51,26
14112,0,2,14,-12
14113,0,11,10,1
14114,0,80,117,-37
14115,0,81,108,-27
14116,0,10,71,-61
14117,0,111,43,68
14118,0,86,87,-1
14119,0,9,317,-308
14120,0,30,17,13
14121,0,112,89,23
14122,0,22,3,19
14123,0,41,219,-178
14124,0,9,8,1
14125,0,2,11,-9
14126,0,14,23,-9
14127,0,557,1304,-747
14128,0,302,2380,-2078
14129,0,63,163,-100
14130,0,78,221,-143
14131,0,51,71,-20
14132,0,370,79,291
14133,0,23,18,5
14134,0,35,144,-109
14135,0,119,84,35
14136,0,93,77,16
14137,0,17,12,5
14138,0,3,6,-3
14139,0,33,21,12
14140,0,63,143,-80
14141,0,4,83,-79
14142,0,31,16,15
14143,0,25,176,-151
14144,0,445,915,-470
14145,0,2945,5116,-2171
14146,0,16,44,-28
14147,0,335,464,-129
14148,0,49,105,-56
14149,0,207,756,-549
14150,0,39,16,23
14151,0,11,20,-9
14152,0,4780,2574,2206
14153,0,105,134,-29
14154,0,50,61,-11
14155,0,12,4,8
14156,0,30,58,-28
14157,0,21,7,14
14158,0,216,124,92
14159,0,55,63,-8
14160,0,1,5,-4
14161,0,4,34,-30
14162,0,1541,2509,-968
14163,0,504,53,451
14164,0,27,6,21
14165,0,21,56,-35
14166,0,51,32,19
14167,0,18,9,9
14168,0,99,153,-54
14169,0,18,62,-44
14170,0,648,288,360
14171,0,14,714,-700
14172,0,24,41,-17
14173,0,157,278,-121
14175,0,3,0,3
14176,0,3532,5637,-2105
14177,0,6,6,0
14178,0,194,24,170
14179,0,10,28,-18
14180,0,35,106,-71
14181,0,34,34,0
14182,0,2,51,-49
14183,0,2467,2085,382
14184,0,2,18,-16
14186,0,3888,4481,-593
14187,0,4505,21717,-17212
14188,0,7,14,-7
14189,0,8263,9103,-840
14190,0,765,1069,-304
14191,0,2487,2491,-4
14192,0,64,13,51
14193,0,46,122,-76
14194,0,160,54,106
14195,0,62,185,-123
14196,0,25,20,5
14197,0,2,43,-41
14198,0,10,40,-30
14199,0,1273,887,386
14201,0,320,213,107
14202,0,64,43,21
14203,0,423,199,224
14204,0,182,233,-51
14205,0,7,106,-99
14206,0,4,19,-15
14207,0,1,6,-5
14208,0,2,37,-35
14209,0,44,31,13
14210,0,33,14,19
14211,0,251,473,-222
14212,0,146,94,52
14213,0,119,342,-223
14214,0,9,6,3
14215,0,23,23,0
14216,0,6,23,-17
14217,0,4,10,-6
14218,0,230,91,139
14220,0,47,44,3
14221,0,120,116,4
14222,0,9601,4452,5149
14223,0,2633,2352,281
14224,0,18,17,1
14225,0,859,830,29
14226,0,190,185,5
14227,0,293,49,244
14228,0,14,18,-4
14229,0,518,774,-256
14230,0,116,119,-3
14231,0,25,43,-18
14232,0,26,59,-33
14233,0,276,442,-166
14234,0,145,47,98
14235,0,100,367,-267
14236,0,39,922,-883
14237,0,39,87,-48
14238,0,56,194,-138
14239,0,44,12,32
14241,0,6,6,0
14242,0,2,15,-13
14243,0,145,62,83
14244,0,30,17,13
14245,0,12,7,5
14246,0,168,15,153
14248,0,3,9,-6
14249,0,435,154,281
14250,0,48,52,-4
14251,0,16,42,-26
14252,0,174,511,-337
14253,0,1,31,-30
14254,0,74,93,-19
14255,0,29,23,6
14256,0,2619,3200,-581
14257,0,85,54,31
14258,0,487,526,-39
14259,0,42,49,-7
14260,0,29,38,-9
14261,0,247,225,22
14262,0,8,24,-16
14263,0,16,39,-23
14264,0,5,7,-2
14266,0,41,68,-27
14268,0,168,150,18
14269,0,10795,9929,866
14270,0,1302,1636,-334
14271,0,28,112,-84
14272,0,35,9,26
14273,0,4,0,4
14274,0,41,157,-116
14275,0,399,611,-212
14276,0,921,372,549
14277,0,156,411,-255
14278,0,86,104,-18
14279,0,36,10,26
14280,0,2589,30,2559
14281,0,61,92,-31
14282,0,5,9,-4
14283,0,21,21,0
14284,0,1,50,-49
14285,0,105,90,15
14287,0,7,26,-19
14288,0,28,15,13
14289,0,87,185,-98
14290,0,139,172,-33
14291,0,5,8,-3
14292,0,28,34,-6
14293,0,21,12,9
14294,0,2,34,-32
14295,0,3,13,-10
14296,0,19,4,15
14297,0,1,3,-2
14298,0,5,16,-11
14299,0,250,74,176
14300,0,45,45,0
14301,0,2749,4110,-1361
14302,0,185,147,38
14304,0,3,1,2
14305,0,261,241,20
14306,0,14,46,-32
14307,0,14,7,7
14308,0,1260,4448,-3188
14309,0,8,14,-6
14310,0,3,4,-1
14311,0,3,21,-18
14312,0,117,136,-19
14313,0,97,67,30
14314,0,84,167,-83
14315,0,77,75,2
14316,0,2,1,1
14317,0,1994,4872,-2878
14318,0,221,148,73
14319,0,48,2,46
14320,0,19,22,-3
14321,0,58,77,-19
14322,0,9,8,1
14323,0,24,51,-27
14324,0,120,62,58
14325,0,50,2,48
14326,0,33,20,13
14327,0,60,100,-40
14328,0,206,56,150
14329,0,2552,7104,-4552
14330,0,33,28,5
14332,0,332,240,92
14333,0,99,317,-218
14334,0,112,161,-49
14335,0,1,20,-19
14336,0,31,67,-36
14337,0,24,14,10
14338,0,48,88,-40
14339,0,47,26,21
14340,0,39,29,10
14341,0,35,74,-39
14342,0,45,81,-36
14343,0,11,24,-13
14344,0,270,295,-25
14345,0,10,40,-30
14346,0,743,547,196
14347,0,1,15,-14
14348,0,57,58,-1
14349,0,16,10,6
14350,0,66,19,47
14351,0,74,174,-100
14352,0,295,382,-87
14353,0,68,101,-33
14354,0,9,30,-21
14355,0,21,11,10
14356,0,32,45,-13
14357,0,9,11,-2
14358,0,49,57,-8
14359,0,3096,5512,-2416
14360,0,53,362,-309
14361,0,2,6,-4
14362,0,32,75,-43
14363,0,4,35,-31
14364,0,82,49,33
14365,0,32,30,2
14366,0,36,81,-45
14367,0,2996,2245,751
14368,0,654,258,396
14369,0,148,222,-74
14370,0,24,1,23
14371,0,227,36,191
14372,0,25,42,-17
14373,0,217,79,138
14374,0,66,120,-54
14375,0,35,262,-227
14376,0,611,711,-100
14377,0,2626,6164,-3538
14378,0,14,21,-7
14379,0,397,455,-58
14380,0,25,92,-67
14381,0,22,35,-13
14382,0,207,218,-11
14383,0,250,37,213
14384,0,118,306,-188
14385,0,12,8,4
14386,0,1249,884,365
14387,0,793,1365,-572
14388,0,129,57,72
14389,0,435,238,197
14390,0,60,58,2
14392,0,4,31,-27
14393,0,104,16,88
14394,0,647,423,224
14396,0,393,1922,-1529
14397,0,2,7,-5
14398,0,365,1076,-711
14400,0,814,162,652
14401,0,39,36,3
14402,0,103,4,99
14403,0,34,11,23
14404,0,40,65,-25
14405,0,2043,2707,-664
14406,0,1705,1838,-133
14407,0,15,13,2
14408,0,19,105,-86
14409,0,10,58,-48
14410,0,10,3,7
14411,0,18,1,17
14412,0,126675,1343058,-1216383
14413,0,27,119,-92
14414,0,1,8,-7
14415,0,632,339,293
14416,0,7,165,-158
14417,0,21,53,-32
14418,0,234,239,-5
14420,0,33,60,-27
14421,0,181,213,-32
14422,0,9,7,2
14423,0,94,52,42
14424,0,26,15,11
14425,0,15,18,-3
14426,0,120112,8312,111800
14427,0,413,550,-137
14428,0,39,61,-22
14429,0,32,16,16
14430,0,186,250,-64
14431,0,2,27,-25
14432,0,10,9,1
14433,0,1626,861,765
14434,0,18542,28458,-9916
14435,0,2,6,-4
14436,0,193,458,-265
14437,0,25,34,-9
14438,0,362,256,106
14440,0,3,2,1
14441,0,3,7,-4
14442,0,6740,1231,5509
14443,0,9,22,-13
14444,0,1117,835,282
14445,0,2108,584,1524
14446,0,2108,2065,43
14448,0,103,187,-84
14449,0,9,9,0
14450,0,19,86,-67
14451,0,5,37,-32
14452,0,4731,2956,1775
14453,0,453,605,-152
14454,0,14,1,13
14456,0,60,53,7
14457,0,1022,216,806
14458,0,23,3,20
14459,0,343,689,-346
14460,0,40,60,-20
14461,0,687,683,4
14462,0,192,111,81
14463,0,74,36,38
14464,0,66,38,28
14465,0,137,331,-194
14466,0,82,28,54
14467,0,118,2052,-1934
14468,0,59,33,26
14469,0,43,10,33
14470,0,49,66,-17
14471,0,89,22,67
14472,0,31,79,-48
14474,0,194,213,-19
14475,0,10,80,-70
14476,0,903,295,608
14477,0,17,44,-27
14478,0,62,779,-717
14479,0,1190,293,897
14480,0,22,22,0
14481,0,3,4,-1
14482,0,18,53,-35
14483,0,64,217,-153
14484,0,64,121,-57
14485,0,18,7,11
14486,0,33,37,-4
14487,0,285,115,170
14488,0,384,466,-82
14489,0,2115,3289,-1174
14490,0,18,79,-61
14491,0,2987,1474,1513
14492,0,2,15,-13
14493,0,17,65,-48
14495,0,1059,2548,-1489
14496,0,13,21,-8
14497,0,7,91,-84
14498,0,23,30,-7
14499,0,240,190,50
14501,0,16,5,11
14502,0,1,5,-4
14503,0,160,357,-197
14504,0,1467,2517,-1050
14505,0,3,1,2
14506,0,152,83,69
14507,0,1,11,-10
14508,0,27,18,9
14509,0,202,125,77
14510,0,56,62,-6
14512,0,90,20,70
14513,0,36,44,-8
14515,0,6,36,-30
14518,0,46,45,1
14519,0,1303,1150,153
14520,0,10,143,-133
14521,0,3,22,-19
14522,0,60,51,9
14524,0,298,118,180
14525,0,143,132,11
14526,0,203,175,28
14527,0,15,7,8
14528,0,164,254,-90
14529,0,50,58,-8
14530,0,1386,2073,-687
14531,0,44,43,1
14532,0,39,33,6
14533,0,331,248,83
14534,0,1337,973,364
14535,0,150,45,105
14536,0,177,53,124
14537,0,1160,1434,-274
14538,0,10,18,-8
14539,0,327,558,-231
14540,0,475,253,222
14541,0,5,20,-15
14542,0,41,26,15
14543,0,39,45,-6
14544,0,1074,1685,-611
14545,0,141,150,-9
14546,0,29,38,-9
14547,0,22,8,14
14548,0,506,2566,-2060
14549,0,8,3,5
14550,0,766,709,57
14551,0,117,143,-26
14552,0,8,11,-3
14553,0,21,27,-6
14554,0,5,4,1
14555,0,53,4,49
14556,0,22,21,1
14557,0,63,87,-24
14558,0,202,268,-66
14559,0,20,48,-28
14560,0,8,19,-11
14561,0,194,157,37
14563,0,84,20,64
14564,0,68,47,21
14565,0,2209,1759,450
14566,0,22,23,-1
14567,0,10,12,-2
14568,0,27,2,25
14569,0,132,387,-255
14570,0,49,121,-72
14572,0,78,69,9
14573,0,18,50,-32
14574,0,2,1,1
14575,0,41,77,-36
14576,0,6,30,-24
14577,0,38,121,-83
14578,0,2,2,0
14579,0,4,6,-2
14580,0,47,99,-52
14582,0,15,12,3
14583,0,70,510,-440
14584,0,686,1030,-344
14585,0,3,21,-18
14586,0,143,904,-761
14587,0,6,15,-9
14588,0,519,33,486
14589,0,333,415,-82
14590,0,2,1,1
14591,0,35,88,-53
14592,0,507,288,219
14593,0,56,77,-21
14594,0,8136,3372,4764
14595,0,118,190,-72
14596,0,16,26,-10
14597,0,26,227,-201
14598,0,99,128,-29
14599,0,9,16,-7
14600,0,58,23,35
14601,0,6,602,-596
14602,0,26,17,9
14603,0,21,131,-110
14604,0,101,113,-12
14605,0,9,36,-27
14606,0,2302,3253,-951
14607,0,8,70,-62
14608,0,19,14,5
14609,0,9,21,-12
14610,0,803,1964,-1161
14611,0,33,86,-53
14612,0,1315,1493,-178
14613,0,1541,707,834
14614,0,71,111,-40
14615,0,2,33,-31
14616,0,1,29,-28
14617,0,32,58,-26
14618,0,119,111,8
14619,0,31,29,2
14620,0,6,29,-23
14621,0,677,922,-245
14622,0,242,178,64
14623,0,308,212,96
14624,0,31,12,19
14625,0,2238,2007,231
14626,0,14,38,-24
14627,0,86,63,23
14628,0,11,41,-30
14629,0,11,9,2
14630,0,138,123,15
14631,0,17,29,-12
14632,0,111,1378,-1267
14633,0,910,1188,-278
14634,0,20,11,9
14635,0,9,13,-4
14637,0,6,18,-12
14638,0,689,192,497
14639,0,2815,3404,-589
14640,0,4622,1424,3198
14641,0,9,95,-86
14642,0,20,22,-2
14643,0,9,10,-1
14644,0,10,111,-101
14645,0,19,1,18
14647,0,26,22,4
14648,0,157,24,133
14649,0,188,47,141
14650,0,41,38,3
14651,0,3,0,3
14654,0,155,103,52
14655,0,35,20,15
14657,0,95,184,-89
14658,0,143,96,47
14659,0,7,31,-24
14661,0,17,50,-33
14662,0,285,218,67
14663,0,53,39,14
14664,0,27,29,-2
14665,0,4,5,-1
14666,0,857,1521,-664
14667,0,78,117,-39
14668,0,41,98,-57
14669,0,42,11,31
14670,0,321,65,256
14671,0,150,128,22
14672,0,6,25,-19
14674,0,56,92,-36
14675,0,86,88,-2
14676,0,298,325,-27
14677,0,11,1,10
14678,0,81,25,56
14679,0,134,29,105
14680,0,97,65,32
14681,0,62,59,3
14682,0,5,4,1
14683,0,534,509,25
14684,0,22,41,-19
14685,0,14,3538,-3524
14686,0,6,3,3
14687,0,197,186,11
14688,0,55,182,-127
14689,0,13,5,8
14690,0,45,35,10
14691,0,576,1307,-731
14692,0,36,22,14
14693,0,453,771,-318
14694,0,2885,846,2039
14695,0,12074,28760,-16686
14696,0,4,11,-7
14698,0,92,14,78
14699,0,2,3,-1
14700,0,393,252,141
14701,0,23,110,-87
14702,0,47,39,8
14703,0,43,595,-552
14704,0,1307,693,614
14705,0,3,11,-8
14706,0,6,48,-42
14707,0,140,96,44
14708,0,263,346,-83
14709,0,20,61,-41
14711,0,74,35,39
14712,0,482,487,-5
14713,0,127,18,109
14714,0,11,5,6
14715,0,12,24,-12
14716,0,56,49,7
14717,0,3693,3248,445
14718,0,87,158,-71
14719,0,28,12,16
14720,0,29,26,3
14721,0,199,223,-24
14722,0,41,13,28
14723,0,17,30,-13
14724,0,7,8,-1
14725,0,11,7,4
14726,0,129,243,-114
14727,0,53,13,40
14728,0,97,202,-105
14729,0,19,3,16
14730,0,11,28,-17
14732,0,201,120,81
14733,0,879,239,640
14734,0,224,152,72
14735,0,131,36,95
14736,0,21,10,11
14737,0,18,29,-11
14738,0,23,96,-73
14739,0,16,33,-17
14740,0,46,3,43
14741,0,10,13,-3
14742,0,251,101,150
14743,0,313,387,-74
14744,0,7,9,-2
14745,0,57,385,-328
14746,0,313,464,-151
14747,0,9,9,0
14748,0,116,55,61
14749,0,150,117,33
14750,0,29,22,7
14751,0,66,54,12
14752,0,47,54,-7
14753,0,20,22,-2
14754,0,287,285,2
14755,0,149,260,-111
14756,0,90,329,-239
14757,0,276,4,272
14758,0,1482,1839,-357
14759,0,17,15,2
14760,0,90,120,-30
14761,0,47,58,-11
14762,0,53,106,-53
14764,0,17,49,-32
14765,0,394,144,250
14766,0,17,140,-123
14767,0,1070,1321,-251
14768,0,131,25,106
14769,0,37,12,25
14770,0,40,23,17
14772,0,36,41,-5
14773,0,105,87,18
14774,0,31,5,26
14775,0,298,719,-421
14776,0,92,72,20
14777,0,15,22,-7
14778,0,257,436,-179
14779,0,36,15,21
14780,0,110,41,69
14782,0,31,55,-24
14783,0,564,623,-59
14784,0,163,253,-90
14785,0,49,18,31
14786,0,2968,569,2399
14787,0,11,7,4
14788,0,2,22,-20
14789,0,66,156,-90
14790,0,163,126,37
14791,0,119,63,56
14792,0,54,109,-55
14793,0,4,5,-1
14794,0,14,78,-64
14795,0,319,244,75
14796,0,111,20,91
14797,0,1,10,-9
14798,0,2233,3780,-1547
14799,0,296,385,-89
14800,0,8,9,-1
14801,0,14,34,-20
14802,0,407,364,43
14804,0,101,128,-27
14805,0,43,52,-9
14806,0,285,531,-246
14807,0,246,214,32
14808,0,274,83,191
14809,0,28,1,27
14810,0,9789,1516,8273
14811,0,160,437,-277
14812,0,5734,3522,2212
14813,0,7,5,2
14814,0,135,35,100
14815,0,32,45,-13
14816,0,128,64,64
14817,0,17,44,-27
14818,0,254,264,-10
14819,0,33,185,-152
14820,0,241,330,-89
14821,0,143,352,-209
14822,0,1283,1145,138
14823,0,10,8,2
14825,0,930,1196,-266
14826,0,6244,7014,-770
14827,0,792,1786,-994
14828,0,187,778,-591
14829,0,16,4,12
14830,0,61,62,-1
14831,0,1538,148,1390
14832,0,4,25,-21
14833,0,58,170,-112
14834,0,6,13,-7
14835,0,50,77,-27
14837,0,136,132,4
14838,0,33,34,-1
14839,0,18,20,-2
14840,0,37,28,9
14841,0,86,8,78
14842,0,703,954,-251
14843,0,804,662,142
14844,0,2,46,-44
14845,0,41,81,-40
14846,0,57,16,41
14848,0,7,9,-2
14849,0,51,36,15
14850,0,63,101,-38
14851,0,500,800,-300
14853,0,505,9,496
14854,0,3096,4332,-1236
14855,0,6,3,3
14856,0,6231,7653,-1422
14857,0,852,356,496
14858,0,622,284,338
14859,0,78,153,-75
14860,0,3,1,2
14861,0,39,101,-62
14862,0,1720,6720,-5000
14863,0,82,163,-81
14864,0,14,46,-32
14866,0,3,5,-2
14867,0,133,84,49
14868,0,58,263,-205
14869,0,21,24,-3
14870,0,5,16,-11
14871,0,32,84,-52
14872,0,51,67,-16
14873,0,5,14,-9
14874,0,56,36,20
14875,0,515,1729,-1214
14876,0,194,384,-190
14877,0,2260,1539,721
14878,0,180,83,97
14879,0,202,254,-52
14880,0,16,12,4
14881,0,75,54,21
14882,0,351,117,234
14883,0,397,85,312
14884,0,356,541,-185
14885,0,170,103,67
14886,0,74,49,25
14887,0,51,67,-16
14888,0,4,9,-5
14889,0,182,94,88
14890,0,89,43,46
14891,0,101,48,53
14892,0,14,12,2
14893,0,6263,6849,-586
14894,0,72,117,-45
14895,0,33,32,1
14896,0,959,200,759
14897,0,12,40,-28
14898,0,67,80,-13
14899,0,271,91,180
14900,0,213,287,-74
14902,0,1,2,-1
14903,0,30,32,-2
14904,0,5,28,-23
14906,0,14,93,-79
14907,0,18,11,7
14908,0,718,696,22
14909,0,2,32,-30
14910,0,11,11,0
14911,0,17,44,-27
14912,0,3,12,-9
14913,0,21,102,-81
14914,0,3,5,-2
14915,0,13,21,-8
14916,0,8,8,0
14917,0,13,16,-3
14918,0,1063,214,849
14919,0,47,2,45
14920,0,229,19,210
14921,0,24,76,-52
14922,0,7540,10009,-2469
14923,0,5,26,-21
14924,0,33,57,-24
14925,0,158,121,37
14926,0,83,80,3
14927,0,4347,2395,1952
14928,0,86,178,-92
14929,0,15,139,-124
14931,0,252,238,14
14932,0,17,22,-5
14933,0,9,37,-28
14934,0,2,11,-9
14935,0,77,122,-45
14936,0,18,27,-9
14937,0,36,35,1
14938,0,424,152,272
14939,0,25,28,-3
14940,0,310,298,12
14941,0,266,36,230
14942,0,106176,1408,104768
14943,0,85,54,31
14944,0,21,199,-178
14945,0,48,181,-133
14946,0,19,33,-14
14947,0,1,5,-4
14948,0,171,125,46
14949,0,14,3,11
14950,0,17,19,-2
14951,0,64,240,-176
14952,0,3,6,-3
14953,0,148,190,-42
14955,0,84,84,0
14956,0,99,149,-50
14957,0,18,25,-7
14958,0,28,35,-7
14959,0,138,16,122
14960,0,17,65,-48
14961,0,2,30,-28
14962,0,17,3,14
14963,0,9,17,-8
14964,0,10,2,8
14965,0,59,106,-47
14966,0,13,69,-56
14968,0,9,42,-33
14969,0,83,254,-171
14970,0,1,15,-14
14972,0,105,163,-58
14973,0,7,58,-51
14974,0,204,389,-185
14975,0,381,647,-266
14976,0,33,110,-77
14977,0,144,73,71
14978,0,54,56,-2
14979,0,354,238,116
14980,0,827,1395,-568
14981,0,24,126,-102
14982,0,4,2,2
14983,0,48,8,40
14984,0,473,2526,-2053
14985,0,1327,2054,-727
14986,0,65,177,-112
14987,0,138,134,4
14988,0,104,525,-421
14989,0,68,47,21
14990,0,336,208,128
14992,0,11,2,9
14993,0,16,69,-53
14994,0,31,44,-13
14995,0,175,25,150
14997,0,11,17,-6
14998,0,857,2675,-1818
14999,0,380,261,119
15000,0,5,19,-14
15001,0,95,143,-48
15002,0,2322,529,1793
15003,0,198,450,-252
15004,0,11,20,-9
15005,0,28,42,-14
15006,0,35,57,-22
15007,0,86,173,-87
15008,0,317,623,-306
15009,0,20,49,-29
15010,0,38,208,-170
15011,0,1499,1694,-195
15012,0,104,23,81
15013,0,23,23,0
15014,0,1778,42,1736
15015,0,11,9,2
15016,0,14,13,1
15017,0,14,77,-63
15018,0,80,104,-24
15019,0,19,24,-5
15020,0,17,34,-17
15021,0,24,46,-22
15022,0,24,107,-83
15023,0,39,99,-60
15024,0,2458,600,1858
15025,0,59,934,-875
15026,0,44,62,-18
15027,0,28,50,-22
15028,0,15,95,-80
15029,0,45,42,3
15030,0,231,228,3
15031,0,13,22,-9
15032,0,25,307,-282
15033,0,4,5,-1
15034,0,328,98,230
15035,0,37,25,12
15036,0,807,299,508
15037,0,258,296,-38
15038,0,121,172,-51
15039,0,148,73,75
15040,0,217,71,146
15041,0,52,36,16
15042,0,2346,1877,469
15043,0,11,16,-5
15044,0,402,713,-311
15045,0,2961,6781,-3820
15046,0,206,553,-347
15047,0,20,23,-3
15049,0,108,22,86
15050,0,10,29,-19
15051,0,20,98,-78
15052,0,7,18,-11
15053,0,374,337,37
15055,0,76,28,48
15056,0,4318,8056,-3738
15057,0,247,149,98
15058,0,1752,2334,-582
15059,0,7,12,-5
15060,0,1,24,-23
15061,0,1546,1185,361
15062,0,56,27,29
15063,0,19,46,-27
15065,0,555,1097,-542
15066,0,3562,5283,-1721
15067,0,358,312,46
15068,0,379,198,181
15069,0,4863,190,4673
15070,0,9,21,-12
15071,0,4,7,-3
15072,0,18,10,8
15073,0,17616,5920,11696
15074,0,27,50,-23
15075,0,6,57,-51
15076,0,315,853,-538
15077,0,7,0,7
15078,0,32,34,-2
15079,0,20,46,-26
15080,0,17,135,-118
15081,0,1439,958,481
15082,0,27,76,-49
15083,0,1004,618,386
15084,0,11,12,-1
15085,0,2,19,-17
15086,0,6,13,-7
15087,0,611,766,-155
15088,0,538,166,372
15089,0,10,3,7
15091,0,20,34,-14
15092,0,95,139,-44
15094,0,146,101,45
15095,0,40,8,32
15096,0,25,23,2
15097,0,997,1508,-511
15098,0,245,155,90
15099,0,14,35,-21
15100,0,12,11,1
15101,0,188,33,155
15102,0,91,107,-16
15103,0,27,19,8
15104,0,216,127,89
15105,0,48,36,12
15107,0,377,295,82
15108,0,123,132,-9
15109,0,219,337,-118
15110,0,17,30,-13
15111,0,221,143,78
15112,0,35,9,26
15113,0,12,30,-18
15114,0,12,11,1
15115,0,118,7,111
15116,0,3541,1089,2452
15117,0,108,58,50
15118,0,7,42,-35
15119,0,71,39,32
15121,0,169,143,26
15123,0,392,341,51
15125,0,122345,226042,-103697
15126,0,38,71,-33
15127,0,90,110,-20
15129,0,3,31,-28
15130,0,125,16,109
15131,0,551,754,-203
15132,0,3,8,-5
15133,0,452,234,218
15134,0,10,104,-94
15135,0,52,35,17
15136,0,18,134,-116
15137,0,8,10,-2
15138,0,130,13,117
15139,0,326,403,-77
15140,0,20,47,-27
15141,0,26,58,-32
15142,0,65,260,-195
15143,0,68,16,52
15144,0,471,210,261
15145,0,29,43,-14
15146,0,3,9,-6
15147,0,13,69,-56
15148,0,3569,4677,-1108
15149,0,65,21,44
15150,0,3209,1385,1824
15151,0,72,135,-63
15152,0,114,327,-213
15153,0,77,142,-65
15154,0,481,165,316
15155,0,973,302,671
15156,0,67,74,-7
15157,0,399,453,-54
15158,0,67,45,22
15159,0,192,90,102
15160,0,79,130,-51
15161,0,605,836,-231
15162,0,11741,14884,-3143
15163,0,1439,3888,-2449
15165,0,51,97,-46
15166,0,13,1,12
15167,0,120,52,68
15168,0,18,33,-15
15169,0,28,54,-26
15170,0,7,50,-43
15171,0,279,234,45
15172,0,3862,5344,-1482
15173,0,114,393,-279
15174,0,21,46,-25
15175,0,20,26,-6
15176,0,112,1131,-1019
15177,0,924,110,814
15178,0,5,24,-19
15179,0,34,62,-28
15180,0,51,89,-38
15181,0,45,18,27
15182,0,33,30,3
15183,0,143,221,-78
15184,0,27,39,-12
15185,0,99,90,9
15186,0,2025,1757,268
15187,0,27,7,20
15188,0,64,32,32
15189,0,1962,731,1231
15190,0,2,1,1
15191,0,35,7,28
15192,0,54,88,-34
15193,0,886,1025,-139
15194,0,33,134,-101
15195,0,172,76,96
15196,0,59,152,-93
15197,0,28,59,-31
15198,0,95,60,35
15199,0,8576,2207,6369
15200,0,1379,1379,0
15201,0,459,142,317
15202,0,147,236,-89
15203,0,15,2,13
15204,0,35,94,-59
15205,0,300,615,-315
15206,0,344,144,200
15207,0,1189,1108,81
15208,0,43,38,5
15209,0,567,1651,-1084
15210,0,48,70,-22
15211,0,5,19,-14
15212,0,37,85,-48
15213,0,49,73,-24
15215,0,43,22,21
15216,0,113,492,-379
15217,0,485,241,244
15218,0,120,459,-339
15219,0,51,78,-27
15220,0,66,17,49
15221,0,21,6,15
15222,0,18,30,-12
15223,0,5,18,-13
15224,0,21,159,-138
15225,0,2616,3674,-1058
15226,0,11,19,-8
15227,0,56,53,3
15228,0,394,346,48
15229,0,72,51,21
15230,0,16,10,6
15231,0,49,50,-1
15232,0,1,8,-7
15233,0,24,11,13
15234,0,62,40,22
15235,0,28,46,-18
15236,0,185,172,13
15237,0,106,140,-34
15238,0,167,273,-106
15239,0,7,18,-11
15240,0,147,141,6
15241,0,146,193,-47
15242,0,24,15,9
15243,0,8,31,-23
15244,0,179,84,95
15245,0,39,68,-29
15246,0,11,47,-36
15247,0,44,64,-20
15248,0,47,133,-86
15249,0,1554,2882,-1328
15250,0,331,197,134
15251,0,75,47,28
15252,0,14076,15361,-1285
15253,0,91,29,62
15254,0,13,19,-6
15256,0,9,12,-3
15257,0,140,461,-321
15258,0,20,24,-4
15259,0,3445,1904,1541
15261,0,59,4,55
15262,0,15,41,-26
15263,0,330,279,51
15264,0,163,48,115
15265,0,190,77,113
15266,0,7287,5479,1808
15267,0,2,31,-29
15268,0,21,45,-24
15269,0,6,13,-7
15270,0,450,177,273
15271,0,505,2505,-2000
15272,0,16,83,-67
15273,0,20,75,-55
15274,0,88,160,-72
15275,0,34,56,-22
15276,0,4,13,-9
15277,0,492,2247,-1755
15278,0,6,2,4
15279,0,7,34,-27
15280,0,6,16,-10
15281,0,11,48,-37
15282,0,74,156,-82
15284,0,17,14,3
15285,0,12,20,-8
15286,0,50,76,-26
15287,0,132,66,66
15288,0,28,13,15
15289,0,94,278,-184
15290,0,37,18,19
15291,0,25,3,22
15293,0,21,18,3
15294,0,18,74,-56
15295,0,118,45,73
15296,0,48,51,-3
15297,0,179,40,139
15298,0,6044,8047,-2003
15299,0,1294,962,332
15300,0,1387,1773,-386
15301,0,342,128,214
15302,0,3831,3706,125
15303,0,45,61,-16
15304,0,182,282,-100
15305,0,12,7,5
15306,0,260,227,33
15307,0,71,28,43
15308,0,9,13,-4
15310,0,38,88,-50
15311,0,47,8,39
15312,0,151,787,-636
15313,0,98,48,50
15314,0,19,14,5
15315,0,1,39,-38
15316,0,2,3,-1
15317,0,249,124,125
15318,0,3267,7626,-4359
15319,0,47,23,24
15320,0,46,72,-26
15321,0,38,46,-8
15322,0,98,47,51
15323,0,8692,11661,-2969
15324,0,3,4,-1
15325,0,73,87,-14
15326,0,2,1,1
15327,0,677,147,530
15328,0,249,470,-221
15329,0,10,31,-21
15330,0,515,441,74
15331,0,106,111,-5
15332,0,21,6,15
15333,0,102,144,-42
15334,0,23,42,-19
15336,0,24,43,-19
15337,0,151,107,44
15338,0,53,29,24
15339,0,6,11,-5
15340,0,130,156,-26
15341,0,50,40,10
15342,0,248,112,136
15343,0,18,84,-66
15344,0,33,144,-111
15345,0,1,30,-29
15346,0,342,1134,-792
15347,0,61,33,28
15348,0,10,39,-29
15349,0,543,935,-392
15350,0,715,947,-232
15351,0,209,155,54
15353,0,3038,2140,898
15354,0,2,71,-69
15355,0,149,97,52
15356,0,5114,5698,-584
15357,0,19,16,3
15358,0,360,1006,-646
15359,0,988,1552,-564
15360,0,37,396,-359
15361,0,59,117,-58
15362,0,1,12,-11
15363,0,10,17,-7
15364,0,199,435,-236
15365,0,30,34,-4
15366,0,30,2,28
15367,0,309,224,85
15368,0,1010,519,491
15369,0,65,84,-19
15370,0,16,13,3
15371,0,33,8,25
15372,0,76,400,-324
15373,0,2,3,-1
15375,0,167,7,160
15376,0,141,30,111
15377,0,452,187,265
15378,0,234,93,141
15379,0,7,21,-14
15380,0,84,415,-331
15381,0,12,24,-12
15382,0,81,298,-217
15383,0,9,39,-30
15384,0,12,9,3
15385,0,145,142,3
15386,0,157,137,20
15387,0,21,21,0
15388,0,119,135,-16
15389,0,186,368,-182
15390,0,38,93,-55
15391,0,549,912,-363
15392,0,1,10,-9
15393,0,18,8,10
15394,0,172,23,149
15395,0,1531,308,1223
15396,0,397,218,179
15397,0,8,82,-74
15398,0,166,424,-258
15399,0,111,147,-36
15400,0,11,30,-19
15401,0,642,177,465
15402,0,7339,88,7251
15403,0,95,17,78
15404,0,13,2,11
15405,0,8,7,1
15406,0,5,10,-5
15407,0,9910,10928,-1018
15408,0,147,212,-65
15409,0,469,2097,-1628
15410,0,1,22,-21
15411,0,35,73,-38
15412,0,64,49,15
15413,0,62,2,60
15414,0,154,37,117
15415,0,3,12,-9
15416,0,329,255,74
15417,0,29,256,-227
15418,0,26,35,-9
15419,0,14,24,-10
15420,0,10,29,-19
15421,0,54,184,-130
15422,0,24,17,7
15423,0,73,157,-84
15424,0,95,340,-245
15425,0,23,2,21
15426,0,245,155,90
15428,0,30,30,0
15429,0,12,16,-4
15430,0,11265,1577,9688
15431,0,592,266,326
15432,0,133,194,-61
15433,0,227,297,-70
15434,0,262,285,-23
15435,0,2,82,-80
15436,0,37,51,-14
15437,0,156,203,-47
15438,0,5499,3495,2004
15439,0,46,10,36
15440,0,549,1092,-543
15441,0,142,96,46
15442,0,549,1003,-454
15443,0,4184,2740,1444
15444,0,2,3,-1
15445,0,80,41,39
15446,0,3,25,-22
15447,0,1,1,0
15448,0,15,43,-28
15449,0,14,18,-4
15450,0,14,15,-1
15451,0,19,24,-5
15452,0,401,114,287
15453,0,200,116,84
15455,0,21,71,-50
15456,0,601,210,391
15458,0,15,14,1
15459,0,2988,2144,844
15460,0,24,111,-87
15461,0,11,17,-6
15462,0,135,304,-169
15463,0,13,46,-33
15464,0,10,7,3
15465,0,776,2375,-1599
15466,0,321,487,-166
15467,0,59,24,35
15468,0,11,53,-42
15469,0,13,18,-5
15470,0,1292,2161,-869
15472,0,52,20,32
15473,0,513,273,240
15474,0,10,207,-197
15475,0,26,21,5
15476,0,302,574,-272
15477,0,556,941,-385
15479,0,37,133,-96
15480,0,126,23,103
15481,0,104,61,43
15482,0,36,1,35
15483,0,127,69,58
15484,0,20,50,-30
15485,0,139,68,71
15486,0,797,161,636
15487,0,52,84,-32
15488,0,84,410,-326
15489,0,12,35,-23
15490,0,12,3,9
15491,0,49,115,-66
15492,0,1,6,-5
15493,0,489,249,240
15494,0,67,26,41
15495,0,18,18,0
15496,0,155,124,31
15497,0,31,16,15
15498,0,52,86,-34
15499,0,11,1,10
15500,0,64,377,-313
15501,0,6,29,-23
15502,0,5,18,-13
15503,0,10,27,-17
15504,0,40,15,25
15505,0,392,260,132
15506,0,55,87,-32
15507,0,691,878,-187
15508,0,11,9,2
15509,0,29,33,-4
15510,0,8,16,-8
15511,0,14,15,-1
15512,0,212,400,-188
15513,0,34,6,28
15514,0,30,157,-127
15515,0,72,137,-65
15516,0,322665,329408,-6743
15517,0,2044,2004,40
15518,0,1043,1977,-934
15519,0,541,153,388
15520,0,41,14,27
15521,0,704,1233,-529
15523,0,5,1,4
15524,0,105,97,8
15525,0,91,106,-15
15526,0,2084,4762,-2678
15527,0,2,46,-44
15529,0,164,412,-248
15530,0,24,27,-3
15531,0,2176,1015,1161
15533,0,74,84,-10
15534,0,62,115,-53
15535,0,57,276,-219
15536,0,375,713,-338
15537,0,176,214,-38
15538,0,210,220,-10
15539,0,37,51,-14
15540,0,16,19,-3
15541,0,12,24,-12
15542,0,805,1085,-280
15543,0,37,11,26
15544,0,9,2,7
15545,0,830,835,-5
15546,0,28,27,1
15547,0,18,53,-35
15548,0,7,9,-2
15549,0,13,44,-31
15550,0,60,49,11
15551,0,2667,3789,-1122
15553,0,227,190,37
15554,0,389,337,52
15555,0,15,37,-22
15556,0,309,87,222
15557,0,206,203,3
15558,0,3,5,-2
15559,0,6,22,-16
15560,0,169,84,85
15561,0,661,253,408
15562,0,43,96,-53
15563,0,13,86,-73
15564,0,79,213,-134
15566,0,26,11,15
15567,0,17,14,3
15568,0,4,12,-8
15569,0,4,82,-78
15570,0,1976,1114,862
15571,0,2293,1767,526
15572,0,4726,4996,-270
15574,0,24,46,-22
15575,0,1,3,-2
15576,0,4,7,-3
15577,0,273,126,147
15578,0,9,1,8
15580,0,95,252,-157
15581,0,24,8,16
15582,0,376,171,205
15583,0,39,51,-12
15584,0,26,18,8
15585,0,2,14,-12
15586,0,182,44,138
15587,0,149,56,93
15588,0,389,397,-8
15589,0,69,22,47
15590,0,145,472,-327
15591,0,2224,4517,-2293
15592,0,171,80,91
15593,0,177,876,-699
15596,0,18,36,-18
15597,0,32,105,-73
15598,0,5461,2718,2743
15599,0,16,49,-33
15600,0,24,34,-10
15601,0,30,31,-1
15602,0,160,303,-143
15603,0,24,99,-75
15604,0,20,7,13
15605,0,4,9,-5
15606,0,1,4,-3
15607,0,24,26,-2
15608,0,37,5,32
15609,0,218,55,163
15610,0,1,8,-7
15611,0,47,97,-50
15612,0,24,8,16
15613,0,57,59,-2
15614,0,699,1560,-861
15615,0,34,67,-33
15616,0,215,142,73
15617,0,102,21,81
15618,0,1,13,-12
15619,0,59,30,29
15620,0,18,11,7
15621,0,1308,975,333
15622,0,9,13,-4
15623,0,7,2,5
15624,0,219,412,-193
15625,0,7,2,5
15626,0,22,35,-13
15627,0,21,48,-27
15628,0,4,23,-19
15629,0,451,341,110
15630,0,7,22,-15
15632,0,1,5,-4
15634,0,3329,3385,-56
15635,0,745,1198,-453
15636,0,13,20,-7
15637,0,9,57,-48
15638,0,111,59,52
15639,0,2883,5081,-2198
15640,0,39,129,-90
15641,0,785,548,237
15642,0,17,14,3
15643,0,107,112,-5
15644,0,3,6,-3
15645,0,96,10,86
15646,0,10,11,-1
15647,0,125,433,-308
15648,0,69,84,-15
15650,0,29,29,0
15651,0,4,77,-73
15652,0,8,14,-6
15653,0,2,34,-32
15654,0,29,33,-4
15655,0,7,45,-38
15656,0,17,151,-134
15657,0,30,28,2
15658,0,72,958,-886
15659,0,111,214,-103
15661,0,50,25,25
15662,0,17,133,-116
15663,0,70,40,30
15664,0,169,76,93
15665,0,37,53,-16
15666,0,26,10,16
15667,0,12,2,10
15668,0,1480,1997,-517
15669,0,29,43,-14
15670,0,10,22,-12
15671,0,84,218,-134
15672,0,107,65,42
15673,0,5,75,-70
15674,0,2,1,1
15675,0,139,209,-70
15676,0,35,31,4
15677,0,67,84,-17
15678,0,31,113,-82
15679,0,19,5,14
15680,0,14,3,11
15681,0,415,78,337
15682,0,70,191,-121
15683,0,180,301,-121
15684,0,200,83,117
15685,0,2,3,-1
15686,0,93,5807,-5714
15687,0,41,118,-77
15688,0,419,461,-42
15689,0,184,76,108
15690,0,22,34,-12
15691,0,8,57,-49
15692,0,20,71,-51
15693,0,27,21,6
15694,0,7,1,6
15695,0,83,41,42
15696,0,27,89,-62
15697,0,8,20,-12
15699,0,2,11,-9
15700,0,35,13,22
15701,0,69,32,37
15702,0,3,2,1
15703,0,16,1,15
15704,0,43,19,24
15705,0,233,130,103
15706,0,2604,253,2351
15707,0,821,2754,-1933
15708,0,2,26,-24
15709,0,2495,3280,-785
15710,0,505,603,-98
15711,0,259,578,-319
15712,0,259,410,-151
15713,0,20,45,-25
15714,0,10696,6803,3893
15715,0,5,33,-28
15716,0,5,27,-22
15717,0,24,4,20
15718,0,174,214,-40
15719,0,21,36,-15
15721,0,47,53,-6
15722,0,419,2539,-2120
15723,0,703,922,-219
15724,0,18,62,-44
15725,0,358,270,88
15726,0,83,220,-137
15727,0,69,277,-208
15728,0,191,180,11
15729,0,464,471,-7
15731,0,2,3,-1
15732,0,4,2,2
15733,0,1,2,-1
15734,0,184,454,-270
15735,0,115,108,7
15736,0,2462,3212,-750
15737,0,1917,331,1586
15738,0,633,426,207
15739,0,1793,4077,-2284
15740,0,20,26,-6
15741,0,110,127,-17
15742,0,323,104,219
15744,0,442,342,100
15745,0,2077,2095,-18
15746,0,830,512,318
15747,0,312,166,146
15748,0,251,1473,-1222
15749,0,74,133,-59
15750,0,47,25,22
15751,0,364,289,75
15752,0,5,19,-14
15753,0,33,56,-23
15755,0,4,4,0
15756,0,62,45,17
15757,0,5,20,-15
15758,0,22,1,21
15759,0,348,258,90
15760,0,1,27,-26
15761,0,184,71,113
15762,0,27,25,2
15763,0,458,509,-51
15764,0,1281,2727,-1446
15766,0,26,8,18
15767,0,178,164,14
15768,0,91,88,3
15769,0,10,20,-10
15770,0,3,7,-4
15771,0,29,26,3
15772,0,130,80,50
15773,0,65,147,-82
15774,0,21,20,1
15775,0,19,107,-88
15776,0,340,103,237
15777,0,14,11,3
15778,0,10,16,-6
15780,0,29,23,6
15782,0,617,869,-252
15783,0,75,7,68
15784,0,183,95,88
15785,0,101,22,79
15786,0,312,93,219
15787,0,203,3,200
15788,0,64,122,-58
15789,0,16,8,8
15790,0,274,89,185
15791,0,160,156,4
15792,0,43,77,-34
15793,0,30,35,-5
15794,0,31,20,11
15795,0,9,77,-68
15796,0,25,67,-42
15797,0,33,62,-29
15798,0,206,105,101
15799,0,76,60,16
15800,0,65,105,-40
15801,0,28,844,-816
15802,0,1985,3193,-1208
15803,0,420,392,28
15804,0,5,23,-18
15805,0,34,151,-117
15806,0,3,35,-32
15807,0,31,13,18
15808,0,273,484,-211
15810,0,136,240,-104
15811,0,39,12,27
15812,0,2,17,-15
15813,0,44,59,-15
15814,0,10,12,-2
15816,0,20,14,6
15817,0,60,21,39
15818,0,49,134,-85
15819,0,78,340,-262
15820,0,1,21,-20
15821,0,34,164,-130
15822,0,6,34,-28
15823,0,10,9,1
15824,0,7,47,-40
15825,0,289,132,157
15826,0,220,183,37
15827,0,2294,636,1658
15828,0,127,127,0
15829,0,10,11,-1
15830,0,24,14,10
15831,0,57,11,46
15832,0,344,192,152
15833,0,159,60,99
15834,0,1,62,-61
15835,0,153,127,26
15836,0,583,463,120
15837,0,174,109,65
15838,0,40,105,-65
15839,0,46,35,11
15840,0,229,61,168
15841,0,10,12,-2
15842,0,36,59,-23
15843,0,131,138,-7
15844,0,36,95,-59
15845,0,16,7,9
15846,0,58,45,13
15847,0,1,57,-56
15848,0,3861,5634,-1773
15849,0,25,41,-16
15850,0,44,24,20
15851,0,15,18,-3
15852,0,11,67,-56
15853,0,33,44,-11
15854,0,5692,3218,2474
15855,0,25,18,7
15857,0,77,88,-11
15858,0,1472,1430,42
15859,0,65,156,-91
15860,0,8,7,1
15861,0,183,203,-20
15862,0,1568,1379,189
15863,0,60,102,-42
15864,0,118,15,103
15866,0,61,543,-482
15867,0,34,174,-140
15868,0,15,80,-65
15869,0,5776,9000,-3224
15870,0,25,71,-46
15871,0,9,13,-4
15872,0,7,14,-7
15873,0,24,94,-70
15874,0,45,79,-34
15875,0,3479,4656,-1177
15876,0,106,53,53
15877,0,20,13,7
15878,0,79,38,41
15879,0,21,52,-31
15880,0,202,213,-11
15881,0,34,17,17
15882,0,494,789,-295
15883,0,47,4,43
15886,0,2,4,-2
15887,0,29,27,2
15888,0,64,38,26
15889,0,4260,8104,-3844
15891,0,41,38,3
15892,0,11,7,4
15893,0,7140,7233,-93
15894,0,21,24,-3
15895,0,136,10,126
15896,0,7,18,-11
15897,0,1447,2508,-1061
15898,0,132,144,-12
15899,0,203,206,-3
15900,0,31,67,-36
15901,0,206,246,-40
15902,0,123,195,-72
15903,0,17,134,-117
15904,0,70,66,4
15905,0,5,13,-8
15906,0,62,96,-34
15907,0,122,445,-323
15908,0,200,212,-12
15909,0,407,177,230
15910,0,127,192,-65
15911,0,5,4,1
15912,0,29,43,-14
15913,0,34,235,-201
15914,0,72,24,48
15915,0,14,2,12
15916,0,41,18,23
15917,0,48,335,-287
15918,0,36,76,-40
15919,0,4179,3324,855
15920,0,13,31,-18
15921,0,21,50,-29
15922,0,14,17,-3
15924,0,214,332,-118
15925,0,5,99,-94
15926,0,1,1,0
15927,0,24,43,-19
15928,0,82,89,-7
15929,0,57,80,-23
15930,0,40,100,-60
15931,0,5,7,-2
15932,0,3,1,2
15933,0,22,34,-12
15934,0,3,27,-24
15935,0,10,10,0
15936,0,502,74,428
15937,0,43,93,-50
15938,0,3942,4406,-464
15939,0,233,441,-208
15940,0,1378,999,379
15941,0,437,693,-256
15942,0,91,42,49
15943,0,242,152,90
15944,0,115,161,-46
15945,0,383,1096,-713
15946,0,144,139,5
15947,0,80,127,-47
15948,0,7,51,-44
15949,0,9,7,2
15950,0,221,340,-119
15951,0,82,72,10
15952,0,40,70,-30
15953,0,256,265,-9
15954,0,10,0,10
15955,0,23,16,7
15956,0,1,5,-4
15958,0,622,412,210
15960,0,106,184,-78
15961,0,371,201,170
15963,0,3,14,-11
15964,0,39,23,16
15965,0,28,59,-31
15966,0,40,61,-21
15967,0,92,82,10
15968,0,9,1,8
15969,0,513,197,316
15970,0,114,200,-86
15971,0,90,120,-30
15972,0,286,323,-37
15973,0,1,8,-7
15975,0,20,1,19
15976,0,42,19,23
15977,0,3,3,0
15978,0,47,37,10
15979,0,26,35,-9
15980,0,17,17,0
15981,0,214,115,99
15982,0,57,67,-10
15983,0,89,292,-203
15984,0,29,19,10
15985,0,780,1553,-773
15986,0,135,808,-673
15987,0,595,994,-399
15988,0,79,75,4
15989,0,167,36,131
15990,0,479,529,-50
15991,0,16,7,9
15992,0,1682,393,1289
15993,0,5,42,-37
15994,0,13,10,3
15995,0,2333,5205,-2872
15996,0,13,23,-10
15997,0,19,36,-17
15998,0,118,22,96
15999,0,9456,18234,-8778
16000,0,22,28,-6
16001,0,8403,245,8158
16002,0,62,66,-4
16003,0,636,207,429
16004,0,3,15,-12
16005,0,78,377,-299
16006,0,16024,17627,-1603
16007,0,343,221,122
16008,0,146,212,-66
16009,0,138,13,125
16010,0,34,12,22
16011,0,651,5622,-4971
16012,0,9,68,-59
16013,0,243,121,122
16014,0,17,8,9
16016,0,69,64,5
16017,0,24,7,17
16018,0,15,32,-17
16019,0,40,70,-30
16021,0,15,10,5
16022,0,29,100,-71
16023,0,93,231,-138
16024,0,252,211,41
16025,0,1485,2361,-876
16026,0,18117,227957,-209840
16027,0,182,128,54
16028,0,26,34,-8
16030,0,6,21,-15
16031,0,286,76,210
16032,0,607,577,30
16033,0,37,19,18
16034,0,4120,3683,437
16035,0,1,8,-7
16036,0,39,93,-54
16037,0,11,269,-258
16039,0,21485,5202,16283
16040,0,509,1360,-851
16041,0,12,17,-5
16042,0,439,859,-420
16043,0,2,73,-71
16044,0,15,9,6
16045,0,78,199,-121
16046,0,26,24,2
16047,0,9040,7026,2014
16048,0,36,37,-1
16049,0,56,92,-36
16050,0,748,653,95
16051,0,11,33,-22
16052,0,67,132,-65
16053,0,4,50,-46
16054,0,1588,1956,-368
16055,0,749,1140,-391
16056,0,10,12,-2
16057,0,41,4,37
16058,0,19,31,-12
16059,0,328,68,260
16060,0,70,34,36
16061,0,103,83,20
16062,0,154,108,46
16063,0,97,275,-178
16065,0,33,35,-2
16066,0,237,406,-169
16067,0,26,43,-17
16068,0,20,23,-3
16069,0,422,181,241
16070,0,44,248,-204
16072,0,1165,1434,-269
16073,0,3600,3992,-392
16074,0,89,41,48
16075,0,51,45,6
16076,0,462,140,322
16077,0,26,79,-53
16078,0,104,190,-86
16079,0,201,330,-129
16080,0,54,32,22
16081,0,365,371,-6
16082,0,9,17,-8
16083,0,200,72,128
16084,0,480,435,45
16085,0,332,372,-40
16086,0,20,74,-54
16087,0,43,40,3
16089,0,7,52,-45
16090,0,453,1095,-642
16091,0,3669,6841,-3172
16092,0,617,1380,-763
16093,0,7,16,-9
16094,0,119,172,-53
16095,0,70,107,-37
16096,0,15,36,-21
16097,0,41,36,5
16098,0,343,166,177
16099,0,14,69,-55
16101,0,166,180,-14
16102,0,8,14,-6
16103,0,1561,413,1148
16104,0,12,12,0
16105,0,1284,1960,-676
16106,0,64,9,55
16107,0,110,117,-7
16108,0,66,103,-37
16109,0,19,15,4
16111,0,9,32,-23
16112,0,16,33,-17
16113,0,502,184,318
16114,0,41,69,-28
16115,0,113,156,-43
16116,0,3707,3281,426
16117,0,1430,1600,-170
16118,0,58,77,-19
16119,0,45,18,27
16121,0,13,132,-119
16122,0,22,120,-98
16123,0,1,1,0
16124,0,4,0,4
16125,0,74,139,-65
16127,0,54,29,25
16128,0,63,28,35
16129,0,37,1,36
16130,0,4,19,-15
16131,0,46,23,23
16132,0,771,774,-3
16133,0,49,44,5
16134,0,24,132,-108
16135,0,261,300,-39
16136,0,163,317,-154
16137,0,335,612,-277
16138,0,12,5,7
16139,0,178,1021,-843
16140,0,14,14,0
16141,0,51,70,-19
16142,0,6,7,-1
16143,0,27,82,-55
16144,0,929,3119,-2190
16145,0,10,12,-2
16146,0,17,132,-115
16147,0,44,18,26
16148,0,8,15,-7
16149,0,7989,8167,-178
16150,0,52,29,23
16151,0,141,307,-166
16152,0,33,66,-33
16153,0,21,21,0
16154,0,9,3,6
16155,0,23,92,-69
16156,0,93,59,34
16157,0,28,26,2
16159,0,127,147,-20
16160,0,26,11,15
16161,0,10,22,-12
16162,0,92,38,54
16163,0,75,78,-3
16164,0,6343,10843,-4500
16165,0,16528,222605,-206077
16166,0,236,44,192
16167,0,42,332,-290
16168,0,55,148,-93
16169,0,7,15,-8
16170,0,85,99,-14
16171,0,10,9,1
16172,0,26,56,-30
16173,0,62,134,-72
16174,0,638,975,-337
16175,0,14,22,-8
16176,0,14,104,-90
16177,0,15,13,2
16178,0,515,279,236
16179,0,3,10,-7
16180,0,91,47,44
16181,0,161,694,-533
16182,0,174,166,8
16183,0,14166,16829,-2663
16184,0,11,26,-15
16185,0,162,891,-729
16186,0,62,227,-165
16187,0,1707,2413,-706
16188,0,254,61,193
16189,0,61,111,-50
16190,0,50,25,25
16192,0,19,19,0
16194,0,146,44,102
16195,0,130,50,80
16197,0,47,32,15
16198,0,30,13,17
16200,0,12,17,-5
16201,0,2528,1859,669
16202,0,42,43,-1
16203,0,36,39,-3
16204,0,4,6,-2
16205,0,172,187,-15
16206,0,1556,1421,135
16207,0,9,47,-38
16208,0,217,25,192
16209,0,77,39,38
16210,0,11,33,-22
16211,0,34,32,2
16212,0,22,146,-124
16213,0,37,28,9
16214,0,56,28,28
16215,0,873,903,-30
16216,0,935,1052,-117
16217,0,105,91,14
16218,0,105,134,-29
16219,0,2,9,-7
16220,0,238,216,22
16221,0,7,14,-7
16222,0,23,16,7
16223,0,42,46,-4
16224,0,48,61,-13
16225,0,4,24,-20
16226,0,1,20,-19
16227,0,21,10,11
16228,0,3,38,-35
16229,0,228,54,174
16230,0,250,13,237
16231,0,12,18,-6
16232,0,6,74,-68
16233,0,97,64,33
16234,0,11321,7465,3856
16235,0,1395,298,1097
16236,0,100,139,-39
16237,0,109,122,-13
16238,0,9207,10820,-1613
16239,0,92,10,82
16240,0,7,15,-8
16241,0,12,30,-18
16242,0,55,113,-58
16243,0,103,29,74
16244,0,4,5,-1
16246,0,87,49,38
16247,0,8,208,-200
16248,0,1877,2328,-451
16249,0,5,8,-3
16250,0,4,6,-2
16251,0,6,135,-129
16252,0,2,11,-9
16253,0,1,4,-3
16254,0,2178,801,1377
16255,0,147,247,-100
16256,0,31,23,8
16257,0,13,14,-1
16258,0,44,46,-2
16259,0,508,571,-63
16260,0,8,2,6
16261,0,28,43,-15
16262,0,68,399,-331
16263,0,16,45,-29
16264,0,2,9,-7
16265,0,17,55,-38
16266,0,674,1453,-779
16267,0,98,116,-18
16268,0,106,15,91
16269,0,49,103,-54
16270,0,28,9,19
16271,0,12,80,-68
16272,0,3,8,-5
16273,0,77,98,-21
16274,0,38,44,-6
16275,0,374,55,319
16276,0,1288,326,962
16277,0,5620,5522,98
16278,0,787,1182,-395
16279,0,369,531,-162
16280,0,46,436,-390
16281,0,2,5,-3
16282,0,100,3,97
16283,0,10,35,-25
16284,0,65,178,-113
16285,0,29,87,-58
16286,0,77,170,-93
16287,0,121,135,-14
16288,0,11,16,-5
16289,0,173,92,81
16290,0,2875,3172,-297
16291,0,4,11,-7
16293,0,767,488,279
16294,0,1751,2071,-320
16295,0,1181,834,347
16296,0,17049,20791,-3742
16297,0,18,139,-121
16298,0,77,48,29
16300,0,139,97,42
16301,0,8,3,5
16302,0,2386,356,2030
16303,0,65,21,44
16304,0,581,572,9
16305,0,43,55,-12
16306,0,1723,872,851
16307,0,40,30,10
16308,0,32,154,-122
16309,0,57,79,-22
16310,0,1287,554,733
16311,0,29,25,4
16312,0,53,4,49
16313,0,7,9,-2
16314,0,17,30,-13
16315,0,299,159,140
16316,0,182,13,169
16317,0,1092,216,876
16318,0,1,2,-1
16320,0,470,2250,-1780
16321,0,211,214,-3
16322,0,72,130,-58
16323,0,14,19,-5
16324,0,6,3,3
16325,0,155,298,-143
16326,0,4877,4035,842
16327,0,92,65,27
16328,0,320,298,22
16329,0,200,406,-206
16330,0,15,13,2
16331,0,18,25,-7
16332,0,445,339,106
16333,0,25,27,-2
16335,0,1209,458,751
16336,0,2907,3079,-172
16337,0,56,68,-12
16339,0,9,35,-26
16340,0,257,205,52
16341,0,14,3,11
16342,0,227,191,36
16343,0,122,227,-105
16344,0,3956,989,2967
16345,0,1224,35,1189
16346,0,13,4,9
16347,0,12,11,1
16348,0,43,125,-82
16349,0,5,7,-2
16350,0,40,496,-456
16351,0,62,23,39
16352,0,16,33,-17
16353,0,276,156,120
16354,0,17,48,-31
16355,0,8,63,-55
16356,0,303,89,214
16357,0,80,38,42
16358,0,8,6,2
16359,0,141,187,-46
16360,0,216,41,175
16362,0,28,269,-241
16364,0,135,26,109
16365,0,46,32,14
16366,0,32,10,22
16367,0,3,4,-1
16368,0,1,1,0
16369,0,213,247,-34
16370,0,98,122,-24
16371,0,3,15,-12
16372,0,4065,2102,1963
16373,0,4,7,-3
16374,0,9859,3305,6554
16375,0,14,24,-10
16376,0,5,6,-1
16377,0,33,101,-68
16378,0,20,31,-11
16380,0,716,958,-242
16381,0,611,249,362
16383,0,42,40,2
16384,0,7,2,5
16385,0,2946,2955,-9
16386,0,112,56,56
16387,0,21,35,-14
16388,0,9,22,-13
16389,0,57,1744,-1687
16390,0,10,10,0
16391,0,16,24,-8
16393,0,76,32,44
16394,0,35,116,-81
16395,0,157,68,89
16397,0,1,35,-34
16398,0,26,47,-21
16399,0,11,12,-1
16400,0,38,68,-30
16401,0,25,1,24
16402,0,144,128,16
16403,0,515,1040,-525
16404,0,36,4,32
16405,0,288,37,251
16406,0,53,292,-239
16409,0,204,234,-30
16411,0,700,624,76
16412,0,85,62,23
16413,0,235,153,82
16414,0,30,23,7
16416,0,1100,1414,-314
16417,0,6,16,-10
16418,0,54,28,26
16419,0,61,78,-17
16421,0,39,38,1
16422,0,65,92,-27
16423,0,6,2,4
16424,0,20,63,-43
16425,0,467,1868,-1401
16426,0,255,51,204
16427,0,61,20,41
16428,0,9,1,8
16429,0,15,38,-23
16430,0,24,1,23
16431,0,33,26,7
16432,0,670,63,607
16433,0,29,19,10
16435,0,3,21,-18
16436,0,57,50,7
16437,0,2766,2488,278
16440,0,38,47,-9
16441,0,6073,10662,-4589
16442,0,11547,11778,-231
16444,0,517,2146,-1629
16445,0,596,1407,-811
16446,0,16,31,-15
16447,0,603,673,-70
16449,0,34,52,-18
16450,0,40,30,10
16451,0,63,73,-10
16452,0,138,61,77
16453,0,171,108,63
16454,0,118,119,-1
16455,0,7,10,-3
16456,0,3,31,-28
16457,0,86,50,36
16458,0,3,3,0
16459,0,63,102,-39
16460,0,402,551,-149
16461,0,30,11,19
16462,0,6,11,-5
16463,0,6,24,-18
16464,0,9,10,-1
16465,0,153,73,80
16466,0,293,210,83
16467,0,1,36,-35
16469,0,29,642,-613
16470,0,21152,8796,12356
16471,0,12,10,2
16472,0,29,18,11
16473,0,151,29,122
16474,0,17,9,8
16475,0,10,20,-10
16476,0,321,237,84
16477,0,11,40,-29
16478,0,20,44,-24
16479,0,100,102,-2
16481,0,67,8,59
16482,0,218,170,48
16483,0,7,7,0
16484,0,10,38,-28
16485,0,26,69,-43
16486,0,1671,632,1039
16487,0,16,69,-53
16488,0,30,61,-31
16490,0,9,68,-59
16491,0,382,664,-282
16492,0,25,28,-3
16493,0,3,23,-20
16494,0,10,42,-32
16495,0,11,11,0
16496,0,5,65,-60
16497,0,26,9,17
16498,0,22,9,13
16499,0,3237,6931,-3694
16500,0,41,130,-89
16501,0,1662,853,809
16502,0,28,71,-43
16503,0,494,303,191
16504,0,140,141,-1
16505,0,37,42,-5
16506,0,21,44,-23
16507,0,79,31,48
16508,0,976,2250,-1274
16509,0,1,42,-41
16510,0,17,24,-7
16511,0,3,12,-9
16512,0,423,135,288
16513,0,110,91,19
16514,0,29,27,2
16515,0,17,23,-6
16516,0,90,297,-207
16517,0,29,7,22
16518,0,114,813,-699
16519,0,16,19,-3
16520,0,12,12,0
16521,0,35,5,30
16522,0,123,258,-135
16523,0,114,88,26
16524,0,347,567,-220
16525,0,10,11,-1
16526,0,79,12,67
16527,0,17,185,-168
16528,0,35,39,-4
16529,0,2522,1132,1390
16530,0,11,135,-124
16531,0,5,11,-6
16532,0,1419,727,692
16533,0,16,11,5
16535,0,2,7,-5
16536,0,122,81,41
16537,0,21,2,19
16538,0,47,24,23
16539,0,208,121,87
16540,0,95,146,-51
16541,0,12,27,-15
16542,0,36,79,-43
16543,0,359,234,125
16544,0,107,115,-8
16546,0,99,77,22
16547,0,193,199,-6
16548,0,13,16,-3
16549,0,159,133,26
16550,0,2,3,-1
16551,0,1025,796,229
16552,0,133,49,84
16553,0,78,77,1
16554,0,11,96,-85
16555,0,13,10,3
16556,0,14,83,-69
16557,0,449,493,-44
16558,0,5,10,-5
16559,0,123,147,-24
16560,0,30,32,-2
16561,0,798,1792,-994
16562,0,94,309,-215
16563,0,97,32,65
16564,0,19,9,10
16565,0,21,8,13
16566,0,20,4,16
16567,0,979,896,83
16568,0,26,53,-27
16569,0,203,303,-100
16571,0,6,25,-19
16572,0,107,132,-25
16573,0,4,3,1
16574,0,229,202,27
16575,0,8,1,7
16576,0,60,126,-66
16577,0,1351,1649,-298
16578,0,57,57,0
16580,0,378,596,-218
16582,0,68,59,9
16583,0,76,75,1
16584,0,18,52,-34
16585,0,130,47,83
16586,0,29,54,-25
16587,0,53,99,-46
16588,0,377,41,336
16589,0,9,112,-103
16590,0,10,26,-16
16591,0,6,6,0
16592,0,21,25,-4
16593,0,51,617,-566
16594,0,1299,406,893
16595,0,26,16,10
16596,0,1634,479,1155
16597,0,230,560,-330
16598,0,154,184,-30
16599,0,19,23,-4
16600,0,97,306,-209
16601,0,23,29,-6
16602,0,46,76,-30
16603,0,205,183,22
16604,0,113,12,101
16605,0,50,20,30
16606,0,41,2,39
16607,0,51,8,43
16608,0,340,222,118
16609,0,12,68,-56
16610,0,182,304,-122
16611,0,5,9,-4
16612,0,228,2235,-2007
16613,0,62,104,-42
16614,0,44,841,-797
16615,0,30,48,-18
16616,0,5035,3260,1775
16617,0,96,104,-8
16618,0,365,309,56
16619,0,18,104,-86
16620,0,839,521,318
16621,0,2,1,1
16622,0,225,4,221
16623,0,96,323,-227
16624,0,292,171,121
16625,0,3,22,-19
16626,0,4,12,-8
16627,0,95,349,-254
16628,0,41,80,-39
16629,0,23,90,-67
16630,0,26,605,-579
16631,0,1,3,-2
16633,0,168,51,117
16634,0,20,14,6
16635,0,10,9,1
16636,0,109,107,2
16638,0,182,288,-106
16639,0,10,2,8
16640,0,116,75,41
16641,0,79,94,-15
16642,0,896,465,431
16643,0,131,147,-16
16644,0,2145,2615,-470
16645,0,329,237,92
16646,0,2549,932,1617
16647,0,2,21,-19
16648,0,72,45,27
16649,0,138,96,42
16650,0,74,8,66
16651,0,35,29,6
16652,0,22,87,-65
16653,0,2,10,-8
16654,0,15,20,-5
16655,0,1527,1840,-313
16656,0,38,2,36
16657,0,1827,7874,-6047
16658,0,3636,9513,-5877
16659,0,4,57,-53
16660,0,1129,586,543
16661,0,197,185,12
16662,0,3,86,-83
16663,0,74,46,28
16664,0,12,16,-4
16666,0,260,848,-588
16667,0,91,34,57
16668,0,87,132,-45
16669,0,201,127,74
16670,0,2193,2975,-782
16671,0,54,341,-287
16672,0,27,29,-2
16673,0,2217,1317,900
16674,0,91,126,-35
16675,0,18,3,15
16676,0,146,309,-163
16677,0,45,20,25
16678,0,28,83,-55
16679,0,72,47,25
16680,0,174,366,-192
16682,0,89,102,-13
16683,0,22,111,-89
16684,0,70,46,24
16685,0,21,307,-286
16686,0,305,170,135
16687,0,94,106,-12
16688,0,133,315,-182
16689,0,6,4,2
16690,0,71,148,-77
16691,0,11,14,-3
16692,0,298,632,-334
16693,0,167,199,-32
16694,0,8,5,3
16695,0,1238,586,652
16696,0,4799,7201,-2402
16697,0,55,60,-5
16698,0,719,26,693
16699,0,15,218,-203
16700,0,1183,1065,118
16701,0,5,1,4
16702,0,78,45,33
16703,0,7,8,-1
16704,0,27,12,15
16705,0,79,125,-46
16706,0,46,37,9
16707,0,62,10,52
16708,0,83,94,-11
16709,0,72,78,-6
16710,0,185,119,66
16711,0,214,52,162
16712,0,267,132,135
16713,0,11,4,7
16714,0,1,53,-52
16715,0,14,2,12
16716,0,22,16,6
16717,0,401,174,227
16718,0,77,59,18
16719,0,6,30,-24
16720,0,223,638,-415
16721,0,229,857,-628
16722,0,11,16,-5
16723,0,5,16,-11
16724,0,26,27,-1
16725,0,2,3,-1
16726,0,158,125,33
16727,0,53,85,-32
16728,0,129,37,92
16729,0,29,55,-26
16730,0,7,28,-21
16732,0,114,39,75
16733,0,4189,2701,1488
16734,0,833,135,698
16735,0,76,42,34
16736,0,128,558,-430
16737,0,7,35,-28
16738,0,11,29,-18
16739,0,10,22,-12
16740,0,238,134,104
16741,0,37,11,26
16742,0,4,67,-63
16743,0,9509,13015,-3506
16744,0,238,352,-114
16745,0,7986,10479,-2493
16746,0,307,396,-89
16747,0,1590,1328,262
16749,0,196,5,191
16750,0,91,62,29
16751,0,5,30,-25
16752,0,1,12,-11
16754,0,35,61,-26
16755,0,1079,5491,-4412
16756,0,296,449,-153
16757,0,61,48,13
16758,0,130,44,86
16759,0,52,52,0
16760,0,36,11,25
16761,0,8,44,-36
16762,0,1,11,-10
16763,0,79,92,-13
16764,0,62,218,-156
16765,0,493,493,0
16766,0,968,2441,-1473
16767,0,40,25,15
16768,0,19,10,9
16770,0,69,76,-7
16771,0,525,292,233
16772,0,81,71,10
16773,0,7,44,-37
16774,0,241,111,130
16775,0,11,108,-97
16776,0,23,78,-55
16777,0,251,603,-352
16779,0,14,11,3
16780,0,4,17,-13
16781,0,603,806,-203
16783,0,9,37,-28
16784,0,10,10,0
16786,0,78,31,47
16787,0,12,23,-11
16789,0,408,549,-141
16790,0,144,398,-254
16791,0,12,9,3
16792,0,444,448,-4
16793,0,106,438,-332
16794,0,40,69,-29
16795,0,268,388,-120
16796,0,107,47,60
16797,0,128,104,24
16798,0,26,6,20
16799,0,28,21,7
16800,0,760,783,-23
16801,0,560,331,229
16802,0,52,273,-221
16803,0,60,31,29
16804,0,2,10,-8
16805,0,2,55,-53
16806,0,13,2,11
16807,0,22,22,0
16808,0,10,6,4
16809,0,6,4,2
16810,0,45,63,-18
16811,0,578,1142,-564
16813,0,187,318,-131
16814,0,250,136,114
16815,0,83,130,-47
16816,0,44,111,-67
16817,0,223,232,-9
16819,0,82,85,-3
16820,0,20,39,-19
16821,0,56,238,-182
16822,0,24,386,-362
16823,0,8,23,-15
16824,0,3,85,-82
16825,0,801,41,760
16826,0,1,4,-3
16827,0,5834,8518,-2684
16828,0,2102,2973,-871
16829,0,1,16,-15
16830,0,515,1450,-935
16831,0,134,198,-64
16832,0,2884,6600,-3716
16833,0,667,1249,-582
16834,0,152,308,-156
16835,0,17,26,-9
16836,0,18,25,-7
16837,0,195,361,-166
16838,0,200,185,15
16839,0,105,22,83
16840,0,37,67,-30
16841,0,51,109,-58
16842,0,106,214,-108
16843,0,31,22,9
16844,0,717,576,141
16845,0,102,21,81
16846,0,44,92,-48
16847,0,692,1063,-371
16848,0,7,21,-14
16850,0,32,45,-13
16851,0,123,135,-12
16852,0,386,239,147
16853,0,22,18,4
16854,0,26,85,-59
16855,0,133,104,29
16856,0,21,17,4
16857,0,20,6,14
16858,0,13,67,-54
16859,0,621,767,-146
16860,0,21,24,-3
16861,0,55,26,29
16862,0,35,25,10
16863,0,306,431,-125
16864,0,42,98,-56
16865,0,385,1172,-787
16866,0,32,25,7
16867,0,1203,588,615
16868,0,11,16,-5
16869,0,2787,3189,-402
16870,0,23,27,-4
16871,0,4,0,4
16872,0,2,36,-34
16873,0,24,14,10
16874,0,235,280,-45
16875,0,5,16,-11
16876,0,203,133,70
16877,0,1225,1089,136
16878,0,453,661,-208
16879,0,447,186,261
16880,0,72,143,-71
16881,0,46,591,-545
16883,0,88,74,14
16884,0,14,47,-33
16885,0,66,63,3
16886,0,2,17,-15
16887,0,265,64,201
16888,0,55,139,-84
16889,0,76,65,11
16890,0,15,52,-37
16891,0,1026,10,1016
16892,0,569,313,256
16893,0,4569,5399,-830
16894,0,347,2254,-1907
16896,0,20,43,-23
16897,0,469,846,-377
16898,0,12,70,-58
16899,0,12,35,-23
16900,0,13,20,-7
16901,0,239,122,117
16902,0,66,130,-64
16903,0,482,1506,-1024
16904,0,108,73,35
16905,0,21,23,-2
16906,0,51,74,-23
16907,0,275,281,-6
16908,0,59,59,0
16909,0,17,11,6
16910,0,29,31,-2
16911,0,85,32,53
16912,0,22,39,-17
16913,0,139,18,121
16914,0,34,4,30
16915,0,25,52,-27
16916,0,434,761,-327
16917,0,1859,242,1617
16918,0,6,26,-20
16919,0,212,692,-480
16920,0,17,29,-12
16921,0,27,41,-14
16922,0,12,5,7
16923,0,16,16,0
16924,0,3223,1923,1300
16925,0,27,116,-89
16926,0,363,636,-273
16927,0,4,35,-31
16928,0,140,36,104
16929,0,19587,17556,2031
16930,0,56,171,-115
16931,0,100,76,24
16932,0,9,5,4
16933,0,30,9,21
16934,0,5502,1221,4281
16935,0,198,326,-128
16936,0,43,37,6
16937,0,53,154,-101
16938,0,425,17,408
16939,0,4,8,-4
16940,0,338,378,-40
16941,0,9,48,-39
16944,0,290,2182,-1892
16945,0,3,5,-2
16946,0,241,41,200
16947,0,24,2,22
16948,0,109,89,20
16949,0,66,108,-42
16950,0,28,61,-33
16951,0,4430,6166,-1736
16953,0,227,135,92
16954,0,287,152,135
16955,0,31,39,-8
16956,0,5,28,-23
16957,0,135,293,-158
16958,0,36,43,-7
16959,0,4,13,-9
16960,0,16,37,-21
16961,0,423,104,319
16962,0,298,325,-27
16963,0,92,58,34
16964,0,24,161,-137
16965,0,2354,552,1802
16966,0,208,148,60
16967,0,63,98,-35
16968,0,1676,103,1573
16969,0,17,40,-23
16970,0,2,7,-5
16971,0,14,74,-60
16972,0,27,23,4
16973,0,31,57,-26
16974,0,51,35,16
16975,0,42,104,-62
16976,0,347,1700,-1353
16977,0,161,29,132
16978,0,22,22,0
16979,0,16,139,-123
16980,0,67,104,-37
16981,0,1,34,-33
16982,0,20,10,10
16983,0,270,115,155
16984,0,7,6,1
16985,0,6843,6422,421
16986,0,60,127,-67
16987,0,92,43,49
16988,0,18,12,6
16989,0,504,635,-131
16990,0,1,186,-185
16991,0,12,15,-3
16992,0,11,3,8
16993,0,53,54,-1
16994,0,88,104,-16
16995,0,13,27,-14
16996,0,182,248,-66
16997,0,91,179,-88
16998,0,14,62,-48
16999,0,4,7,-3
17000,0,122,191,-69
17001,0,7,34,-27
17002,0,3,6,-3
17003,0,5,4,1
17005,0,5,26,-21
17006,0,55,377,-322
17007,0,6646,7661,-1015
17008,0,19,8,11
17010,0,53,23,30
17011,0,15,20,-5
17012,0,140,105,35
17013,0,82,67,15
17014,0,1009,755,254
17015,0,7,8,-1
17016,0,72,106,-34
17017,0,317,243,74
17018,0,13,48,-35
17019,0,46,43,3
17020,0,561,130,431
17021,0,17,8,9
17022,0,64,42,22
17023,0,6554,1422,5132
17024,0,76,265,-189
17025,0,314,380,-66
17026,0,122,79,43
17027,0,65,61,4
17028,0,4551,3745,806
17029,0,3511,306,3205
17030,0,365,145,220
17031,0,162,188,-26
17032,0,8,22,-14
17033,0,11,23,-12
17034,0,211,425,-214
17035,0,6,5,1
17036,0,69,85,-16
17037,0,176,346,-170
17038,0,7,18,-11
17039,0,8,6,2
17040,0,586,514,72
17041,0,7,94,-87
17042,0,3,3,0
17043,0,2,9,-7
17044,0,177,379,-202
17045,0,151,87,64
17046,0,105,8,97
17047,0,106,1,105
17048,0,85,18,67
17049,0,18,27,-9
17050,0,175,97,78
17052,0,166,107,59
17053,0,57,24,33
17054,0,5,21,-16
17055,0,33,27,6
17056,0,10,22,-12
17057,0,39,350,-311
17058,0,79,64,15
17059,0,15,143,-128
17060,0,43,51,-8
17061,0,376,81,295
17063,0,83,858,-775
17064,0,1,3,-2
17065,0,27,206,-179
17066,0,47,11,36
17067,0,25,67,-42
17070,0,392,660,-268
17071,0,83,163,-80
17072,0,31,50,-19
17073,0,111,46,65
17075,0,90,30,60
17078,0,117,164,-47
17079,0,36,17,19
17080,0,2081,2407,-326
17081,0,1,59,-58
17082,0,759,746,13
17083,0,219,294,-75
17084,0,11582,13117,-1535
17085,0,23,28,-5
17086,0,24,119,-95
17087,0,14,34,-20
17088,0,806,2378,-1572
17089,0,9,42,-33
17090,0,28,8,20
17091,0,38,94,-56
17092,0,74,93,-19
17093,0,3,3,0
17094,0,199,220,-21
17095,0,2573,5140,-2567
17096,0,9,8,1
17097,0,92,129,-37
17098,0,30,106,-76
17099,0,19,43,-24
17100,0,309,198,111
17101,0,2,2,0
17102,0,1,10,-9
17103,0,26,48,-22
17104,0,201,312,-111
17105,0,251,330,-79
17106,0,7,15,-8
17107,0,165,54,111
17108,0,63,88,-25
17109,0,57,8,49
17110,0,30,21,9
17111,0,69,104,-35
17112,0,251,24,227
17113,0,1,2,-1
17114,0,229,139,90
17115,0,6768,6762,6
17116,0,211,684,-473
17117,0,72,152,-80
17118,0,12,34,-22
17119,0,14,31,-17
17120,0,31,64,-33
17121,0,126,206,-80
17122,0,15,7,8
17123,0,28,19,9
17125,0,1,46,-45
17126,0,101,220,-119
17127,0,12,22,-10
17128,0,11,26,-15
17129,0,50,68,-18
17130,0,21,42,-21
17131,0,54,35,19
17132,0,4,22,-18
17133,0,10,24,-14
17134,0,181,146,35
17135,0,62,78,-16
17136,0,215,294,-79
17137,0,2,21,-19
17138,0,6,13,-7
17139,0,529,492,37
17140,0,3,16,-13
17141,0,256,632,-376
17142,0,14,3,11
17143,0,45,53,-8
17144,0,98,96,2
17145,0,137,58,79
17146,0,365,296,69
17147,0,909,2333,-1424
17148,0,155,379,-224
17149,0,1,3,-2
17150,0,14,21,-7
17151,0,32,7,25
17152,0,5497,4869,628
17153,0,148,404,-256
17154,0,18,31,-13
17155,0,9,3,6
17156,0,27,16,11
17157,0,42,24,18
17158,0,419,225,194
17159,0,126,87,39
17160,0,5586,1113,4473
17161,0,45,16,29
17162,0,362,493,-131
17163,0,26,29,-3
17164,0,85,242,-157
17166,0,24,38,-14
17167,0,5396,4226,1170
17168,0,11,90,-79
17169,0,44,74,-30
17170,0,23,41,-18
17171,0,8,43,-35
17172,0,3,1,2
17173,0,27,18,9
17175,0,478,436,42
17176,0,35,12,23
17177,0,15,35,-20
17178,0,74,39,35
17179,0,93,549,-456
17180,0,19,9,10
17181,0,270,77,193
17182,0,5,1,4
17183,0,218,55,163
17184,0,429,238,191
17185,0,85,72,13
17186,0,32,164,-132
17187,0,37,50,-13
17188,0,165,136,29
17189,0,31,23,8
17190,0,15,40,-25
17191,0,19,41,-22
17192,0,31,53,-22
17194,0,140,57,83
17195,0,312,1,311
17196,0,8,3,5
17197,0,18,72,-54
17198,0,96,83,13
17199,0,11,11,0
17200,0,9,25,-16
17201,0,481,381,100
17202,0,23,75,-52
17203,0,95,287,-192
17204,0,32,49,-17
17206,0,22,41,-19
17208,0,3736,4759,-1023
17209,0,27,48,-21
17210,0,12,4,8
17211,0,7046,6152,894
17212,0,130,109,21
17213,0,78,58,20
17214,0,1,28,-27
17215,0,261,305,-44
17216,0,182,275,-93
17217,0,195,497,-302
17218,0,3,26,-23
17219,0,10,11,-1
17220,0,234,56,178
17221,0,49,39,10
17222,0,2,22,-20
17223,0,41,38,3
17224,0,11617,4791,6826
17225,0,6,5,1
17226,0,174,235,-61
17227,0,3685,2312,1373
17228,0,1743,1949,-206
17230,0,24,3,21
17231,0,2449,4854,-2405
17232,0,21,41,-20
17233,0,35,24,11
17234,0,15,21,-6
17235,0,41,55,-14
17236,0,46,48,-2
17237,0,4,6,-2
17238,0,29,16,13
17239,0,56,39,17
17240,0,21,39,-18
17241,0,160,681,-521
17243,0,32,58,-26
17244,0,287,196,91
17245,0,12,11,1
17246,0,7,21,-14
17247,0,359,471,-112
17248,0,6,19,-13
17249,0,8,99,-91
17250,0,799,440,359
17251,0,44,47,-3
17252,0,354,932,-578
17253,0,9,15,-6
17254,0,221,331,-110
17255,0,3538,1101,2437
17256,0,295,837,-542
17257,0,118,155,-37
17258,0,59,37,22
17259,0,293,129,164
17260,0,1,9,-8
17261,0,320,1124,-804
17262,0,15,29,-14
17263,0,23,53,-30
17264,0,84,95,-11
17265,0,16,31,-15
17266,0,49,103,-54
17267,0,33,45,-12
17270,0,19,59,-40
17271,0,12,18,-6
17272,0,188,295,-107
17273,0,37,52,-15
17274,0,14,145,-131
17275,0,3,4,-1
17276,0,22,56,-34
17277,0,301,484,-183
17278,0,72,19,53
17279,0,36,23,13
17280,0,22,51,-29
17281,0,265,305,-40
17282,0,3,19,-16
17283,0,7771,10746,-2975
17284,0,1849,3938,-2089
17285,0,26,21,5
17286,0,30,33,-3
17287,0,86,101,-15
17288,0,11,33,-22
17289,0,345,443,-98
17290,0,7,49,-42
17291,0,21,21,0
17292,0,101,144,-43
17293,0,77,79,-2
17294,0,3,5,-2
17295,0,246,499,-253
17296,0,15,9,6
17297,0,2,24,-22
17298,0,15,54,-39
17299,0,711,1171,-460
17300,0,17,24,-7
17301,0,128,131,-3
17302,0,23,17,6
17303,0,176,181,-5
17304,0,26,42,-16
17305,0,56,41,15
17306,0,153,61,92
17307,0,38,12,26
17308,0,3065,4321,-1256
17309,0,361,356,5
17310,0,205,59,146
17311,0,711,355,356
17312,0,16,3,13
17314,0,182,101,81
17315,0,3,9,-6
17316,0,13,10,3
17317,0,133,61,72
17318,0,255,133,122
17319,0,14389,15447,-1058
17320,0,98,1649,-1551
17321,0,35,97,-62
17322,0,2,748,-746
17323,0,52,84,-32
17324,0,204,103,101
17325,0,53,90,-37
17327,0,79,36,43
17328,0,102,152,-50
17329,0,1679,2710,-1031
17330,0,269,1012,-743
17331,0,229,28,201
17332,0,7,1,6
17334,0,7,13,-6
17335,0,718,200,518
17336,0,193,205,-12
17337,0,26,9,17
17338,0,53,43,10
17339,0,865,177,688
17340,0,98,30,68
17341,0,17,20,-3
17342,0,73,8,65
17343,0,407,440,-33
17344,0,3,18,-15
17345,0,3,3,0
17347,0,1081,677,404
17348,0,2280,2523,-243
17349,0,16,24,-8
17350,0,32,51,-19
17352,0,164,211,-47
17353,0,16,37,-21
17354,0,1,10,-9
17355,0,233,200,33
17356,0,6,1,5
17357,0,5,16,-11
17358,0,49,46,3
17359,0,5,11,-6
17360,0,14,36,-22
17361,0,18,146,-128
17362,0,11,26,-15
17363,0,17,52,-35
17364,0,174,151,23
17365,0,63,113,-50
17366,0,43,67,-24
17367,0,91,107,-16
17368,0,19,19,0
17369,0,9,182,-173
17370,0,322,111,211
17371,0,104,191,-87
17372,0,2,14,-12
17373,0,119,53,66
17374,0,24,27,-3
17375,0,3559,3316,243
17376,0,1076,797,279
17377,0,45,98,-53
17378,0,97,50,47
17379,0,1503,1595,-92
17380,0,1414,1977,-563
17381,0,57,60,-3
17382,0,6,64,-58
17383,0,87,28,59
17384,0,5316,5419,-103
17385,0,61,45,16
17386,0,4,19,-15
17387,0,38,6,32
17388,0,164,138,26
17390,0,2,6,-4
17391,0,162,68,94
17392,0,201,82,119
17393,0,54,25,29
17394,0,7,3,4
17395,0,140,218,-78
17396,0,4,24,-20
17397,0,280,115,165
17398,0,14,43,-29
17399,0,20,60,-40
17400,0,96,85,11
17403,0,26,33,-7
17405,0,3688,4334,-646
17406,0,433,635,-202
17407,0,67,20,47
17408,0,72,218,-146
17409,0,100,172,-72
17410,0,18,61,-43
17411,0,60,239,-179
17412,0,96,41,55
17413,0,7,14,-7
17414,0,2,17,-15
17415,0,4358,6743,-2385
17416,0,3025,1821,1204
17417,0,37,484,-447
17418,0,32,49,-17
17419,0,66,82,-16
17420,0,2570,3961,-1391
17421,0,129,322,-193
17422,0,2318,1590,728
17423,0,490,179,311
17424,0,1745,3021,-1276
17425,0,180,541,-361
17426,0,147,107,40
17427,0,44,42,2
17428,0,3,21,-18
17429,0,14,46,-32
17430,0,237,147,90
17431,0,32,28,4
17432,0,41,80,-39
17434,0,43,103,-60
17435,0,4,4,0
17436,0,37,37,0
17437,0,5,4,1
17438,0,9,22,-13
17439,0,281,4,277
17440,0,137,452,-315
17441,0,762,80,682
17442,0,47,52,-5
17443,0,2,3,-1
17444,0,941,680,261
17446,0,27,30,-3
17447,0,13,28,-15
17448,0,17,50,-33
17449,0,8,11,-3
17450,0,486,1797,-1311
17451,0,55,23,32
17452,0,105,39,66
17453,0,16,26,-10
17455,0,1248,288,960
17457,0,16,14,2
17458,0,10203,12541,-2338
17460,0,15,49,-34
17461,0,445,314,131
17462,0,26,8,18
17463,0,52,5,47
17464,0,14,28,-14
17465,0,43,20,23
17466,0,156,141,15
17467,0,578,481,97
17468,0,12,140,-128
17470,0,4,1,3
17471,0,1,11,-10
17472,0,12,46,-34
17473,0,31,32,-1
17474,0,235,379,-144
17475,0,9222,14317,-5095
17476,0,18,347,-329
17477,0,338,779,-441
17478,0,1867,803,1064
17479,0,7,18,-11
17480,0,52,63,-11
17481,0,460,430,30
17482,0,13,9,4
17483,0,58,87,-29
17484,0,1699,1973,-274
17485,0,18,1,17
17486,0,635,480,155
17487,0,16,13,3
17488,0,60,53,7
17489,0,84,54,30
17490,0,127,170,-43
17491,0,2471,2728,-257
17492,0,43,78,-35
17493,0,26,38,-12
17494,0,120,255,-135
17495,0,58,62,-4
17497,0,3,5,-2
17498,0,24,10,14
17499,0,20,18,2
17500,0,15,17,-2
17501,0,13,28,-15
17503,0,155,210,-55
17504,0,28,19,9
17505,0,3,4,-1
17506,0,9,4,5
17508,0,84,56,28
17509,0,87,32,55
17510,0,2,12,-10
17512,0,7,48,-41
17513,0,3,8,-5
17514,0,3,1,2
17515,0,372,56,316
17517,0,21,18,3
17518,0,275,1110,-835
17519,0,77,290,-213
17520,0,48,11,37
17521,0,7,55,-48
17522,0,417,312,105
17523,0,182,179,3
17524,0,108,76,32
17525,0,6,4,2
17526,0,30,153,-123
17527,0,2381,1268,1113
17528,0,142,45,97
17529,0,95,86,9
17530,0,26,15,11
17531,0,12,19,-7
17532,0,38,19,19
17533,0,6,21,-15
17534,0,45,52,-7
17535,0,195,491,-296
17536,0,339,801,-462
17537,0,2,5,-3
17538,0,98,4,94
17539,0,13,35,-22
17540,0,40,16,24
17541,0,44,36,8
17542,0,702,28,674
17543,0,19,54,-35
17544,0,358,127,231
17545,0,91,44,47
17546,0,9,32,-23
17547,0,177,116,61
17548,0,4,18,-14
17549,0,7,10,-3
17550,0,77,38,39
17551,0,7,6,1
17552,0,21,6,15
17553,0,114,89,25
17554,0,249,91,158
17555,0,2,2,0
17556,0,13,2,11
17558,0,36,16,20
17559,0,1,1,0
17560,0,1820,2567,-747
17561,0,291,416,-125
17562,0,472,38,434
17563,0,44,26,18
17564,0,4,7,-3
17565,0,250,187,63
17566,0,12,9,3
17567,0,13,3,10
17568,0,140,75,65
17569,0,40,104,-64
17570,0,16,2,14
17571,0,46,53,-7
17572,0,5,2,3
17573,0,415,821,-406
17574,0,3,29,-26
17575,0,1131,697,434
17576,0,3979,6923,-2944
17577,0,59,123,-64
17578,0,39,26,13
17579,0,254,348,-94
17580,0,147,150,-3
17581,0,332,66,266
17582,0,47,152,-105
17583,0,75,137,-62
17584,0,8,70,-62
17585,0,9,27,-18
17586,0,188,367,-179
17587,0,12,8,4
17588,0,85,69,16
17590,0,136,114,22
17591,0,147,166,-19
17592,0,75,48,27
17593,0,32,54,-22
17594,0,59,328,-269
17595,0,2,34,-32
17596,0,32,45,-13
17597,0,106,141,-35
17598,0,2067,750,1317
17599,0,8,8,0
17600,0,174,109,65
17601,0,82,77,5
17602,0,27,32,-5
17603,0,19,29,-10
17604,0,3237,1531,1706
17605,0,1,7,-6
17606,0,12948,16431,-3483
17607,0,4,678,-674
17608,0,217,184,33
17610,0,39,65,-26
17611,0,404,253,151
17612,0,107,80,27
17613,0,615,2026,-1411
17614,0,530,125,405
17615,0,9,24,-15
17616,0,6,4,2
17617,0,6,4,2
17618,0,82,55,27
17619,0,9,31,-22
17620,0,83,34,49
17621,0,1,0,1
17622,0,159,146,13
17623,0,31,74,-43
17624,0,89,871,-782
17625,0,11,6,5
17626,0,81,14,67
17627,0,276,189,87
17628,0,21,5,16
17629,0,41,33,8
17631,0,74,46,28
17633,0,44,30,14
17634,0,330866,110099,220767
17635,0,7,191,-184
17636,0,101,61,40
17637,0,2823,3225,-402
17638,0,279,376,-97
17640,0,256,997,-741
17641,0,32,454,-422
17642,0,24,38,-14
17644,0,31,14,17
17645,0,16,8,8
17646,0,28,101,-73
17647,0,5,9,-4
17648,0,6,16,-10
17649,0,136,286,-150
17650,0,48,19,29
17651,0,355,204,151
17652,0,5,212,-207
17653,0,193,282,-89
17654,0,25,30,-5
17655,0,73,20,53
17656,0,83,215,-132
17657,0,28,83,-55
17658,0,8,16,-8
17659,0,25,14,11
17660,0,48,22,26
17661,0,2,13,-11
17662,0,2,8,-6
17663,0,14,32,-18
17664,0,24,50,-26
17665,0,2,19,-17
17666,0,38,12,26
17667,0,11,13,-2
17668,0,46,1,45
17669,0,34,1,33
17670,0,1801,2641,-840
17671,0,765,1239,-474
17672,0,1,5,-4
17673,0,13,27,-14
17674,0,84,215,-131
17675,0,61,123,-62
17676,0,29,5,24
17677,0,23,13,10
17678,0,8,66,-58
17679,0,9,4,5
17680,0,9,29,-20
17681,0,118,158,-40
17682,0,32,38,-6
17683,0,4,13,-9
17684,0,344,705,-361
17685,0,68,12,56
17686,0,63,11,52
17687,0,14,9,5
17688,0,25,11,14
17689,0,315,44,271
17690,0,29,25,4
17691,0,331,249,82
17692,0,374,21,353
17693,0,407,260,147
17695,0,11,71,-60
17696,0,511,876,-365
17697,0,10,59,-49
17698,0,3,15,-12
17699,0,31,15,16
17700,0,2,32,-30
17701,0,509,89,420
17702,0,10,95,-85
17703,0,73,49,24
17704,0,164,261,-97
17705,0,34,82,-48
17706,0,31,4,27
17707,0,21,13,8
17709,0,4,45,-41
17710,0,32,120,-88
17711,0,640,260,380
17712,0,9,48,-39
17713,0,481,241,240
17714,0,3,3,0
17715,0,20,21,-1
17716,0,9,1,8
17717,0,542,100,442
17718,0,10,46,-36
17719,0,20,161,-141
17720,0,7,13,-6
17721,0,17,14,3
17722,0,4383,7143,-2760
17723,0,37,2,35
17724,0,8,13,-5
17725,0,11,6,5
17726,0,1009,657,352
17728,0,3,1,2
17729,0,15,9,6
17731,0,78,22,56
17732,0,77,60,17
17733,0,3683,2887,796
17734,0,27,81,-54
17735,0,217,186,31
17736,0,25,15,10
17737,0,28,13,15
17738,0,9,24,-15
17739,0,84,57,27
17740,0,2630,1007,1623
17741,0,125,352,-227
17742,0,73,114,-41
17743,0,3,2,1
17744,0,338,329,9
17745,0,32,85,-53
17746,0,165,149,16
17747,0,34,39,-5
17748,0,214,7,207
17749,0,8,26,-18
17750,0,21,71,-50
17751,0,59,24,35
17752,0,37,76,-39
17753,0,14,23,-9
17754,0,4,21,-17
17755,0,238,120,118
17756,0,87,165,-78
17757,0,542,315,227
17758,0,2,17,-15
17759,0,190,184,6
17760,0,17,13,4
17762,0,27,53,-26
17763,0,74,61,13
17764,0,542,500,42
17765,0,12,22,-10
17766,0,13180,13013,167
17767,0,25,46,-21
17768,0,89,27,62
17769,0,712,513,199
17770,0,493,338,155
17771,0,113,218,-105
17772,0,133,142,-9
17773,0,723,292,431
17774,0,101,27,74
17775,0,178,47,131
17776,0,45,33,12
17778,0,30,184,-154
17779,0,39,39,0
17781,0,26,56,-30
17782,0,9,37,-28
17783,0,105,142,-37
17784,0,145,197,-52
17785,0,14,100,-86
17786,0,43,22,21
17787,0,201,190,11
17788,0,18,32,-14
17789,0,47,28,19
17790,0,25,167,-142
17791,0,2338,35,2303
17792,0,80,53,27
17793,0,237,127,110
17794,0,7,29,-22
17795,0,724,1157,-433
17796,0,9758,13333,-3575
17797,0,10,57,-47
17798,0,84,113,-29
17799,0,10,23,-13
17800,0,38,232,-194
17801,0,110,95,15
17802,0,13,26,-13
17803,0,12,10,2
17804,0,78,206,-128
17805,0,4,9,-5
17806,0,124,124,0
17807,0,1,1,0
17808,0,19,162,-143
17809,0,70,1030,-960
17810,0,1390,70,1320
17811,0,1532,2437,-905
17812,0,91,75,16
17813,0,152,385,-233
17814,0,84,26,58
17815,0,22,15,7
17816,0,19,6,13
17817,0,10,26,-16
17818,0,107,132,-25
17819,0,4,3,1
17820,0,5,10,-5
17821,0,24,21,3
17822,0,18,16,2
17823,0,60,121,-61
17824,0,4,34,-30
17825,0,5,1,4
17826,0,2,67,-65
17827,0,21,48,-27
17828,0,22,59,-37
17829,0,5,8,-3
17830,0,4,1,3
17831,0,33,126,-93
17832,0,27,54,-27
17833,0,38,58,-20
17834,0,19,8,11
17835,0,81,31,50
17836,0,89,200,-111
17837,0,859,547,312
17838,0,58,108,-50
17839,0,58,41,17
17840,0,7224,15608,-8384
17841,0,186,52,134
17842,0,112,373,-261
17843,0,179,88,91
17844,0,254,339,-85
17845,0,49,13,36
17846,0,52,97,-45
17847,0,11,14,-3
17848,0,10,10,0
17849,0,2,43,-41
17850,0,57,99,-42
17851,0,454,427,27
17852,0,13,139,-126
17853,0,3975,1025,2950
17855,0,10,12,-2
17856,0,31,40,-9
17857,0,34,52,-18
17858,0,14,29,-15
17859,0,108,219,-111
17860,0,976,1734,-758
17861,0,99,57,42
17862,0,3,4,-1
17863,0,63,5,58
17864,0,12,10,2
17865,0,4,19,-15
17866,0,11,2,9
17867,0,43,56,-13
17868,0,39,57,-18
17869,0,5,20,-15
17870,0,71,120,-49
17871,0,2360,1499,861
17872,0,4,75,-71
17873,0,5949,5058,891
17874,0,41,17,24
17875,0,244,121,123
17876,0,43,46,-3
17877,0,48,15,33
17878,0,47,42,5
17879,0,314,104,210
17880,0,95,35,60
17881,0,61,82,-21
17882,0,16,13,3
17883,0,1,7,-6
17884,0,46,38,8
17885,0,10,2,8
17886,0,155,384,-229
17887,0,3,2,1
17889,0,222,191,31
17890,0,1,5,-4
17891,0,91,87,4
17892,0,239,36,203
17894,0,25,16,9
17895,0,1,7,-6
17896,0,39,36,3
17897,0,11,27,-16
17898,0,23,21,2
17899,0,103,82,21
17900,0,29,51,-22
17901,0,182,41,141
17902,0,22,49,-27
17903,0,1,12,-11
17904,0,283,4,279
17905,0,81,492,-411
17906,0,1,7,-6
17907,0,131,103,28
17908,0,2661,3494,-833
17910,0,5,7,-2
17911,0,68,23,45
17912,0,5256,8795,-3539
17913,0,14,60,-46
17914,0,2318,1014,1304
17915,0,39,19,20
17916,0,64,521,-457
17917,0,1,58,-57
17918,0,95,242,-147
17919,0,503,795,-292
17920,0,9972,20541,-10569
17921,0,4,28,-24
17922,0,29,32,-3
17923,0,5,8,-3
17924,0,12,21,-9
17925,0,6,26,-20
17927,0,20,29,-9
17928,0,33,44,-11
17929,0,323,197,126
17930,0,770,802,-32
17931,0,6,1,5
17932,0,2857,2250,607
17933,0,23,31,-8
17934,0,63,64,-1
17935,0,175,31,144
17936,0,83,38,45
17937,0,1819,2398,-579
17938,0,337,438,-101
17939,0,25,12,13
17940,0,138,76,62
17941,0,14,64,-50
17942,0,5,35,-30
17943,0,550,451,99
17944,0,245,306,-61
17946,0,104,64,40
17947,0,989,1133,-144
17948,0,48,51,-3
17949,0,3,4,-1
17950,0,203,109,94
17951,0,65,67,-2
17952,0,2,1,1
17953,0,208,144,64
17954,0,44,89,-45
17955,0,100,90,10
17956,0,24,70,-46
17957,0,16,39,-23
17958,0,2665,5893,-3228
17959,0,3287,1032,2255
17960,0,26,69,-43
17961,0,400,321,79
17962,0,10,26,-16
17963,0,10,13,-3
17964,0,5,17,-12
17965,0,34,27,7
17966,0,24,20,4
17967,0,58,58,0
17968,0,198,18,180
17969,0,51,17,34
17970,0,30,19,11
17971,0,3,6,-3
17972,0,126351,231103,-104752
17973,0,26,15,11
17974,0,1,57,-56
17975,0,83,159,-76
17976,0,97,201,-104
17977,0,22,46,-24
17978,0,18,49,-31
17979,0,26,61,-35
17980,0,44,51,-7
17981,0,194,64,130
17982,0,80,15,65
17983,0,94,27,67
17984,0,30,34,-4
17985,0,5150,4669,481
17986,0,89,43,46
17987,0,7,37,-30
17988,0,484,289,195
17989,0,397,347,50
17990,0,429,249,180
17991,0,22,26,-4
17992,0,367,258,109
17993,0,15,59,-44
17994,0,107,70,37
17995,0,60,195,-135
17996,0,23,40,-17
17997,0,13,38,-25
17998,0,450,129,321
17999,0,9,11,-2
18000,0,131,181,-50
18001,0,14748,12889,1859
18002,0,27,56,-29
18003,0,16,24,-8
18005,0,2703,3940,-1237
18006,0,4,7,-3
18007,0,33,162,-129
18008,0,107,178,-71
18009,0,10,2,8
18011,0,16,30,-14
18012,0,776,1691,-915
18013,0,171,216,-45
18014,0,28,29,-1
18015,0,6,59,-53
18016,0,50,449,-399
18017,0,16,31,-15
18018,0,89,119,-30
18019,0,5,27,-22
18020,0,84,115,-31
18021,0,17,9,8
18022,0,37,122,-85
18024,0,70,124,-54
18025,0,1944,387,1557
18026,0,23,34,-11
18027,0,12,15,-3
18028,0,1033,591,442
18029,0,1427,1601,-174
18030,0,2095,4300,-2205
18031,0,29,47,-18
18032,0,13,45,-32
18033,0,26,34,-8
18034,0,31,65,-34
18035,0,1,22,-21
18036,0,42,33,9
18037,0,29,44,-15
18038,0,44,178,-134
18039,0,194,714,-520
18040,0,7,10,-3
18041,0,15,12,3
18042,0,216,283,-67
18043,0,33,26,7
18044,0,219,1088,-869
18045,0,42,20,22
18046,0,15,14,1
18047,0,3,5,-2
18048,0,44,24,20
18049,0,110,115,-5
18050,0,14,45,-31
18051,0,11,11,0
18052,0,15,13,2
18053,0,44,35,9
18055,0,59,19,40
18056,0,258,118,140
18057,0,6,10,-4
18058,0,75,687,-612
18059,0,63,61,2
18061,0,27,56,-29
18062,0,68,46,22
18063,0,95,303,-208
18064,0,13,10,3
18066,0,734,1737,-1003
18067,0,66,38,28
18068,0,70,57,13
18069,0,254,1261,-1007
18070,0,6,2,4
18071,0,61,23,38
18072,0,130,46,84
18073,0,310,835,-525
18074,0,53,12,41
18075,0,28,108,-80
18076,0,20,2,18
18077,0,150,91,59
18078,0,5,20,-15
18079,0,504,729,-225
18080,0,49,89,-40
18081,0,292,340,-48
18082,0,148,121,27
18083,0,9,2,7
18084,0,136,169,-33
18085,0,32,42,-10
18086,0,702,1305,-603
18087,0,50,42,8
18088,0,45,5,40
18090,0,132,111,21
18091,0,91,220,-129
18092,0,8,24,-16
18094,0,160,282,-122
18095,0,888,2306,-1418
18096,0,4862,4485,377
18097,0,6,10,-4
18099,0,1130,342,788
18100,0,482,469,13
18101,0,495,544,-49
18102,0,2013,182,1831
18103,0,15,27,-12
18104,0,93,23,70
18105,0,63,58,5
18106,0,88,109,-21
18107,0,2,1,1
18108,0,7769,3357,4412
18109,0,11,23,-12
18110,0,53,28,25
18111,0,5,8,-3
18112,0,27,106,-79
18115,0,4,7,-3
18116,0,10,79,-69
18117,0,3403,506,2897
18118,0,295,175,120
18119,0,109,95,14
18120,0,9,9,0
18121,0,296,262,34
18122,0,799,993,-194
18123,0,2,9,-7
18124,0,9,40,-31
18125,0,9,55,-46
18126,0,159,815,-656
18127,0,24,4,20
18128,0,13,73,-60
18129,0,31,97,-66
18131,0,36,85,-49
18132,0,114,129,-15
18133,0,29,46,-17
18134,0,12,9,3
18135,0,74,34,40
18136,0,20,55,-35
18137,0,845,610,235
18138,0,4,14,-10
18139,0,80,80,0
18140,0,129,149,-20
18141,0,13,34,-21
18142,0,50,71,-21
18143,0,2,29,-27
18144,0,78,328,-250
18145,0,386,90,296
18146,0,1,92,-91
18147,0,32,37,-5
18148,0,39,61,-22
18149,0,7,32,-25
18150,0,46,60,-14
18151,0,28,26,2
18152,0,265,273,-8
18153,0,150,333,-183
18154,0,298,159,139
18155,0,3,4,-1
18156,0,65,111,-46
18157,0,25,30,-5
18158,0,84,41,43
18160,0,82,38,44
18161,0,137,69,68
18162,0,28,42,-14
18164,0,2,8,-6
18165,0,16,10,6
18166,0,4,25,-21
18167,0,317,1437,-1120
18168,0,49,109,-60
18169,0,13,9,4
18170,0,516,332,184
18171,0,32,40,-8
18172,0,141,52,89
18173,0,16,28,-12
18174,0,34,100,-66
18175,0,84,106,-22
18176,0,17,41,-24
18177,0,73,126,-53
18179,0,14,16,-2
18180,0,71,91,-20
18181,0,25,95,-70
18182,0,7,1,6
18183,0,25,24,1
18184,0,6,35,-29
18185,0,263,25,238
18186,0,65,128,-63
18187,0,66,76,-10
18188,0,3275,1761,1514
18189,0,18,10,8
18190,0,336,221,115
18191,0,897,1953,-1056
18192,0,83,56,27
18193,0,209,560,-351
18194,0,67,19,48
18195,0,5,2,3
18196,0,44,27,17
18197,0,31,70,-39
18199,0,81,18,63
18200,0,1637,1397,240
18201,0,36,20,16
18202,0,79,77,2
18203,0,75,74,1
18204,0,199,272,-73
18205,0,34,50,-16
18206,0,326,385,-59
18207,0,225,332,-107
18208,0,455,95,360
18209,0,26,14,12
18210,0,1,11,-10
18211,0,54,45,9
18212,0,14,9,5
18213,0,18,6,12
18214,0,62,31,31
18215,0,23,196,-173
18216,0,3180,4161,-981
18217,0,10,22,-12
18218,0,98,51,47
18219,0,12,21,-9
18220,0,82,90,-8
18221,0,3,5,-2
18222,0,38,9,29
18224,0,5,2,3
18225,0,78,72,6
18226,0,22,18,4
18227,0,5,10,-5
18228,0,21,33,-12
18229,0,23,137,-114
18230,0,9223,6171,3052
18231,0,205,419,-214
18232,0,36,263,-227
18233,0,10,66,-56
18234,0,41,107,-66
18236,0,7,6,1
18237,0,102,18,84
18238,0,64,64,0
18239,0,25,52,-27
18240,0,112,138,-26
18241,0,138,129,9
18242,0,397,466,-69
18243,0,20,16,4
18244,0,18,35,-17
18245,0,1833,2963,-1130
18246,0,194,127,67
18247,0,21,46,-25
18248,0,10,5,5
18249,0,357,567,-210
18250,0,221733,8915,212818
18251,0,483,114,369
18252,0,89,28,61
18253,0,32,2,30
18254,0,63,44,19
18255,0,21,64,-43
18256,0,745,80,665
18257,0,113,171,-58
18258,0,13,14,-1
18259,0,84,35,49
18260,0,206,260,-54
18262,0,116,135,-19
18264,0,15,6,9
18265,0,22,6,16
18267,0,1,1,0
18268,0,39,45,-6
18269,0,10,8,2
18270,0,190,61,129
18271,0,418,151,267
18272,0,99,34,65
18273,0,36,36,0
18274,0,39,96,-57
18276,0,16,15,1
18277,0,20,164,-144
18278,0,27,34,-7
18280,0,32,24,8
18281,0,9,16,-7
18282,0,434,376,58
18284,0,9,32,-23
18285,0,328,315,13
18286,0,41,42,-1
18287,0,23,43,-20
18288,0,12821,3290,9531
18289,0,13,16,-3
18290,0,1,2,-1
18291,0,7,9,-2
18292,0,64,151,-87
18293,0,22,19,3
18294,0,263,25,238
18295,0,19,13,6
18296,0,29,0,29
18297,0,17,3,14
18298,0,135,140,-5
18299,0,1092,421,671
18300,0,97,121,-24
18301,0,28,49,-21
18302,0,327,457,-130
18303,0,214,383,-169
18304,0,86,42,44
18306,0,1995,1394,601
18307,0,8,6,2
18308,0,136,98,38
18309,0,151,92,59
18310,0,1637,4965,-3328
18311,0,967,302,665
18313,0,24,10,14
18314,0,4119,2700,1419
18315,0,1,3,-2
18316,0,15,22,-7
18317,0,733,796,-63
18318,0,5309,3817,1492
18319,0,864,545,319
18320,0,10,14,-4
18321,0,6,20,-14
18322,0,87,52,35
18323,0,588,294,294
18324,0,3,17,-14
18325,0,15,11,4
18326,0,37,23,14
18327,0,1353,2385,-1032
18328,0,9,33,-24
18329,0,64,98,-34
18330,0,4,26,-22
18331,0,63,13,50
18333,0,50,11,39
18334,0,21,39,-18
18335,0,650,1551,-901
18336,0,46,16,30
18337,0,231,235,-4
18338,0,687,723,-36
18339,0,12,98,-86
18340,0,10,8,2
18341,0,4072,1901,2171
18342,0,6,31,-25
18343,0,86,70,16
18345,0,40,70,-30
18346,0,67,106,-39
18347,0,96,94,2
18348,0,32,64,-32
18349,0,28,6,22
18350,0,617,486,131
18351,0,53,21,32
18352,0,65,39,26
18353,0,32,8,24
18354,0,1124,284,840
18355,0,479,812,-333
18356,0,23,29,-6
18358,0,98,74,24
18359,0,9,4,5
18360,0,92,152,-60
18361,0,16,33,-17
18362,0,39,107,-68
18363,0,664,517,147
18364,0,2,2,0
18365,0,19,64,-45
18366,0,37,57,-20
18367,0,81,131,-50
18368,0,47,22,25
18369,0,219,94,125
18370,0,12,35,-23
18371,0,15,16,-1
18372,0,8,16,-8
18374,0,21,12,9
18375,0,407,360,47
18376,0,94,18,76
18377,0,30,45,-15
18378,0,25,53,-28
18379,0,24,98,-74
18380,0,83,29,54
18382,0,303,85,218
18383,0,14,5,9
18384,0,17,65,-48
18385,0,6,5,1
18386,0,1310,363,947
18387,0,110,224,-114
18388,0,133,98,35
18389,0,9,4,5
18390,0,5,17,-12
18391,0,132,241,-109
18392,0,3,12,-9
18393,0,12,17,-5
18394,0,163,197,-34
18395,0,6,37,-31
18396,0,12,0,12
18397,0,8,65,-57
18398,0,8604,10174,-1570
18399,0,315,668,-353
18400,0,54,41,13
18401,0,163,44,119
18402,0,212,215,-3
18403,0,2,6,-4
18404,0,1,6,-5
18405,0,288,57,231
18406,0,2,1103,-1101
18407,0,74,60,14
18408,0,103,97,6
18409,0,9,24,-15
18410,0,4,8,-4
18411,0,4,22,-18
18412,0,43,74,-31
18413,0,1013,335,678
18414,0,124,202,-78
18415,0,13,5,8
18417,0,1201,1468,-267
18418,0,64,9,55
18419,0,49,7,42
18420,0,10,27,-17
18421,0,40,85,-45
18422,0,45,34,11
18423,0,31,42,-11
18424,0,14,21,-7
18426,0,184,599,-415
18427,0,25,1036,-1011
18428,0,2284,1241,1043
18429,0,4,13,-9
18430,0,43,106,-63
18431,0,951,1164,-213
18432,0,175,133,42
18433,0,15,19,-4
18434,0,65,20,45
18435,0,259,28,231
18436,0,1,5,-4
18437,0,5,2,3
18438,0,20,16,4
18439,0,7,2,5
18440,0,123,162,-39
18441,0,4216,6204,-1988
18442,0,3384,2438,946
18443,0,28,26,2
18444,0,2,9,-7
18445,0,159,98,61
18446,0,22,86,-64
18447,0,188,338,-150
18448,0,48,26,22
18449,0,2,6,-4
18450,0,18,37,-19
18451,0,37,534,-497
18452,0,47,41,6
18453,0,322,39,283
18454,0,1546,410,1136
18455,0,50,228,-178
18456,0,4,56,-52
18457,0,129,111,18
18458,0,15,18,-3
18459,0,49,250,-201
18460,0,21,18,3
18461,0,249,282,-33
18462,0,14,8,6
18463,0,2785,5566,-2781
18464,0,345,803,-458
18465,0,142,176,-34
18466,0,18,11,7
18467,0,87,93,-6
18468,0,343,872,-529
18470,0,2,18,-16
18471,0,80,103,-23
18472,0,2,3,-1
18474,0,88,28,60
18475,0,141,102,39
18477,0,159,4,155
18478,0,14,18,-4
18479,0,52,51,1
18480,0,121,67,54
18481,0,73,235,-162
18482,0,3290,7615,-4325
18483,0,3,1031,-1028
18484,0,17,57,-40
18485,0,36,145,-109
18486,0,636,1315,-679
18487,0,1864,183,1681
18488,0,410,1781,-1371
18489,0,63,90,-27
18490,0,193,383,-190
18491,0,39,113,-74
18492,0,1727,1568,159
18494,0,28,30,-2
18495,0,1355,119,1236
18496,0,4,4,0
18497,0,13,6,7
18498,0,63,139,-76
18499,0,41,321,-280
18500,0,3,2,1
18501,0,441,640,-199
18502,0,382,349,33
18503,0,9,22,-13
18504,0,12,9,3
18505,0,82,181,-99
18506,0,112,163,-51
18508,0,3,9,-6
18509,0,76,105,-29
18510,0,15,14,1
18511,0,72,50,22
18512,0,3,28,-25
18513,0,34,26,8
18514,0,16,64,-48
18515,0,6,6,0
18516,0,52,101,-49
18517,0,2,12,-10
18518,0,23,36,-13
18519,0,8,4,4
18520,0,716,624,92
18521,0,50,242,-192
18522,0,306,165,141
18523,0,70,16,54
18524,0,1188,2096,-908
18525,0,91,69,22
18526,0,9,18,-9
18527,0,3143,8482,-5339
18528,0,28,29,-1
18529,0,149,86,63
18530,0,152,186,-34
18532,0,23,40,-17
18533,0,490,96,394
18534,0,934,1124,-190
18535,0,20,103,-83
18536,0,44,33,11
18538,0,35,48,-13
18539,0,24,21,3
18540,0,2,20,-18
18541,0,106,139,-33
18542,0,712,225,487
18543,0,262,122,140
18544,0,190,45,145
18546,0,10,19,-9
18547,0,6,13,-7
18548,0,21,55,-34
18549,0,12,3,9
18550,0,24,19,5
18551,0,1335,2343,-1008
18552,0,190,140,50
18553,0,1,6,-5
18554,0,226,318,-92
18555,0,2,4,-2
18556,0,13,4,9
18557,0,39,70,-31
18558,0,3,112,-109
18559,0,650,1487,-837
18560,0,334,206,128
18561,0,1236,512,724
18562,0,150,194,-44
18563,0,89,76,13
18564,0,92,180,-88
18565,0,65,31,34
18566,0,33,33,0
18567,0,24,51,-27
18568,0,194,106,88
18570,0,28,35,-7
18571,0,2,8,-6
18572,0,15,44,-29
18573,0,25,66,-41
18574,0,30,38,-8
18575,0,2,27,-25
18576,0,30,24,6
18577,0,84,120,-36
18578,0,6,7,-1
18579,0,23,18,5
18581,0,70,121,-51
18582,0,596,93,503
18583,0,22,89,-67
18584,0,1498,378,1120
18585,0,204,192,12
18586,0,5,22,-17
18587,0,12,44,-32
18588,0,834,222,612
18589,0,122,43,79
18590,0,21,13,8
18591,0,45,27,18
18592,0,299,140,159
18593,0,12,4,8
18594,0,18,25,-7
18598,0,37,122,-85
18599,0,31,17,14
18600,0,131,36,95
18601,0,39,51,-12
18602,0,3,14,-11
18603,0,163,654,-491
18604,0,128,76,52
18605,0,55,21,34
18608,0,98,12,86
18609,0,3,27,-24
18610,0,20,109,-89
18611,0,16,44,-28
18612,0,30,14,16
18613,0,14,9,5
18615,0,70,41,29
18616,0,18,39,-21
18617,0,4052,5493,-1441
18618,0,96,101,-5
18619,0,6,19,-13
18620,0,3,2,1
18621,0,33,263,-230
18622,0,11,10,1
18623,0,107,13,94
18624,0,169,495,-326
18625,0,1156,3065,-1909
18626,0,567,915,-348
18627,0,55,2,53
18628,0,5342,12588,-7246
18629,0,63,54,9
18630,0,230,221,9
18631,0,7099,8782,-1683
18632,0,16,20,-4
18633,0,13,48,-35
18635,0,9,13,-4
18636,0,152,338,-186
18637,0,27,12,15
18639,0,42,143,-101
18640,0,69,72,-3
18641,0,208,215,-7
18642,0,467,394,73
18643,0,120,20,100
18644,0,2088,3078,-990
18645,0,893,3041,-2148
18646,0,26,17,9
18647,0,64,36,28
18648,0,33,53,-20
18649,0,58,119,-61
18650,0,38,24,14
18651,0,4,12,-8
18652,0,554,801,-247
18654,0,133,173,-40
18655,0,3,8,-5
18656,0,12,37,-25
18657,0,83,841,-758
18658,0,1,3,-2
18659,0,1,3,-2
18660,0,127,160,-33
18661,0,11,15,-4
18662,0,84,54,30
18663,0,9,14,-5
18664,0,4,6,-2
18665,0,13,17,-4
18666,0,183,88,95
18667,0,121,6,115
18668,0,45,88,-43
18669,0,1,6,-5
18670,0,32,27,5
18671,0,12,28,-16
18672,0,227,606,-379
18673,0,119,153,-34
18675,0,105,95,10
18676,0,48,19,29
18677,0,1,25,-24
18678,0,1,16,-15
18679,0,24,23,1
18680,0,86,424,-338
18681,0,982,649,333
18682,0,1808,1343,465
18683,0,27,69,-42
18684,0,3555,1800,1755
18685,0,7180,9355,-2175
18686,0,19,71,-52
18687,0,43,27,16
18688,0,18,5,13
18689,0,4,7,-3
18690,0,17,12,5
18691,0,16,34,-18
18692,0,442,715,-273
18693,0,3378,2449,929
18695,0,357,427,-70
18696,0,15,24,-9
18697,0,4,5,-1
18698,0,44,43,1
18699,0,3,82,-79
18700,0,83,18,65
18701,0,21,39,-18
18702,0,21,19,2
18703,0,27,28,-1
18704,0,12,10,2
18705,0,8085,9285,-1200
18706,0,68,103,-35
18707,0,16,8,8
18708,0,3785,2023,1762
18709,0,26,23,3
18710,0,27,213,-186
18711,0,30,26,4
18713,0,2370,2775,-405
18714,0,33,74,-41
18715,0,598,479,119
18716,0,143,339,-196
18717,0,8,33,-25
18718,0,12,35,-23
18719,0,1109,5064,-3955
18720,0,6484,1938,4546
18721,0,19,33,-14
18722,0,8369,7098,1271
18723,0,48,48,0
18724,0,3,16,-13
18725,0,106,84,22
18726,0,756,558,198
18727,0,59,20,39
18728,0,226,492,-266
18729,0,205,167,38
18730,0,59,61,-2
18731,0,25,48,-23
18732,0,122,49,73
18733,0,1,12,-11
18734,0,14,2,12
18735,0,2,15,-13
18736,0,102,145,-43
18737,0,65,98,-33
18738,0,16,10,6
18739,0,1269,70,1199
18741,0,12326,3253,9073
18742,0,18,51,-33
18743,0,236,135,101
18744,0,53,60,-7
18745,0,321,189,132
18746,0,5,17,-12
18747,0,15,708,-693
18748,0,2908,5403,-2495
18749,0,45,8,37
18750,0,20,3,17
18751,0,42,101,-59
18752,0,19,13,6
18753,0,95,194,-99
18754,0,812,888,-76
18755,0,2,10,-8
18756,0,10,14,-4
18757,0,72,132,-60
18758,0,5,63,-58
18759,0,10,13,-3
18760,0,3299,2732,567
18761,0,96,75,21
18762,0,4,8,-4
18763,0,6,14,-8
18764,0,533,1444,-911
18766,0,636,704,-68
18767,0,3433,4316,-883
18768,0,60,315,-255
18769,0,5,5,0
18770,0,136,130,6
18771,0,10,8,2
18772,0,142,126,16
18773,0,104,0,104
18774,0,254,62,192
18778,0,21,34,-13
18779,0,70,21,49
18780,0,307,138,169
18781,0,1024,1379,-355
18782,0,44,210,-166
18784,0,38,2,36
18785,0,481,61,420
18786,0,2,41,-39
18787,0,7,13,-6
18788,0,27,14,13
18789,0,19,4,15
18790,0,293,438,-145
18791,0,13,21,-8
18792,0,10,17,-7
18793,0,27,33,-6
18794,0,16,732,-716
18795,0,998,1478,-480
18796,0,18,12,6
18797,0,40,34,6
18798,0,4,7,-3
18799,0,486,39,447
18800,0,10,24,-14
18801,0,66,232,-166
18802,0,5862,8091,-2229
18803,0,29,11,18
18804,0,9,3,6
18807,0,13,20,-7
18808,0,27,87,-60
18809,0,43,44,-1
18810,0,2442,1245,1197
18811,0,62,33,29
18812,0,110,71,39
18813,0,349,501,-152
18814,0,64,100,-36
18815,0,12,54,-42
18816,0,6,84,-78
18818,0,44,37,7
18819,0,70,13,57
18820,0,79,42,37
18822,0,4,3,1
18823,0,39,73,-34
18824,0,14,69,-55
18825,0,9,23,-14
18826,0,24,81,-57
18827,0,80,93,-13
18829,0,1,39,-38
18830,0,58,36,22
18831,0,29,4,25
18832,0,143,34,109
18833,0,15,10,5
18834,0,42,25,17
18835,0,1093,933,160
18836,0,30,38,-8
18837,0,11,3,8
18838,0,136,91,45
18839,0,1608,391,1217
18840,0,19,34,-15
18841,0,37,249,-212
18842,0,87,110,-23
18843,0,993,151,842
18844,0,4320,2929,1391
18845,0,70,5,65
18846,0,22,42,-20
18847,0,166,266,-100
18848,0,65,119,-54
18849,0,88,170,-82
18850,0,3,15,-12
18851,0,15,14,1
18852,0,27,24,3
18853,0,31,21,10
18854,0,147,855,-708
18855,0,8664,4030,4634
18856,0,56,20,36
18857,0,20,53,-33
18858,0,5,7,-2
18859,0,42,36,6
18860,0,332,582,-250
18861,0,109,95,14
18862,0,26,54,-28
18863,0,47,46,1
18864,0,52,125,-73
18865,0,42,56,-14
18866,0,159,436,-277
18867,0,1,1,0
18868,0,46,15,31
18869,0,23,41,-18
18870,0,203,142,61
18871,0,77,14,63
18872,0,43,129,-86
18873,0,232,122,110
18877,0,58,56,2
18878,0,2890,3117,-227
18879,0,6,8,-2
18880,0,17,139,-122
18881,0,6799,4785,2014
18882,0,54,48,6
18883,0,3226,1434,1792
18884,0,1369,1427,-58
18885,0,59,77,-18
18886,0,2,11,-9
18887,0,93,59,34
18888,0,35,67,-32
18890,0,78,43,35
18891,0,39,41,-2
18892,0,59,76,-17
18893,0,96,47,49
18894,0,64,319,-255
18895,0,214,216,-2
18896,0,290,65,225
18897,0,290,107,183
18898,0,7452,4068,3384
18899,0,187,141,46
18900,0,8,45,-37
18901,0,7,6,1
18902,0,56,113,-57
18903,0,4,23,-19
18904,0,11,2,9
18905,0,8,12,-4
18906,0,2207,1780,427
18907,0,2358,3630,-1272
18908,0,23,57,-34
18909,0,56,74,-18
18910,0,52,13,39
18911,0,228,62,166
18912,0,97,51,46
18913,0,2,11,-9
18914,0,6,17,-11
18915,0,28,40,-12
18917,0,94,81,13
18918,0,24,4,20
18919,0,31,83,-52
18920,0,30,10,20
18921,0,47,41,6
18923,0,15,32,-17
18924,0,30,49,-19
18925,0,27,8,19
18926,0,116,177,-61
18927,0,48,31,17
18929,0,1332,1290,42
18930,0,258,68,190
18931,0,102,164,-62
18932,0,1216,1892,-676
18933,0,83,60,23
18934,0,745,629,116
18935,0,248,168,80
18936,0,2,18,-16
18937,0,219,167,52
18938,0,19,13,6
18939,0,17,56,-39
18940,0,513,509,4
18941,0,52,129,-77
18942,0,2,59,-57
18943,0,116,240,-124
18944,0,391,816,-425
18945,0,71,43,28
18946,0,18,2,16
18947,0,478,60,418
18948,0,3,15,-12
18949,0,13,20,-7
18950,0,6,19,-13
18951,0,48,43,5
18952,0,13,30,-17
18953,0,3,5,-2
18954,0,37,104,-67
18955,0,89,82,7
18957,0,3203,6208,-3005
18958,0,26,15,11
18959,0,25,61,-36
18960,0,21,66,-45
18961,0,54,18,36
18962,0,13,2,11
18963,0,90,318,-228
18964,0,17,15,2
18965,0,1117,1261,-144
18966,0,1373,1949,-576
18967,0,9,23,-14
18968,0,28,37,-9
18969,0,57,44,13
18971,0,26,86,-60
18972,0,50,106,-56
18973,0,781,1019,-238
18974,0,74,98,-24
18975,0,12,16,-4
18976,0,19,19,0
18977,0,5,13,-8
18978,0,398,1082,-684
18979,0,498,67,431
18980,0,16,12,4
18981,0,71,1405,-1334
18982,0,4644,5416,-772
18984,0,5821,2911,2910
18985,0,6,159,-153
18986,0,3,34,-31
18987,0,20,3,17
18988,0,595,286,309
18990,0,8,44,-36
18991,0,5,22,-17
18992,0,188,150,38
18993,0,148,86,62
18994,0,70,22,48
18995,0,54,218,-164
18996,0,10,10,0
18997,0,18,9,9
18998,0,313,329,-16
19000,0,18,2,16
19001,0,91,331,-240
19002,0,7,29,-22
19004,0,260,197,63
19005,0,103,59,44
19006,0,1,1,0
19007,0,2,8,-6
19008,0,20,68,-48
19009,0,20,18,2
19010,0,220,159,61
19011,0,5,7,-2
19012,0,35,29,6
19013,0,733,420,313
19014,0,19,6,13
19015,0,11,22,-11
19016,0,4,36,-32
19017,0,3,10,-7
19018,0,4,13,-9
19019,0,11,7,4
19020,0,15,31,-16
19021,0,12,21,-9
19022,0,39,38,1
19023,0,5,16,-11
19024,0,5,12,-7
19025,0,2,4,-2
19026,0,515,420,95
19027,0,119,11,108
19028,0,3,6,-3
19029,0,796,337,459
19030,0,7,18,-11
19031,0,747,1357,-610
19032,0,10,2,8
19033,0,63,43,20
19034,0,86,159,-73
19035,0,180,418,-238
19037,0,6,7,-1
19038,0,1,35,-34
19039,0,122,145,-23
19040,0,2,15,-13
19041,0,4,16,-12
19042,0,90,25,65
19043,0,739,1311,-572
19044,0,1,8,-7
19045,0,377,35,342
19046,0,503,529,-26
19047,0,8,6,2
19048,0,124,118,6
19049,0,43,21,22
19050,0,13,11,2
19051,0,26,500,-474
19052,0,79,183,-104
19053,0,13,26,-13
19054,0,3964,7802,-3838
19055,0,56,38,18
19056,0,103,199,-96
19057,0,3,1,2
19058,0,9532,10555,-1023
19059,0,228,230,-2
19060,0,404,519,-115
19061,0,166,218,-52
19062,0,17,110,-93
19063,0,724,1407,-683
19064,0,13,55,-42
19065,0,11,4,7
19066,0,198,134,64
19067,0,333,392,-59
19068,0,75,98,-23
19069,0,45,104,-59
19070,0,80,55,25
19071,0,85,22,63
19072,0,2,16,-14
19073,0,4,4,0
19074,0,196,228,-32
19075,0,2666,1864,802
19076,0,84,45,39
19077,0,3,29,-26
19078,0,63,534,-471
19079,0,10,10,0
19080,0,622,215,407
19082,0,181,128,53
19083,0,12,57,-45
19084,0,3,2,1
19085,0,9,10,-1
19086,0,10,36,-26
19087,0,1084,4301,-3217
19089,0,6,29,-23
19090,0,6,75,-69
19091,0,10,51,-41
19092,0,4216,4512,-296
19093,0,66,119,-53
19094,0,4,10,-6
19095,0,33,91,-58
19096,0,55,37,18
19097,0,129,119,10
19098,0,7,2,5
19099,0,25,136,-111
19100,0,42,103,-61
19101,0,1102,351,751
19102,0,313,46,267
19103,0,1,15,-14
19104,0,28,56,-28
19105,0,29,33,-4
19106,0,11,8,3
19107,0,100,325,-225
19108,0,43,114,-71
19109,0,459,240,219
19110,0,3,24,-21
19111,0,5,14,-9
19112,0,28,17,11
19113,0,431,330,101
19115,0,283,113,170
19116,0,4,8,-4
19117,0,65,9,56
19118,0,3,1,2
19119,0,12,52,-40
19120,0,8,13,-5
19121,0,147,187,-40
19122,0,113,100,13
19123,0,184,214,-30
19124,0,78,342,-264
19125,0,156,67,89
19126,0,296,23,273
19127,0,50,108,-58
19128,0,288,292,-4
19129,0,1597,783,814
19130,0,6,71,-65
19131,0,150,59,91
19132,0,160,86,74
19133,0,1379,1376,3
19134,0,74,48,26
19135,0,2114,1965,149
19136,0,937182,518531,418651
19137,0,28,43,-15
19138,0,4286,5228,-942
19140,0,1111,6412,-5301
19141,0,34,41,-7
19142,0,134,75,59
19143,0,11819,8781,3038
19144,0,225,647,-422
19145,0,42,53,-11
19146,0,2,21,-19
19147,0,83,143,-60
19148,0,255,179,76
19149,0,6666,1148,5518
19150,0,370,89,281
19151,0,138,178,-40
19152,0,96,73,23
19153,0,17,31,-14
19154,0,9,8,1
19155,0,11,34,-23
19156,0,175,252,-77
19157,0,116,110,6
19159,0,5,3,2
19160,0,16,22,-6
19161,0,78,76,2
19162,0,861,118,743
19163,0,4,4,0
19164,0,284,73,211
19165,0,12,34,-22
19166,0,5981,5871,110
19167,0,199,102,97
19168,0,5,6,-1
19169,0,5,16,-11
19170,0,70,103,-33
19171,0,173,211,-38
19172,0,22,34,-12
19173,0,37,92,-55
19174,0,2,6,-4
19175,0,225,357,-132
19176,0,132,33,99
19177,0,2212,4245,-2033
19178,0,6,22,-16
19179,0,20,11,9
19180,0,3007,491,2516
19181,0,1112,887,225
19182,0,5,59,-54
19184,0,155,189,-34
19185,0,9,111,-102
19186,0,585,1208,-623
19187,0,45,25,20
19188,0,42,102,-60
19189,0,19,30,-11
19190,0,40,69,-29
19191,0,12,1,11
19192,0,28,36,-8
19193,0,129,137,-8
19194,0,17,25,-8
19195,0,133,197,-64
19196,0,2,64,-62
19197,0,423,83,340
19198,0,1,30,-29
19199,0,873,857,16
19200,0,42,155,-113
19201,0,173,533,-360
19202,0,2,173,-171
19203,0,64,110,-46
19204,0,3,15,-12
19205,0,7,22,-15
19206,0,2,20,-18
19207,0,59,180,-121
19208,0,34,11,23
19209,0,36,6,30
19210,0,21,38,-17
19212,0,35,25,10
19213,0,43,41,2
19214,0,9620,15670,-6050
19215,0,12,1,11
19216,0,8,7,1
19217,0,417,191,226
19219,0,18,45,-27
19220,0,1,3,-2
19221,0,8985,8884,101
19222,0,2754,6681,-3927
19223,0,29,22,7
19224,0,4,13,-9
19225,0,701,242,459
19226,0,27,59,-32
19227,0,5,16,-11
19228,0,3,18,-15
19229,0,145,102,43
19230,0,99,136,-37
19232,0,16,20,-4
19233,0,241,283,-42
19234,0,418,216,202
19235,0,6,43,-37
19236,0,311,612,-301
19237,0,3,1,2
19238,0,85,56,29
19240,0,51,1,50
19241,0,559,490,69
19244,0,9,4,5
19245,0,55,45,10
19246,0,114,180,-66
19247,0,11,1,10
19248,0,1482,1519,-37
19249,0,1092,449,643
19250,0,31,64,-33
19251,0,85,112,-27
19252,0,10258,9479,779
19253,0,4,3,1
19254,0,11,36,-25
19255,0,243,197,46
19256,0,66,16,50
19257,0,62,112,-50
19258,0,128,164,-36
19259,0,249,126,123
19260,0,2,73,-71
19261,0,1,27,-26
19262,0,25,71,-46
19263,0,28,25,3
19264,0,46,17,29
19265,0,41,107,-66
19266,0,278,199,79
19267,0,827,935,-108
19269,0,125,44,81
19270,0,44,92,-48
19271,0,15,30,-15
19273,0,89,119,-30
19274,0,16,26,-10
19275,0,23,32,-9
19276,0,219,737,-518
19277,0,1294,41,1253
19278,0,223,561,-338
19279,0,1453,941,512
19280,0,4357,1121,3236
19281,0,2696,3366,-670
19282,0,1373,696,677
19283,0,2176,2123,53
19284,0,34,85,-51
19285,0,3,9,-6
19286,0,3704,4316,-612
19287,0,175,276,-101
19289,0,1,16,-15
19290,0,586,1269,-683
19291,0,41,62,-21
19292,0,1298,2842,-1544
19293,0,78,91,-13
19294,0,11,28,-17
19295,0,1,5,-4
19296,0,72,58,14
19297,0,25,119,-94
19298,0,6,10,-4
19299,0,83,32,51
19300,0,79,31,48
19301,0,56,24,32
19302,0,66,88,-22
19303,0,21,69,-48
19304,0,357,1538,-1181
19305,0,8,21,-13
19306,0,8571,3030,5541
19308,0,812,579,233
19309,0,115,270,-155
19310,0,16,22,-6
19311,0,42,23,19
19312,0,4527,594,3933
19313,0,25,18,7
19314,0,3,11,-8
19315,0,54,39,15
19316,0,57,47,10
19317,0,85,145,-60
19318,0,2,12,-10
19320,0,366,242,124
19321,0,8323,6726,1597
19322,0,188,5,183
19323,0,5,8,-3
19324,0,29,20,9
19325,0,549,102,447
19326,0,18,14,4
19327,0,71,130,-59
19328,0,34,30,4
19329,0,7,7,0
19330,0,1249,176,1073
19331,0,166,203,-37
19332,0,62,53,9
19333,0,63,800,-737
19334,0,159,148,11
19335,0,122,26,96
19336,0,19,24,-5
19337,0,8,20,-12
19338,0,42,17,25
19339,0,1,15,-14
19340,0,65,89,-24
19341,0,1,45,-44
19342,0,44,40,4
19343,0,316,347,-31
19344,0,50,83,-33
19345,0,57,60,-3
19346,0,88,36,52
19347,0,79,193,-114
19348,0,24,20,4
19349,0,15,39,-24
19350,0,194,69,125
19351,0,4,8,-4
19352,0,187,197,-10
19353,0,16,57,-41
19354,0,11,10,1
19355,0,2392,3345,-953
19356,0,83,89,-6
19357,0,112,430,-318
19358,0,8,23,-15
19359,0,5,11,-6
19360,0,126,171,-45
19361,0,2,8,-6
19362,0,1638,1649,-11
19363,0,41,49,-8
19364,0,403,377,26
19365,0,11,68,-57
19366,0,66,1,65
19368,0,42,128,-86
19369,0,70,27,43
19370,0,200,113,87
19371,0,18,7,11
19372,0,37,48,-11
19373,0,17,18,-1
19374,0,38,149,-111
19375,0,6,1,5
19376,0,10631,8229,2402
19377,0,37,49,-12
19378,0,526,42,484
19379,0,186,304,-118
19380,0,92,119,-27
19381,0,6,8,-2
19382,0,190,857,-667
19383,0,49,15,34
19384,0,234,117,117
19386,0,573,126,447
19387,0,1750,2596,-846
19388,0,789,835,-46
19389,0,76,103,-27
19390,0,12,19,-7
19391,0,24,19,5
19392,0,3189,4635,-1446
19393,0,105,1095,-990
19394,0,112,219,-107
19395,0,46,204,-158
19396,0,143,84,59
19398,0,7,4,3
19399,0,147,266,-119
19400,0,60,150,-90
19401,0,58,40,18
19402,0,16,47,-31
19403,0,12,46,-34
19404,0,85,99,-14
19405,0,34,149,-115
19406,0,29,49,-20
19407,0,57,116,-59
19409,0,2042,3762,-1720
19410,0,1745,406,1339
19411,0,10,76,-66
19412,0,120,80,40
19413,0,53,30,23
19414,0,1047,823,224
19415,0,3,22,-19
19416,0,1,37,-36
19417,0,197,36,161
19418,0,9,6,3
19419,0,58,17,41
19420,0,4,2,2
19421,0,7,23,-16
19422,0,139,249,-110
19423,0,121,153,-32
19424,0,22,24,-2
19425,0,5,14,-9
19426,0,16,11,5
19427,0,44,23,21
19428,0,42,141,-99
19429,0,3089,1795,1294
19430,0,1282,1667,-385
19431,0,42,27,15
19432,0,1079,705,374
19433,0,937,1352,-415
19434,0,2,17,-15
19435,0,90,92,-2
19437,0,711,2117,-1406
19438,0,740,593,147
19439,0,57,33,24
19440,0,165,116,49
19441,0,265,219,46
19442,0,16,160,-144
19443,0,247,129,118
19444,0,4,3,1
19445,0,82,74,8
19446,0,22,2,20
19448,0,32,30,2
19449,0,148,222,-74
19450,0,23,106,-83
19451,0,178,301,-123
19452,0,31,77,-46
19454,0,54,37,17
19455,0,32,52,-20
19456,0,103,40,63
19457,0,124,143,-19
19458,0,206,105,101
19459,0,6844,8272,-1428
19460,0,342,404,-62
19462,0,2952,5452,-2500
19463,0,43,66,-23
19464,0,123,49,74
19465,0,16,58,-42
19466,0,10,146,-136
19467,0,5,12,-7
19468,0,210,890,-680
19469,0,45,38,7
19470,0,111,366,-255
19471,0,47,62,-15
19472,0,5,13,-8
19473,0,59,58,1
19474,0,48,16,32
19475,0,3,18,-15
19476,0,138,23,115
19477,0,3,5,-2
19478,0,57,32,25
19479,0,3906,410,3496
19480,0,29,93,-64
19481,0,16,2,14
19482,0,34,192,-158
19483,0,13,45,-32
19484,0,1038,314,724
19485,0,23,16,7
19486,0,30,58,-28
19487,0,36,26,10
19488,0,12388,13491,-1103
19489,0,61,35,26
19490,0,47,33,14
19491,0,43,55,-12
19492,0,20,19,1
19493,0,649,261,388
19494,0,298,67,231
19495,0,2200,3042,-842
19496,0,11,4,7
19497,0,3,0,3
19498,0,51,509,-458
19499,0,64,27,37
19500,0,2082,1722,360
19501,0,64,36,28
19502,0,106,7,99
19503,0,85,116,-31
19504,0,277,209,68
19505,0,465,899,-434
19506,0,14791,4504,10287
19507,0,134,182,-48
19508,0,8,42,-34
19509,0,186,37,149
19510,0,23,11,12
19511,0,132,434,-302
19512,0,31,223,-192
19513,0,25,17,8
19514,0,42,20,22
19515,0,3,4,-1
19516,0,5625,3071,2554
19517,0,5,28,-23
19518,0,437,446,-9
19519,0,55,29,26
19520,0,961,521,440
19521,0,23,31,-8
19522,0,155,146,9
19523,0,60,49,11
19524,0,75,69,6
19525,0,20,53,-33
19526,0,25,64,-39
19527,0,33,37,-4
19528,0,8,6,2
19529,0,24,50,-26
19530,0,9,4,5
19531,0,78,175,-97
19532,0,305,387,-82
19533,0,376,108,268
19534,0,1116,215,901
19535,0,13,2,11
19536,0,80,154,-74
19538,0,5,9,-4
19539,0,50,110,-60
19540,0,30,12,18
19541,0,191,520,-329
19542,0,38,84,-46
19544,0,1,15,-14
19545,0,6097,8481,-2384
19546,0,241,346,-105
19547,0,396,630,-234
19548,0,140,133,7
19549,0,287,205,82
19550,0,142,269,-127
19551,0,67,61,6
19552,0,181,307,-126
19553,0,146,267,-121
19554,0,525,117,408
19555,0,14,10,4
19556,0,18,142,-124
19557,0,3,12,-9
19558,0,44,143,-99
19560,0,14,5,9
19561,0,10,2,8
19562,0,31,21,10
19563,0,19,55,-36
19564,0,231,197,34
19565,0,23,67,-44
19566,0,3197,4879,-1682
19567,0,33,2,31
19568,0,391,507,-116
19569,0,33,81,-48
19570,0,56,42,14
19571,0,4,20,-16
19572,0,235,110,125
19574,0,26,22,4
19575,0,540,19,521
19576,0,81,52,29
19577,0,41,73,-32
19578,0,46,193,-147
19579,0,5181,7362,-2181
19580,0,85,110,-25
19581,0,7,15,-8
19582,0,1883,2542,-659
19583,0,41,128,-87
19584,0,7,6,1
19585,0,13,36,-23
19586,0,18,44,-26
19587,0,748,142,606
19588,0,2,43,-41
19589,0,6,11,-5
19590,0,3,24,-21
19591,0,11,3,8
19592,0,139,281,-142
19593,0,6,9,-3
19594,0,2,8,-6
19595,0,4,24,-20
19596,0,14,32,-18
19597,0,1003,994,9
19598,0,667,262,405
19599,0,6,52,-46
19601,0,15,45,-30
19602,0,11,46,-35
19603,0,69,107,-38
19604,0,43,94,-51
19606,0,2,4,-2
19607,0,4,31,-27
19608,0,55,31,24
19609,0,8,2,6
19610,0,137,176,-39
19611,0,146,221,-75
19612,0,29,7,22
19613,0,53,96,-43
19614,0,15,27,-12
19615,0,69,82,-13
19616,0,113,82,31
19618,0,3,8,-5
19619,0,11,13,-2
19620,0,95,97,-2
19621,0,53,204,-151
19622,0,121,79,42
19623,0,84,756,-672
19624,0,166,504,-338
19625,0,272,4,268
19626,0,25,31,-6
19627,0,56,66,-10
19628,0,4,72,-68
19629,0,24,56,-32
19631,0,2035,4589,-2554
19632,0,534,454,80
19633,0,12,73,-61
19634,0,3669,5791,-2122
19635,0,19,58,-39
19636,0,2,10,-8
19637,0,225,190,35
19638,0,826,1742,-916
19639,0,3,7,-4
19640,0,27,22,5
19641,0,10,3,7
19642,0,32,86,-54
19643,0,234,93,141
19644,0,128,29,99
19645,0,321,767,-446
19646,0,294,15,279
19647,0,8,23,-15
19648,0,48,18,30
19649,0,60,177,-117
19650,0,99,179,-80
19651,0,138,331,-193
19652,0,371,427,-56
19653,0,66,29,37
19654,0,3,4,-1
19655,0,1029,373,656
19656,0,171,142,29
19657,0,2053,787,1266
19658,0,8,45,-37
19659,0,160,56,104
19660,0,2606,2709,-103
19661,0,3015,2826,189
19662,0,131,28,103
19663,0,29,18,11
19664,0,139,13,126
19665,0,33,51,-18
19666,0,34,163,-129
19668,0,1,2,-1
19669,0,562,290,272
19670,0,28,12,16
19671,0,28,8,20
19672,0,52,27,25
19673,0,125,188,-63
19674,0,6,1,5
19675,0,332,2020,-1688
19676,0,266,906,-640
19677,0,7,2,5
19678,0,39,10,29
19679,0,60,79,-19
19680,0,28,39,-11
19681,0,12,52,-40
19682,0,2,3,-1
19683,0,12,246,-234
19684,0,47,61,-14
19685,0,123,3,120
19686,0,72,50,22
19687,0,7,34,-27
19688,0,33,33,0
19689,0,160,480,-320
19690,0,66,48,18
19691,0,81,496,-415
19692,0,512,127,385
19693,0,3,15,-12
19694,0,44,71,-27
19695,0,51,39,12
19696,0,23,31,-8
19697,0,16654,6854,9800
19698,0,55,33,22
19699,0,6,16,-10
19700,0,5479,7436,-1957
19701,0,9936,15263,-5327
19702,0,22,20,2
19703,0,37,50,-13
19704,0,51,34,17
19705,0,8,2,6
19706,0,8,2,6
19707,0,19,14,5
19708,0,46,71,-25
19709,0,10,32,-22
19710,0,947,2110,-1163
19712,0,305,232,73
19713,0,42,20,22
19714,0,22,48,-26
19715,0,42,129,-87
19716,0,5,4,1
19717,0,18,12,6
19718,0,5,2,3
19719,0,32,10,22
19720,0,119,512,-393
19721,0,48,64,-16
19722,0,685,431,254
19725,0,301,129,172
19726,0,78,36,42
19727,0,15,17,-2
19728,0,10,14,-4
19729,0,38,131,-93
19730,0,1,18,-17
19731,0,28,14,14
19732,0,27,12,15
19735,0,511,78,433
19736,0,12,21,-9
19737,0,12,30,-18
19738,0,68,35,33
19739,0,22,31,-9
19740,0,61,15,46
19741,0,3,14,-11
19742,0,20,52,-32
19743,0,343,105,238
19744,0,10,1,9
19745,0,74,78,-4
19746,0,18,69,-51
19747,0,17,39,-22
19748,0,44,10,34
19749,0,216,600,-384
19750,0,16,43,-27
19751,0,686,3908,-3222
19752,0,15,21,-6
19753,0,28,49,-21
19754,0,44,92,-48
19755,0,13,4,9
19756,0,15,24,-9
19757,0,50,406,-356
19758,0,43,28,15
19759,0,1,17,-16
19760,0,110,284,-174
19762,0,17,11,6
19763,0,148,268,-120
19764,0,122,77,45
19765,0,12,6,6
19767,0,14,1,13
19768,0,856,507,349
19769,0,12,10,2
19770,0,3,127,-124
19771,0,38,31,7
19772,0,33,107,-74
19773,0,74,33,41
19774,0,14,7,7
19775,0,13,11,2
19777,0,140,513,-373
19778,0,4,28,-24
19780,0,13,32,-19
19781,0,915,576,339
19782,0,23,30,-7
19783,0,36,28,8
19784,0,175,60,115
19785,0,66,6,60
19786,0,75,82,-7
19787,0,342,312,30
19788,0,367,1044,-677
19789,0,1891,939,952
19790,0,34,19,15
19791,0,963,906,57
19792,0,197,236,-39
19793,0,144,168,-24
19794,0,29,64,-35
19795,0,2771,1953,818
19796,0,418,98,320
19798,0,32,66,-34
19799,0,11,36,-25
19800,0,263,82,181
19801,0,75,21,54
19802,0,3580,5360,-1780
19803,0,6,19,-13
19804,0,301,75,226
19805,0,4,7,-3
19806,0,2,15,-13
19807,0,8,37,-29
19808,0,2,33,-31
19809,0,137,185,-48
19810,0,6,19,-13
19811,0,1059,3035,-1976
19812,0,164,179,-15
19813,0,10,33,-23
19814,0,1261,1017,244
19815,0,6510,2851,3659
19816,0,88,19,69
19817,0,91,131,-40
19818,0,744,3450,-2706
19819,0,325,665,-340
19820,0,72,5,67
19821,0,1014,225,789
19822,0,7733,6626,1107
19823,0,10220,10973,-753
19824,0,1,6,-5
19825,0,1364,950,414
19826,0,349,355,-6
19827,0,104,20,84
19828,0,613,1112,-499
19829,0,25,24,1
19830,0,66,33,33
19831,0,33,95,-62
19832,0,16,27,-11
19833,0,5216,6623,-1407
19834,0,307,56,251
19835,0,153,74,79
19836,0,83,58,25
19837,0,14,4,10
19838,0,37,12,25
19839,0,554,631,-77
19840,0,39,66,-27
19842,0,52,34,18
19843,0,17,106,-89
19844,0,5225,5097,128
19845,0,30,8,22
19846,0,11,25,-14
19847,0,109,196,-87
19848,0,169,349,-180
19849,0,243,407,-164
19850,0,41,83,-42
19851,0,77,109,-32
19852,0,30,25,5
19853,0,77,73,4
19854,0,221,211,10
19855,0,20,23,-3
19856,0,510,917,-407
19857,0,237,251,-14
19858,0,113,57,56
19859,0,172,170,2
19860,0,79,40,39
19861,0,1460,271,1189
19862,0,10,2,8
19863,0,40,12,28
19864,0,227,315,-88
19865,0,516,578,-62
19866,0,14,44,-30
19867,0,181,138,43
19869,0,168,417,-249
19870,0,100,11,89
19871,0,10,22,-12
19872,0,10077,14237,-4160
19873,0,17,9,8
19874,0,15,64,-49
19875,0,11,19,-8
19876,0,183,44,139
19877,0,57,5,52
19878,0,13,68,-55
19879,0,1259,2815,-1556
19880,0,34,86,-52
19881,0,362,38,324
19882,0,114,111,3
19883,0,1,25,-24
19884,0,77,64,13
19885,0,28,199,-171
19886,0,5,16,-11
19887,0,111,28,83
19888,0,38,10,28
19889,0,52,58,-6
19890,0,126,35,91
19891,0,8,13,-5
19892,0,18,22,-4
19893,0,7,19,-12
19894,0,67,20,47
19896,0,18,7,11
19897,0,35,40,-5
19898,0,23,15,8
19899,0,35,43,-8
19900,0,164,322,-158
19901,0,11,26,-15
19902,0,30,19,11
19903,0,49,85,-36
19904,0,9,3,6
19905,0,9,3,6
19906,0,1231,438,793
19907,0,129,118,11
19908,0,12,25,-13
19909,0,8,3,5
19910,0,22,26,-4
19911,0,32,7,25
19912,0,100,61,39
19913,0,144,207,-63
19914,0,4,0,4
19915,0,6465,11186,-4721
19916,0,180,20,160
19917,0,32,81,-49
19918,0,42,37,5
19919,0,1558,765,793
19920,0,208,2293,-2085
19921,0,47,198,-151
19922,0,268,236,32
19923,0,30,26,4
19924,0,768,19,749
19925,0,147,111,36
19926,0,3640,7917,-4277
19927,0,4,31,-27
19928,0,15,7,8
19929,0,762,1181,-419
19930,0,11523,5570,5953
19931,0,202,305,-103
19932,0,111,78,33
19933,0,9,11,-2
19934,0,3,2,1
19935,0,11,51,-40
19936,0,31,98,-67
19937,0,1,1,0
19938,0,22,20,2
19939,0,61,61,0
19940,0,7,2,5
19941,0,58,109,-51
19942,0,34,63,-29
19943,0,3345,2327,1018
19944,0,1,10,-9
19946,0,1,2,-1
19947,0,43,25,18
19948,0,47,20,27
19949,0,57,83,-26
19950,0,349,143,206
19951,0,61,239,-178
19952,0,3125,4847,-1722
19954,0,102,114,-12
19955,0,43,64,-21
19956,0,25,42,-17
19957,0,33,14,19
19958,0,291,22,269
19959,0,7,7,0
19960,0,49,11,38
19961,0,4452,3304,1148
19962,0,19,72,-53
19963,0,350,588,-238
19964,0,8,17,-9
19966,0,1794,2120,-326
19967,0,49,357,-308
19968,0,5,15,-10
19969,0,20,20,0
19970,0,49,143,-94
19971,0,153,286,-133
19972,0,443,332,111
19973,0,25,69,-44
19974,0,837,1281,-444
19975,0,30,8,22
19976,0,45,31,14
19977,0,112,210,-98
19978,0,16,3,13
19979,0,7,16,-9
19980,0,2945,3975,-1030
19981,0,5,23,-18
19982,0,2035,2186,-151
19983,0,18,83,-65
19984,0,8,14,-6
19985,0,2,7,-5
19986,0,8,5,3
19987,0,7729,7078,651
19988,0,20,51,-31
19989,0,142,103,39
19990,0,325,265,60
19991,0,16,12,4
19992,0,221,139,82
19993,0,890,124,766
19994,0,672,1076,-404
19995,0,7,28,-21
19997,0,484,865,-381
19998,0,2,8,-6
19999,0,15,26,-11
20000,0,6,3,3
20003,0,51,23,28
20004,0,11091,14027,-2936
20005,0,4,18,-14
20007,0,5,134,-129
20008,0,299,270,29
20009,0,8,44,-36
20010,0,1,15,-14
20011,0,2707,4789,-2082
20012,0,1080,1468,-388
20013,0,2478,8547,-6069
20014,0,6,2,4
20015,0,161,243,-82
20017,0,29,63,-34
20018,0,236,64,172
20020,0,27,109,-82
20021,0,604,930,-326
20022,0,454,430,24
20023,0,283,750,-467
20024,0,47,256,-209
20025,0,12,7,5
20026,0,12,13,-1
20027,0,15,31,-16
20028,0,31,72,-41
20029,0,3,7,-4
20030,0,9133,18713,-9580
20031,0,23,41,-18
20032,0,166,163,3
20033,0,2,5,-3
20034,0,406,81,325
20035,0,2,7,-5
20036,0,64,58,6
20037,0,70,82,-12
20038,0,20,36,-16
20039,0,2,26,-24
20040,0,2844,703,2141
20041,0,64,42,22
20042,0,2,20,-18
20043,0,11,3,8
20044,0,2897,2856,41
20045,0,22,36,-14
20046,0,12,34,-22
20047,0,2,16,-14
20048,0,677,2510,-1833
20049,0,95,338,-243
20050,0,51,27,24
20051,0,12,10,2
20052,0,6,49,-43
20053,0,20,15,5
20054,0,9,24,-15
20055,0,180,381,-201
20056,0,8,2,6
20057,0,11,10,1
20058,0,412,451,-39
20059,0,4870,7085,-2215
20060,0,62,22,40
20061,0,15,0,15
20062,0,251,261,-10
20063,0,27,16,11
20064,0,5,5,0
20065,0,117,1114,-997
20066,0,34,8,26
20067,0,33,15,18
20068,0,2437,1147,1290
20069,0,3,6,-3
20070,0,57,256,-199
20071,0,307,448,-141
20072,0,3,4,-1
20073,0,18,34,-16
20075,0,8371,3204,5167
20076,0,2339,2369,-30
20077,0,5,14,-9
20078,0,187,151,36
20079,0,16,67,-51
20080,0,4329,3350,979
20081,0,16,39,-23
20082,0,3,12,-9
20083,0,146,240,-94
20084,0,141,187,-46
20085,0,2151,1216,935
20086,0,344,413,-69
20087,0,12,18,-6
20088,0,2,22,-20
20089,0,20,11,9
20090,0,3,52,-49
20091,0,15,61,-46
20092,0,232,472,-240
20093,0,6732,4952,1780
20094,0,47,128,-81
20095,0,6572,423,6149
20096,0,17,11,6
20097,0,19,12,7
20098,0,139,83,56
20099,0,74,49,25
20100,0,20,54,-34
20101,0,8993,2442,6551
20102,0,67,114,-47
20104,0,232,116,116
20105,0,23,27,-4
20106,0,14,24,-10
20107,0,17,25,-8
20108,0,212,87,125
20109,0,33,90,-57
20110,0,119,61,58
20111,0,91,162,-71
20112,0,13,12,1
20113,0,16,33,-17
20114,0,24,35,-11
20115,0,39,7,32
20116,0,732,836,-104
20117,0,195,212,-17
20118,0,51,62,-11
20119,0,365,42,323
20120,0,92,71,21
20121,0,782,182,600
20122,0,12,12,0
20123,0,23,36,-13
20124,0,160,1055,-895
20125,0,116,116,0
20126,0,144,2,142
20127,0,145,130,15
20128,0,392,188,204
20129,0,21,18,3
20130,0,15,20,-5
20131,0,3,4,-1
20132,0,44,51,-7
20133,0,110,132,-22
20134,0,329,214,115
20135,0,12,32,-20
20136,0,44,120,-76
20137,0,27,187,-160
20138,0,42,3,39
20139,0,64,33,31
20140,0,26,28,-2
20141,0,171,223,-52
20142,0,139,145,-6
20143,0,48,94,-46
20144,0,1411,877,534
20145,0,162,168,-6
20146,0,222,587,-365
20147,0,548,765,-217
20148,0,1637,1947,-310
20150,0,663,58,605
20151,0,1028,1049,-21
20152,0,350,498,-148
20153,0,231,1049,-818
20154,0,22,36,-14
20155,0,59,49,10
20156,0,37,78,-41
20157,0,14,77,-63
20158,0,4,7,-3
20159,0,240,957,-717
20160,0,785,1043,-258
20161,0,17,40,-23
20162,0,95,76,19
20163,0,43,27,16
20164,0,67,19,48
20165,0,95,61,34
20166,0,21,16,5
20167,0,23,64,-41
20168,0,1047,112,935
20169,0,1,10,-9
20170,0,142,121,21
20171,0,4,29,-25
20172,0,14,9,5
20173,0,79,117,-38
20174,0,26,9,17
20176,0,137,111,26
20177,0,330,3026,-2696
20178,0,109,107,2
20179,0,126,21,105
20180,0,20,21,-1
20181,0,77,227,-150
20182,0,73,552,-479
20183,0,2,26,-24
20184,0,53,217,-164
20185,0,179,55,124
20186,0,47,46,1
20187,0,241,14,227
20188,0,761,783,-22
20189,0,84,27,57
20190,0,17,30,-13
20191,0,7,39,-32
20192,0,6223,10653,-4430
20193,0,101,62,39
20194,0,29,26,3
20195,0,15,304,-289
20196,0,50,119,-69
20197,0,12,73,-61
20198,0,49,169,-120
20200,0,7,18,-11
20201,0,2635,2456,179
20202,0,202,89,113
20203,0,75,73,2
20205,0,19,5,14
20206,0,200,247,-47
20207,0,29,38,-9
20208,0,52,29,23
20209,0,38,16,22
20210,0,25,27,-2
20211,0,417,126,291
20212,0,4062,3008,1054
20213,0,2,26,-24
20214,0,6,10,-4
20215,0,765,437,328
20216,0,168,225,-57
20217,0,1,16,-15
20218,0,170,102,68
20219,0,3,5,-2
20220,0,41,75,-34
20221,0,102,44,58
20222,0,13,23,-10
20223,0,86,114,-28
20224,0,27,16,11
20225,0,145,127,18
20226,0,51,434,-383
20227,0,168,463,-295
20228,0,2,18,-16
20229,0,956,1049,-93
20230,0,153,220,-67
20231,0,36,77,-41
20232,0,11,10,1
20233,0,3,26,-23
20235,0,33,35,-2
20236,0,310,903,-593
20237,0,144,92,52
20238,0,88,96,-8
20239,0,662,3417,-2755
20240,0,1392,33,1359
20241,0,7,27,-20
20242,0,113,41,72
20243,0,37,69,-32
20244,0,46,31,15
20245,0,5441,3401,2040
20246,0,107,11,96
20247,0,25,11,14
20248,0,14,68,-54
20249,0,189,168,21
20250,0,74,22,52
20251,0,5610,107404,-101794
20252,0,75,136,-61
20253,0,26,44,-18
20254,0,11,29,-18
20255,0,31,17,14
20256,0,221,145,76
20257,0,2,5,-3
20258,0,7292,4584,2708
20259,0,1009,469,540
20260,0,2,21,-19
20261,0,11,4,7
20262,0,3312,1667,1645
20263,0,29,39,-10
20264,0,227,205,22
20265,0,15,32,-17
20266,0,129,39,90
20267,0,5,9,-4
20268,0,3,7,-4
20269,0,9,14,-5
20271,0,649,3844,-3195
20272,0,1,30,-29
20273,0,31,16,15
20274,0,459,309,150
20275,0,111,146,-35
20276,0,1,6,-5
20277,0,2,7,-5
20278,0,199,469,-270
20279,0,22,75,-53
20281,0,35,12,23
20282,0,95,35,60
20283,0,55,149,-94
20284,0,35,56,-21
20286,0,7,4,3
20287,0,13,8,5
20289,0,46,64,-18
20290,0,16,57,-41
20291,0,1,1,0
20292,0,15,8,7
20293,0,31,37,-6
20294,0,128,56,72
20295,0,8889,7198,1691
20296,0,28,47,-19
20297,0,24,52,-28
20298,0,41,14,27
20299,0,30,13,17
20300,0,10,25,-15
20301,0,53,18,35
20302,0,1727,1296,431
20303,0,8,33,-25
20304,0,8,145,-137
20305,0,68,14,54
20306,0,120,81,39
20307,0,33,57,-24
20308,0,25,45,-20
20310,0,88,34,54
20311,0,88,104,-16
20312,0,76,104,-28
20313,0,149,207,-58
20314,0,55,52,3
20315,0,11,205,-194
20316,0,17,22,-5
20317,0,4,9,-5
20318,0,580,424,156
20319,0,46,271,-225
20320,0,177,63,114
20321,0,2441,6725,-4284
20322,0,100,68,32
20323,0,4,17,-13
20324,0,1274,625,649
20325,0,788,110,678
20326,0,286,414,-128
20327,0,6,3,3
20328,0,60,67,-7
20329,0,76,40,36
20330,0,52,200,-148
20331,0,2476,4503,-2027
20332,0,1137,2799,-1662
20333,0,4654,5143,-489
20334,0,16,6,10
20335,0,15,19,-4
20336,0,85,56,29
20337,0,121,309,-188
20338,0,5,15,-10
20341,0,20,9,11
20342,0,1596,1034,562
20343,0,7,22,-15
20344,0,49,0,49
20345,0,21,3,18
20346,0,84,113,-29
20347,0,2,45,-43
20348,0,801,1147,-346
20349,0,3,3,0
20350,0,10,5,5
20351,0,299,458,-159
20352,0,3,3,0
20353,0,12,11,1
20355,0,29,25,4
20356,0,4,2,2
20358,0,179,204,-25
20359,0,26,76,-50
20360,0,2585,3443,-858
20361,0,181,258,-77
20362,0,87,50,37
20363,0,1066,891,175
20364,0,19,20,-1
20365,0,64,242,-178
20366,0,94,305,-211
20367,0,10,193,-183
20368,0,118,427,-309
20369,0,8,9,-1
20370,0,110,198,-88
20371,0,26,30,-4
20372,0,3,14,-11
20373,0,11,5,6
20374,0,180,865,-685
20375,0,41,33,8
20376,0,20,14,6
20377,0,131,385,-254
20380,0,3,8,-5
20381,0,566,151,415
20382,0,485,512,-27
20383,0,39,17,22
20384,0,7,8,-1
20385,0,286,536,-250
20386,0,4,9,-5
20387,0,3,9,-6
20388,0,109,178,-69
20389,0,140,175,-35
20390,0,64,51,13
20391,0,110,64,46
20392,0,18,21,-3
20393,0,46,2766,-2720
20394,0,145,43,102
20395,0,2753,2303,450
20396,0,4,99,-95
20397,0,9,173,-164
20398,0,71,56,15
20399,0,45,21,24
20400,0,74,27,47
20401,0,16,13,3
20402,0,39,35,4
20403,0,200,186,14
20405,0,112,840,-728
20407,0,10,7,3
20408,0,161,164,-3
20409,0,49,20,29
20410,0,188,107,81
20411,0,439,260,179
20412,0,3,15,-12
20414,0,5,14,-9
20415,0,394,783,-389
20416,0,46,99,-53
20417,0,2123,425,1698
20418,0,155,71,84
20420,0,5,2,3
20422,0,73,149,-76
20423,0,81,131,-50
20424,0,82,26,56
20426,0,18,97,-79
20427,0,3,1,2
20428,0,1370,2375,-1005
20429,0,40,47,-7
20430,0,14,34,-20
20431,0,16,124,-108
20432,0,52,15,37
20433,0,33,21,12
20434,0,14,5,9
20435,0,26,152,-126
20436,0,37,21,16
20437,0,741,672,69
20438,0,13,30,-17
20439,0,72,14,58
20440,0,15,10,5
20441,0,23,8,15
20442,0,35,385,-350
20443,0,461,372,89
20444,0,151,123,28
20445,0,1006,1214,-208
20446,0,16,74,-58
20447,0,19,55,-36
20448,0,46,15,31
20449,0,5264,6215,-951
20450,0,1,13,-12
20451,0,374,292,82
20452,0,30,36,-6
20453,0,48,29,19
20454,0,28,41,-13
20455,0,10,20,-10
20456,0,28,24,4
20457,0,2403,5459,-3056
20458,0,37,183,-146
20459,0,6,5,1
20460,0,181,1201,-1020
20461,0,33,18,15
20462,0,499,168,331
20463,0,157,386,-229
20464,0,32,26,6
20465,0,33,4,29
20466,0,53,14,39
20467,0,253,62,191
20468,0,4,19,-15
20469,0,325,6537,-6212
20470,0,39,89,-50
20471,0,1083,703,380
20472,0,51,71,-20
20473,0,72,297,-225
20474,0,123,87,36
20475,0,34,40,-6
20476,0,272,12,260
20477,0,742,955,-213
20478,0,332,237,95
20479,0,26,43,-17
20480,0,8,23,-15
20481,0,610,173,437
20482,0,14,18,-4
20483,0,6365,12308,-5943
20484,0,296,75,221
20485,0,38,71,-33
20486,0,13,11,2
20487,0,250,212,38
20488,0,5,54,-49
20489,0,72,28,44
20490,0,15,18,-3
20491,0,367,153,214
20492,0,15,32,-17
20493,0,27,90,-63
20494,0,83,75,8
20495,0,52,11,41
20496,0,12262,12979,-717
20497,0,173,198,-25
20498,0,20,36,-16
20499,0,66,36,30
20500,0,16,138,-122
20501,0,10,5,5
20502,0,23,33,-10
20503,0,4,22,-18
20504,0,243,448,-205
20505,0,639,785,-146
20506,0,59,41,18
20507,0,2226,10419,-8193
20508,0,42,126,-84
20509,0,592,171,421
20510,0,41,104,-63
20511,0,47,5,42
20512,0,26,7,19
20513,0,6,2,4
20514,0,51,75,-24
20515,0,105,562,-457
20516,0,14,14,0
20517,0,2095,183,1912
20518,0,20,107,-87
20519,0,1432,1160,272
20520,0,215,131,84
20521,0,1093,850,243
20523,0,5,0,5
20524,0,2,6,-4
20525,0,56,37,19
20526,0,2,8,-6
20527,0,89,68,21
20528,0,4,8,-4
20529,0,34,76,-42
20530,0,40,69,-29
20531,0,23,4,19
20532,0,1,4,-3
20534,0,44,11,33
20535,0,8,0,8
20536,0,562,72,490
20537,0,6,31,-25
20538,0,650,9814,-9164
20539,0,82,166,-84
20540,0,764,1939,-1175
20541,0,31,41,-10
20542,0,8,17,-9
20545,0,24,44,-20
20546,0,47,23,24
20547,0,116,143,-27
20548,0,3,5,-2
20549,0,5809,4577,1232
20550,0,12,76,-64
20551,0,2683,999,1684
20552,0,1115,494,621
20553,0,7,1,6
20554,0,14,14,0
20556,0,19,15,4
20557,0,2850,338,2512
20558,0,592,146,446
20559,0,146,218,-72
20560,0,107,107,0
20561,0,236,760,-524
20562,0,1630,881,749
20563,0,65,62,3
20564,0,2,18,-16
20565,0,4,37,-33
20566,0,1,1,0
20567,0,62,68,-6
20568,0,142,104,38
20569,0,110,114,-4
20570,0,8,11,-3
20571,0,35,23,12
20572,0,134,203,-69
20573,0,60,39,21
20574,0,5,41,-36
20575,0,140,202,-62
20576,0,333,467,-134
20577,0,15,3,12
20578,0,10,10,0
20579,0,59,173,-114
20580,0,17,15,2
20581,0,13,17,-4
20582,0,535,360,175
20583,0,7,118,-111
20584,0,511,1792,-1281
20585,0,3,18,-15
20586,0,44,7,37
20588,0,70,96,-26
20589,0,2538,3492,-954
20590,0,5,5,0
20592,0,125,160,-35
20593,0,50,43,7
20594,0,200,522,-322
20596,0,1091,992,99
20597,0,5,3,2
20598,0,25,29,-4
20599,0,93,178,-85
20600,0,107,21,86
20601,0,102,199,-97
20602,0,7,3,4
20603,0,7,15,-8
20604,0,1,5,-4
20605,0,127,95,32
20606,0,37,46,-9
20607,0,11,78,-67
20608,0,308518,4401,304117
20609,0,12,63,-51
20610,0,442,507,-65
20611,0,5442,6719,-1277
20612,0,1877,62,1815
20613,0,13612,19963,-6351
20614,0,43,80,-37
20615,0,2,6,-4
20617,0,39,7,32
20618,0,22,22,0
20620,0,58,83,-25
20621,0,31,89,-58
20622,0,624,1741,-1117
20623,0,186,301,-115
20624,0,20,19,1
20625,0,1704,1800,-96
20626,0,66,48,18
20627,0,162,107,55
20628,0,608,320,288
20629,0,1986,2431,-445
20630,0,78,7,71
20631,0,789,250,539
20632,0,336,348,-12
20633,0,9,64,-55
20634,0,95,51,44
20635,0,90,91,-1
20636,0,16,5,11
20637,0,7391,10579,-3188
20638,0,386,1472,-1086
20639,0,1917,1907,10
20640,0,4,126,-122
20642,0,21,78,-57
20643,0,4,36,-32
20644,0,31,15,16
20645,0,37,66,-29
20646,0,27,54,-27
20647,0,24,2,22
20648,0,8,43,-35
20649,0,5,3,2
20650,0,1565,707,858
20651,0,4,25,-21
20653,0,58,228,-170
20654,0,6,3,3
20655,0,19558,10025,9533
20656,0,885,102,783
20657,0,36,18,18
20658,0,4,49,-45
20659,0,40,26,14
20660,0,23,55,-32
20661,0,121,54,67
20662,0,54,18,36
20663,0,38,15,23
20664,0,45,36,9
20665,0,85,71,14
20667,0,8,36,-28
20668,0,2400,2927,-527
20669,0,45,47,-2
20670,0,64,36,28
20671,0,35,40,-5
20672,0,6931,12349,-5418
20673,0,269,81,188
20674,0,44,48,-4
20675,0,26,9,17
20677,0,114,838,-724
20678,0,92,68,24
20679,0,9,20,-11
20680,0,27,48,-21
20681,0,10,37,-27
20682,0,37,44,-7
20683,0,176,23,153
20684,0,8,60,-52
20685,0,993,1036,-43
20686,0,16,18,-2
20687,0,535,1948,-1413
20688,0,11,260,-249
20689,0,112,104,8
20691,0,80,51,29
20692,0,470,300,170
20693,0,187,169,18
20694,0,6,17,-11
20696,0,188,268,-80
20697,0,1,8,-7
20698,0,205,181,24
20699,0,65,20,45
20700,0,336,181,155
20702,0,39,111,-72
20703,0,13,31,-18
20704,0,345,285,60
20705,0,4,8,-4
20706,0,874,414,460
20707,0,14210,11396,2814
20708,0,500,1170,-670
20709,0,50,74,-24
20710,0,71,78,-7
20711,0,17,12,5
20712,0,6,0,6
20713,0,52,36,16
20715,0,34,15,19
20716,0,835,138,697
20717,0,33,7,26
20718,0,42,68,-26
20719,0,61,73,-12
20720,0,53,1,52
20721,0,3,12,-9
20722,0,9,37,-28
20723,0,112,668,-556
20724,0,19,10,9
20725,0,83,36,47
20726,0,77,115,-38
20728,0,24,14,10
20730,0,17,2,15
20731,0,40,7,33
20732,0,40,83,-43
20733,0,82,51,31
20734,0,189,130,59
20735,0,1926,2022,-96
20736,0,751,3633,-2882
20737,0,93,201,-108
20738,0,33,34,-1
20739,0,8,16,-8
20740,0,16,8,8
20741,0,171,96,75
20742,0,115,183,-68
20743,0,2,12,-10
20744,0,10,18,-8
20745,0,3,1,2
20746,0,762,331,431
20747,0,100,157,-57
20748,0,322,22,300
20749,0,337,344,-7
20750,0,1,30,-29
20751,0,162,143,19
20752,0,66,92,-26
20754,0,102,75,27
20755,0,41,40,1
20756,0,155,406,-251
20757,0,366,10,356
20758,0,153,160,-7
20759,0,5,11,-6
20760,0,75,61,14
20761,0,1788,942,846
20762,0,162,476,-314
20763,0,3745,5225,-1480
20764,0,29,52,-23
20765,0,23,19,4
20766,0,17,36,-19
20767,0,127,6,121
20768,0,2,19,-17
20769,0,66,126,-60
20770,0,3,9,-6
20772,0,308,632,-324
20773,0,13,1,12
20774,0,12,20,-8
20775,0,16,17,-1
20776,0,783,155,628
20777,0,8712,4543,4169
20778,0,43,47,-4
20779,0,39,79,-40
20780,0,500,35,465
20781,0,8,35,-27
20782,0,6,54,-48
20783,0,335,1442,-1107
20784,0,48,29,19
20785,0,1053,3461,-2408
20786,0,28,13,15
20787,0,61,159,-98
20788,0,40,21,19
20789,0,227,76,151
20790,0,64,16,48
20791,0,38,22,16
20792,0,2,17,-15
20793,0,2,18,-16
20794,0,186,78,108
20795,0,799,1309,-510
20796,0,38,88,-50
20797,0,45,81,-36
20798,0,410,412,-2
20799,0,83,127,-44
20800,0,50,22,28
20801,0,169,2674,-2505
20802,0,74,74,0
20803,0,139,261,-122
20804,0,1,22,-21
20805,0,33,38,-5
20806,0,18,10,8
20807,0,59,30,29
20808,0,46,33,13
20809,0,3,21,-18
20810,0,33,12,21
20811,0,53,90,-37
20812,0,125,139,-14
20813,0,271,145,126
20814,0,69,35,34
20815,0,23,40,-17
20816,0,162,165,-3
20817,0,1811,9,1802
20818,0,1571,3361,-1790
20819,0,657,627,30
20820,0,16,35,-19
20821,0,109,75,34
20822,0,5303,21037,-15734
20823,0,8,4,4
20824,0,917,527,390
20825,0,43,6,37
20826,0,317,294,23
20828,0,880,1816,-936
20829,0,5,10,-5
20831,0,171,174,-3
20833,0,8975,8849,126
20834,0,10,5,5
20835,0,63,47,16
20836,0,50,267,-217
20837,0,33,46,-13
20838,0,154,44,110
20839,0,735,26,709
20840,0,255,375,-120
20841,0,184,170,14
20842,0,13,3,10
20843,0,645,1554,-909
20844,0,351,359,-8
20845,0,458,432,26
20847,0,21,12,9
20848,0,1146,161,985
20849,0,128,57,71
20850,0,114,198,-84
20851,0,17,18,-1
20852,0,33,130,-97
20853,0,26,20,6
20854,0,43,35,8
20855,0,92,49,43
20856,0,8,58,-50
20857,0,2,9,-7
20858,0,16,1,15
20860,0,172,135,37
20861,0,9,9,0
20862,0,99,74,25
20863,0,124,115,9
20864,0,47,137,-90
20865,0,280,138,142
20866,0,17,23,-6
20867,0,208,132,76
20868,0,206,374,-168
20869,0,20,8,12
20870,0,25,42,-17
20871,0,19,12,7
20872,0,11368,6025,5343
20873,0,15,32,-17
20874,0,29,28,1
20875,0,614,790,-176
20876,0,2,11,-9
20877,0,312,238,74
20878,0,632,238,394
20879,0,2,16,-14
20880,0,2524,202,2322
20881,0,66,12,54
20883,0,70,103,-33
20884,0,6,8,-2
20885,0,2,7,-5
20886,0,90,121,-31
20887,0,19,12,7
20888,0,6,2,4
20889,0,432,75,357
20890,0,11657,12234,-577
20892,0,53,2,51
20893,0,16,7,9
20894,0,132,35,97
20895,0,118,116,2
20896,0,8,4,4
20897,0,152,203,-51
20898,0,19,0,19
20899,0,27,75,-48
20900,0,3,9,-6
20902,0,98,119,-21
20903,0,28,112,-84
20905,0,32,19,13
20906,0,53,129,-76
20908,0,219,280,-61
20909,0,152,85,67
20910,0,9,29,-20
20911,0,1579,1473,106
20912,0,100,50,50
20913,0,3,14,-11
20914,0,63,277,-214
20915,0,23,34,-11
20916,0,3,10,-7
20918,0,812,2840,-2028
20919,0,335,279,56
20920,0,1889,707,1182
20921,0,157,40,117
20922,0,34,75,-41
20923,0,129,346,-217
20924,0,7,140,-133
20925,0,30,14,16
20926,0,132,242,-110
20927,0,1095,295,800
20929,0,15,4,11
20930,0,356,991,-635
20931,0,30,9,21
20932,0,266,66,200
20933,0,1,2,-1
20934,0,5,85,-80
20935,0,22,3,19
20936,0,10,4,6
20937,0,4,9,-5
20938,0,31,16,15
20939,0,2,7,-5
20940,0,18,106,-88
20941,0,14,20,-6
20942,0,19,37,-18
20943,0,2817,2403,414
20944,0,179,16,163
20945,0,40,49,-9
20946,0,154,182,-28
20947,0,1330,41,1289
20948,0,13,27,-14
20949,0,56,39,17
20950,0,26,7,19
20951,0,6,29,-23
20953,0,254,281,-27
20954,0,699,679,20
20955,0,19,24,-5
20956,0,26,28,-2
20957,0,5,4,1
20958,0,18,75,-57
20960,0,19,9,10
20961,0,4461,2062,2399
20962,0,101,203,-102
20963,0,2415,3116,-701
20964,0,192,236,-44
20965,0,36,133,-97
20966,0,1621,237,1384
20967,0,8,26,-18
20968,0,672,586,86
20969,0,6,26,-20
20970,0,2,5,-3
20971,0,14,6,8
20973,0,47,90,-43
20974,0,1,2,-1
20975,0,42,38,4
20976,0,5,9,-4
20978,0,76,55,21
20979,0,7,9,-2
20980,0,2,10,-8
20981,0,6778,999,5779
20982,0,7,19,-12
20983,0,43,81,-38
20985,0,31,32,-1
20986,0,21,20,1
20987,0,82,98,-16
20988,0,49,31,18
20989,0,29,86,-57
20990,0,22,14,8
20991,0,19,38,-19
20992,0,22,38,-16
20993,0,1082,1660,-578
20994,0,5,46,-41
20995,0,12,43,-31
20996,0,71,151,-80
20997,0,11,5,6
20998,0,594,528,66
20999,0,19,67,-48
21000,0,162,161,1
21001,0,144,33,111
21002,0,24,25,-1
21003,0,13,21,-8
21004,0,5424,6598,-1174
21005,0,108,190,-82
21006,0,287,235,52
21007,0,19,2,17
21008,0,27,32,-5
21009,0,104,30,74
21010,0,82,13,69
21011,0,2,24,-22
21012,0,72,66,6
21013,0,1247,1672,-425
21014,0,1518,1887,-369
21015,0,14,98,-84
21016,0,3,29,-26
21017,0,9680,313345,-303665
21018,0,2300,6009,-3709
21019,0,57,36,21
21020,0,13,25,-12
21021,0,208,351,-143
21023,0,162,106,56
21024,0,48,31,17
21026,0,76,5,71
21027,0,28,6,22
21028,0,35,39,-4
21029,0,5,27,-22
21030,0,146,171,-25
21031,0,34,38,-4
21032,0,3314,9503,-6189
21033,0,273,69,204
21034,0,15,23,-8
21035,0,72,138,-66
21036,0,43,25,18
21037,0,98,36,62
21038,0,29,33,-4
21039,0,35,49,-14
21040,0,156,231,-75
21041,0,295,307,-12
21042,0,70,315,-245
21043,0,145,564,-419
21044,0,356,651,-295
21046,0,26,12,14
21047,0,3,18,-15
21048,0,1034,593,441
21050,0,2180,50,2130
21051,0,157,275,-118
21052,0,17,10,7
21053,0,7,15,-8
21054,0,3,4,-1
21055,0,29,60,-31
21056,0,268,147,121
21057,0,14,14,0
21058,0,18,45,-27
21059,0,34,26,8
21060,0,147,103,44
21061,0,10,45,-35
21062,0,180,62,118
21063,0,6,7,-1
21064,0,8,27,-19
21065,0,35,15,20
21066,0,8,41,-33
21067,0,57,161,-104
21068,0,137,47,90
21069,0,8,8,0
21071,0,191,217,-26
21072,0,963,1751,-788
21073,0,33,66,-33
21074,0,18,24,-6
21075,0,110,100,10
21076,0,15,5,10
21077,0,7,92,-85
21078,0,3566,2077,1489
21079,0,1340,1451,-111
21080,0,5792,7262,-1470
21081,0,527,80,447
21082,0,408,2200,-1792
21083,0,417,229,188
21084,0,49,211,-162
21085,0,1213,1087,126
21086,0,26,37,-11
21087,0,11,111,-100
21088,0,57,17,40
21089,0,44,40,4
21090,0,7,4,3
21091,0,12,14,-2
21092,0,53,142,-89
21093,0,84,7,77
21094,0,58,34,24
21095,0,5971,21043,-15072
21096,0,6,14,-8
21097,0,73,42,31
21098,0,20,22,-2
21099,0,15,6,9
21100,0,17,12,5
21101,0,287,270,17
21103,0,185,210,-25
21104,0,264,98,166
21105,0,178,96,82
21106,0,308,386,-78
21107,0,38,29,9
21108,0,50,4,46
21109,0,31,26,5
21110,0,53,50,3
21111,0,8159,9094,-935
21113,0,3,7,-4
21114,0,51,89,-38
21115,0,361,530,-169
21116,0,1882,1382,500
21117,0,24,17,7
21118,0,104,35,69
21119,0,443,4151,-3708
21120,0,33,26,7
21121,0,69,115,-46
21122,0,5,166,-161
21123,0,529,598,-69
21124,0,147,19,128
21125,0,620,634,-14
21126,0,30,8,22
21127,0,1583,1293,290
21128,0,81,21,60
21129,0,40,1,39
21130,0,72,71,1
21131,0,55,41,14
21132,0,417,463,-46
21133,0,109,135,-26
21134,0,4,4,0
21135,0,32,68,-36
21136,0,7,23,-16
21138,0,5,2,3
21139,0,16,12,4
21140,0,770,451,319
21141,0,945,279,666
21142,0,138,303,-165
21143,0,17,1,16
21144,0,10,174,-164
21145,0,76,55,21
21146,0,22,4,18
21147,0,10,27,-17
21148,0,27,15,12
21149,0,2064,1455,609
21150,0,32,45,-13
21151,0,16,12,4
21152,0,17,19,-2
21153,0,94,68,26
21155,0,61,106,-45
21156,0,301,185,116
21157,0,121,150,-29
21158,0,3548,1501,2047
21159,0,12,65,-53
21160,0,33,41,-8
21161,0,13,20,-7
21162,0,1792,2654,-862
21163,0,99,106,-7
21164,0,31,47,-16
21165,0,66,72,-6
21166,0,35,32,3
21167,0,123,414,-291
21168,0,13300,8922,4378
21169,0,18,25,-7
21170,0,17,2,15
21171,0,73,97,-24
21172,0,63,20,43
21173,0,89,2,87
21175,0,125,98,27
21176,0,3,22,-19
21177,0,50,32,18
21178,0,103,36,67
21179,0,10,40,-30
21180,0,4,3,1
21181,0,238,22,216
21182,0,201,32,169
21183,0,210,72,138
21184,0,322,216,106
21185,0,6,8,-2
21186,0,4,42,-38
21187,0,1,28,-27
21188,0,28,50,-22
21189,0,11,17,-6
21190,0,8,46,-38
21191,0,16,51,-35
21192,0,46,45,1
21193,0,134,439,-305
21195,0,364,108,256
21196,0,387,382,5
21197,0,72,134,-62
21198,0,259,7316,-7057
21199,0,17,8,9
21200,0,201,62,139
21201,0,83,120,-37
21202,0,7,105,-98
21203,0,812,1030,-218
21204,0,13,46,-33
21205,0,267,41,226
21206,0,129,377,-248
21207,0,12,27,-15
21208,0,8,3,5
21209,0,5310,813,4497
21210,0,7,10,-3
21211,0,187,227,-40
21212,0,5801,3359,2442
21213,0,81,34,47
21215,0,6,3,3
21216,0,8,24,-16
21217,0,18,10,8
21218,0,2,8,-6
21219,0,2,8,-6
21220,0,26,54,-28
21221,0,1366,5988,-4622
21222,0,50,25,25
21223,0,57,95,-38
21224,0,55,129,-74
21225,0,101,580,-479
21226,0,2400,1219,1181
21227,0,10,56,-46
21228,0,472,71,401
21229,0,19,100,-81
21230,0,34,62,-28
21231,0,156,35,121
21233,0,109,94,15
21234,0,11,593,-582
21235,0,42,138,-96
21236,0,15,6,9
21237,0,3,6,-3
21238,0,156,197,-41
21239,0,16,8,8
21240,0,20,16,4
21241,0,41,51,-10
21242,0,1,1,0
21243,0,48,233,-185
21244,0,3,18,-15
21245,0,14,24,-10
21246,0,24,48,-24
21247,0,30,20,10
21248,0,2,74,-72
21249,0,610,1285,-675
21250,0,68,57,11
21251,0,19,336,-317
21253,0,30,9,21
21254,0,373,448,-75
21255,0,22,7,15
21256,0,53,94,-41
21257,0,70,27,43
21258,0,3,3,0
21259,0,57,203,-146
21260,0,47,8,39
21261,0,68,70,-2
21262,0,148,65,83
21264,0,359,452,-93
21265,0,32,22,10
21266,0,46,99,-53
21267,0,294,632,-338
21268,0,15,21,-6
21269,0,7,15,-8
21270,0,133,370,-237
21271,0,7,8,-1
21272,0,57,41,16
21273,0,191,20,171
21274,0,36,105,-69
21275,0,26,55,-29
21276,0,1,11,-10
21277,0,4,8,-4
21278,0,37,63,-26
21279,0,137,394,-257
21280,0,80,42,38
21281,0,7,1,6
21282,0,17,54,-37
21283,0,43,43,0
21284,0,40,222,-182
21285,0,9,1594,-1585
21286,0,195,164,31
21287,0,117,116,1
21288,0,235,354,-119
21289,0,506,371,135
21290,0,2949,96,2853
21291,0,12,18,-6
21292,0,4322,4760,-438
21294,0,475,482,-7
21295,0,19,45,-26
21296,0,13,28,-15
21297,0,3,15,-12
21298,0,278,89,189
21299,0,153,63,90
21300,0,2228,3084,-856
21301,0,73,19,54
21302,0,157,110,47
21303,0,100,62,38
21304,0,183,150,33
21305,0,167,213,-46
21306,0,65,117,-52
21307,0,11,12,-1
21308,0,637,399,238
21309,0,27,44,-17
21310,0,124,125,-1
21311,0,9,28,-19
21312,0,78,48,30
21313,0,348,264,84
21314,0,3,7,-4
21315,0,10,22,-12
21316,0,5,3,2
21317,0,179,24,155
21318,0,13,46,-33
21319,0,61,103,-42
21320,0,441,391,50
21321,0,721,507,214
21322,0,44,14,30
21323,0,11312,5491,5821
21324,0,17,49,-32
21325,0,24,22,2
21326,0,5228,4246,982
21327,0,13818,5002,8816
21329,0,652,12,640
21330,0,1180,2364,-1184
21331,0,8,58,-50
21332,0,19,58,-39
21333,0,27,12,15
21334,0,23,29,-6
21335,0,15,21,-6
21336,0,16450,13610,2840
21337,0,1143,233,910
21338,0,4,12,-8
21339,0,3,0,3
21340,0,2556,2488,68
21341,0,2725,7396,-4671
21342,0,246,89,157
21343,0,143,142,1
21344,0,4,2,2
21345,0,375,1033,-658
21346,0,85,81,4
21347,0,62,79,-17
21348,0,56,10,46
21349,0,112,300,-188
21350,0,33,48,-15
21351,0,1,8,-7
21352,0,135,951,-816
21353,0,100,116,-16
21355,0,4,20,-16
21356,0,20,7,13
21357,0,49,20,29
21358,0,19,21,-2
21359,0,169,51,118
21360,0,1972,2275,-303
21362,0,46,32,14
21363,0,124,207,-83
21364,0,28,49,-21
21365,0,317,130,187
21366,0,22,44,-22
21367,0,42,45,-3
21368,0,5,8,-3
21369,0,48,39,9
21370,0,76,23,53
21371,0,74,23,51
21372,0,298,406,-108
21373,0,15,1,14
21374,0,1708,2226,-518
21376,0,957,1063,-106
21377,0,9,23,-14
21378,0,22,13,9
21379,0,411,170,241
21380,0,464,581,-117
21381,0,25,39,-14
21382,0,83,54,29
21383,0,10,44,-34
21384,0,20,27,-7
21385,0,49,28,21
21386,0,15,51,-36
21387,0,183,93,90
21388,0,111,135,-24
21389,0,305,166,139
21390,0,12,21,-9
21391,0,1844,385,1459
21392,0,55,8,47
21393,0,918,865,53
21394,0,142,189,-47
21395,0,6,21,-15
21396,0,21,3,18
21397,0,50,115,-65
21398,0,46,13,33
21399,0,5,16,-11
21400,0,1379,1665,-286
21401,0,498,213,285
21402,0,100,165,-65
21403,0,83,150,-67
21404,0,162,347,-185
21405,0,272,78,194
21406,0,236,410,-174
21408,0,22,46,-24
21409,0,1639,504,1135
21410,0,159,54,105
21411,0,22,45,-23
21412,0,8903,5038,3865
21413,0,1205,1595,-390
21414,0,2559,7247,-4688
21415,0,12,30,-18
21416,0,44,25,19
21417,0,48,140,-92
21418,0,1347,554,793
21419,0,9,6,3
21420,0,59,27,32
21421,0,19,14,5
21422,0,80,675,-595
21423,0,76,48,28
21424,0,7,23,-16
21425,0,4,23,-19
21426,0,67,436,-369
21427,0,47,38,9
21428,0,119,42,77
21429,0,486,7,479
21430,0,101,64,37
21431,0,42,173,-131
21432,0,654,661,-7
21433,0,381,145,236
21434,0,9,6,3
21436,0,65,455,-390
21437,0,10,0,10
21438,0,59,31,28
21439,0,35,24,11
21440,0,2977,809,2168
21441,0,189,104,85
21442,0,24,189,-165
21443,0,27,28,-1
21444,0,8873,813,8060
21445,0,27,180,-153
21447,0,1289,38,1251
21448,0,283,757,-474
21449,0,97,46,51
21450,0,6,5,1
21451,0,8,11,-3
21452,0,2995,4246,-1251
21453,0,102,441,-339
21454,0,123,60,63
21455,0,272,177,95
21456,0,16,50,-34
21457,0,93,56,37
21458,0,655,242,413
21459,0,13891,10950,2941
21462,0,98,451,-353
21464,0,6,10,-4
21465,0,394,581,-187
21466,0,3245,2323,922
21467,0,36,52,-16
21468,0,46,16,30
21469,0,7,1,6
21470,0,74,712,-638
21471,0,7423,8101,-678
21472,0,321,167,154
21473,0,15,59,-44
21474,0,542,318,224
21475,0,12,120,-108
21476,0,167,678,-511
21477,0,24,55,-31
21478,0,3950,1586,2364
21479,0,1489,2923,-1434
21480,0,7,12,-5
21481,0,154,42,112
21482,0,20,45,-25
21483,0,22,54,-32
21484,0,9,7,2
21485,0,20,25,-5
21486,0,1712,1192,520
21487,0,100,59,41
21488,0,284,242,42
21489,0,299,235,64
21490,0,21,62,-41
21491,0,57,97,-40
21492,0,1374,1274,100
21493,0,35,20,15
21494,0,877,211,666
21495,0,117,11,106
21496,0,3,16,-13
21497,0,10,6,4
21498,0,16,8,8
21499,0,13,27,-14
21500,0,342,2496,-2154
21501,0,47,70,-23
21502,0,8,19,-11
21503,0,66,24,42
21504,0,37,71,-34
21505,0,2,2,0
21506,0,2008,698,1310
21507,0,6,18,-12
21508,0,13,14,-1
21509,0,160,98,62
21510,0,10,11,-1
21511,0,13,30,-17
21512,0,348,544,-196
21513,0,35,60,-25
21514,0,74,231,-157
21515,0,223,206,17
21516,0,23,63,-40
21517,0,166,105,61
21518,0,32,74,-42
21519,0,5,19,-14
21520,0,2,2,0
21521,0,11639,7160,4479
21522,0,141,70,71
21523,0,46,69,-23
21524,0,22,49,-27
21525,0,1,45,-44
21526,0,543,1296,-753
21527,0,18,9,9
21528,0,128,11,117
21529,0,8337,10493,-2156
21530,0,8173,7263,910
21532,0,166,157,9
21533,0,12,33,-21
21534,0,74,183,-109
21535,0,3885,3184,701
21536,0,1,43,-42
21537,0,174,571,-397
21538,0,3427,2156,1271
21539,0,44,89,-45
21540,0,2418,2297,121
21541,0,36,65,-29
21542,0,6,7,-1
21543,0,2500,2042,458
21546,0,66,23,43
21547,0,33,35,-2
21548,0,96,206,-110
21549,0,98,211,-113
21550,0,16,13,3
21551,0,37,33,4
21552,0,8779,11475,-2696
21554,0,229,179,50
21555,0,530,84,446
21556,0,23,42,-19
21557,0,10,102,-92
21558,0,104,100,4
21559,0,3,185,-182
21560,0,12,88,-76
21561,0,67,9,58
21562,0,43,3,40
21563,0,245,1249,-1004
21564,0,2,9,-7
21565,0,170,366,-196
21566,0,8697,8269,428
21567,0,638,794,-156
21568,0,18,4,14
21569,0,79,92,-13
21570,0,49,934,-885
21571,0,10,25,-15
21572,0,9,8,1
21573,0,6703,6490,213
21574,0,3667,3425,242
21575,0,15,161,-146
21576,0,35,28,7
21577,0,1851,325,1526
21578,0,133,99,34
21579,0,188,139,49
21580,0,257,430,-173
21581,0,64,50,14
21582,0,34,70,-36
21583,0,933492,732570,200922
21584,0,52,11,41
21585,0,1810,1887,-77
21586,0,98,38,60
21587,0,2252,2819,-567
21588,0,20,39,-19
21589,0,277,70,207
21590,0,1097,191,906
21591,0,30,154,-124
21592,0,11,14,-3
21593,0,21,40,-19
21594,0,18,18,0
21595,0,1108,1151,-43
21596,0,61,104,-43
21597,0,41,33,8
21598,0,42,32,10
21600,0,121,162,-41
21601,0,31,33,-2
21602,0,1,9,-8
21603,0,33,121,-88
21604,0,63,66,-3
21605,0,229,290,-61
21606,0,3405,3742,-337
21607,0,14,23,-9
21608,0,540,438,102
21609,0,1675,1954,-279
21610,0,10,20,-10
21611,0,68,16,52
21612,0,10,205,-195
21613,0,17,5,12
21614,0,20,76,-56
21615,0,92,73,19
21616,0,1619,3178,-1559
21617,0,211,187,24
21618,0,42,250,-208
21619,0,11,0,11
21620,0,140,289,-149
21621,0,94,1660,-1566
21622,0,17,4,13
21623,0,38,67,-29
21624,0,77,428,-351
21625,0,3,31,-28
21627,0,89,16,73
21628,0,3105,903,2202
21629,0,582,313,269
21630,0,8,25,-17
21631,0,816,312,504
21632,0,210,166,44
21633,0,121785,235017,-113232
21634,0,7,16,-9
21635,0,10,65,-55
21636,0,213,47,166
21638,0,111,260,-149
21639,0,75,33,42
21640,0,77,67,10
21641,0,33,36,-3
21642,0,31,29,2
21643,0,10,26,-16
21644,0,25,21,4
21645,0,5,45,-40
21646,0,54,27,27
21647,0,47,45,2
21649,0,41,47,-6
21650,0,30,5,25
21651,0,12,26,-14
21652,0,2,7,-5
21653,0,111,385,-274
21654,0,15,11,4
21655,0,8,1,7
21656,0,18,22,-4
21657,0,26,45,-19
21658,0,14,34,-20
21659,0,109,36,73
21660,0,205,441,-236
21661,0,23,135,-112
21662,0,48,51,-3
21663,0,11,32,-21
21664,0,61,48,13
21665,0,12,15,-3
21666,0,82,94,-12
21667,0,49,80,-31
21668,0,37,26,11
21669,0,13,6,7
21671,0,316,291,25
21672,0,17,14,3
21673,0,746,399,347
21676,0,1183,861,322
21677,0,7,5,2
21678,0,184,236,-52
21679,0,3,12,-9
21680,0,102578,1889,100689
21682,0,13,166,-153
21683,0,84,32,52
21684,0,244,247,-3
21686,0,71,42,29
21687,0,57,31,26
21688,0,10,29,-19
21689,0,224,406,-182
21690,0,24,171,-147
21691,0,365,357,8
21692,0,683,654,29
21693,0,40,35,5
21694,0,9,21,-12
21695,0,6,22,-16
21697,0,27,45,-18
21699,0,122,103,19
21700,0,966,419,547
21701,0,44,111,-67
21702,0,14,17,-3
21703,0,13,14,-1
21704,0,57,64,-7
21708,0,59,54,5
21709,0,9,15,-6
21710,0,193,574,-381
21711,0,3,18,-15
21712,0,20,18,2
21713,0,4,34,-30
21714,0,48,43,5
21715,0,6,14,-8
21716,0,4,13,-9
21717,0,484,749,-265
21718,0,112,361,-249
21719,0,96,95,1
21720,0,19,28,-9
21721,0,249,63,186
21722,0,2070,2624,-554
21723,0,30,31,-1
21724,0,83,63,20
21725,0,55,51,4
21726,0,420,261,159
21727,0,6,11,-5
21728,0,107,13,94
21729,0,68,117,-49
21730,0,90,21,69
21731,0,19,11,8
21732,0,8,3,5
21733,0,33,23,10
21734,0,282,222,60
21735,0,251,342,-91
21736,0,13,10,3
21737,0,244,269,-25
21738,0,12,10,2
21739,0,7,4,3
21740,0,778,593,185
21742,0,19,248,-229
21743,0,1328,1592,-264
21744,0,28,81,-53
21745,0,6787,5598,1189
21746,0,152,183,-31
21747,0,2531,606,1925
21749,0,232,193,39
21750,0,35,115,-80
21751,0,109,125,-16
21752,0,48,63,-15
21754,0,17,31,-14
21755,0,1713,3066,-1353
21756,0,4,3,1
21757,0,75,45,30
21758,0,31,5,26
21759,0,5,14,-9
21760,0,1,1,0
21761,0,29,82,-53
21762,0,3,13,-10
21763,0,6,5,1
21764,0,29,86,-57
21765,0,155,119,36
21766,0,486,169,317
21768,0,15355,134700,-119345
21769,0,110,47,63
21770,0,210,380,-170
21771,0,174,55,119
21772,0,20,91,-71
21773,0,15,25,-10
21774,0,14,14,0
21775,0,3,14,-11
21776,0,7,9,-2
21777,0,41,20,21
21780,0,105,101,4
21781,0,40,27,13
21782,0,19,34,-15
21783,0,892,25,867
21784,0,11,150,-139
21785,0,241,305,-64
21787,0,10,34,-24
21788,0,16,23,-7
21789,0,22,22,0
21790,0,1430,567,863
21791,0,14,28,-14
21792,0,9,19,-10
21793,0,36,21,15
21794,0,62,31,31
21795,0,4,1,3
21796,0,15,70,-55
21797,0,22,47,-25
21798,0,14102,5338,8764
21799,0,21,122,-101
21800,0,12,14,-2
21801,0,92,153,-61
21803,0,41,21,20
21804,0,34,44,-10
21806,0,164,517,-353
21807,0,34,10,24
21808,0,123,133,-10
21810,0,53,64,-11
21812,0,27,108,-81
21813,0,147,763,-616
21814,0,12,17,-5
21815,0,2380,2298,82
21817,0,280,43,237
21818,0,33,69,-36
21819,0,4275,7719,-3444
21820,0,111,41,70
21821,0,7,25,-18
21822,0,145,405,-260
21823,0,16,43,-27
21824,0,83,12,71
21825,0,215,178,37
21826,0,21,35,-14
21827,0,208,102,106
21828,0,1,25,-24
21829,0,9420,9292,128
21830,0,1,7,-6
21831,0,6,57,-51
21832,0,36,1,35
21833,0,45,491,-446
21834,0,1,3,-2
21835,0,1990,2918,-928
21836,0,11,4,7
21837,0,21,15,6
21838,0,22,49,-27
21839,0,19,132,-113
21840,0,435,310,125
21841,0,37,14,23
21842,0,7,4,3
21843,0,10,82,-72
21844,0,90,28,62
21845,0,82,46,36
21846,0,15,91,-76
21847,0,211,254,-43
21848,0,28,17,11
21849,0,4,12,-8
21850,0,56,68,-12
21851,0,52,5,47
21852,0,7,8,-1
21853,0,20,78,-58
21854,0,21,12,9
21855,0,344,371,-27
21858,0,47,44,3
21859,0,2780,4446,-1666
21860,0,96,174,-78
21861,0,7440,11539,-4099
21862,0,5,13,-8
21863,0,6,57,-51
21864,0,156,42,114
21865,0,82,98,-16
21866,0,174,184,-10
21867,0,4,12,-8
21868,0,1,3,-2
21869,0,24,42,-18
21870,0,45,137,-92
21872,0,1541,1207,334
21873,0,208,378,-170
21874,0,13582,13383,199
21875,0,530,937,-407
21876,0,75,236,-161
21877,0,465,499,-34
21878,0,112,202,-90
21880,0,5532,10328,-4796
21882,0,1387,701,686
21883,0,128,868,-740
21884,0,13,1,12
21885,0,313,96,217
21886,0,49,29,20
21887,0,63,34,29
21888,0,10,9,1
21889,0,24,51,-27
21890,0,21,36,-15
21891,0,32,29,3
21892,0,43,16,27
21893,0,14,11,3
21894,0,1,25,-24
21895,0,11,10,1
21896,0,12,9,3
21897,0,16,4,12
21898,0,3567,3635,-68
21899,0,12,83,-71
21900,0,42,55,-13
21901,0,12,34,-22
21902,0,87,21,66
21903,0,39,15,24
21904,0,14,12,2
21905,0,2861,1659,1202
21906,0,12337,16010,-3673
21907,0,24,44,-20
21908,0,13,31,-18
21909,0,56,299,-243
21910,0,31,31,0
21911,0,495,1307,-812
21912,0,1,23,-22
21913,0,94,114,-20
21914,0,19,11,8
21915,0,499,338,161
21916,0,12,23,-11
21918,0,46,12,34
21919,0,163,146,17
21920,0,18,31,-13
21921,0,318,3492,-3174
21922,0,11,1,10
21923,0,12,11,1
21924,0,1293,615,678
21925,0,19,5,14
21926,0,535,607,-72
21927,0,133,277,-144
21928,0,28,33,-5
21929,0,13,21,-8
21931,0,2077,1742,335
21932,0,122,128,-6
21934,0,73,113,-40
21935,0,4527,6232,-1705
21936,0,427,382,45
21937,0,265,614,-349
21938,0,223,101,122
21939,0,3457,2823,634
21941,0,55,21,34
21943,0,1906,3309,-1403
21944,0,173,63,110
21945,0,21,2,19
21946,0,4,77,-73
21947,0,14,2,12
21948,0,1153,1308,-155
21949,0,64,138,-74
21950,0,16,153,-137
21951,0,35,31,4
21952,0,4600,7496,-2896
21953,0,54,106,-52
21954,0,163,38,125
21956,0,160,176,-16
21957,0,123,39,84
21958,0,198,151,47
21959,0,46,437,-391
21960,0,348,567,-219
21962,0,89,95,-6
21963,0,2585,15159,-12574
21964,0,52,42,10
21965,0,19,34,-15
21966,0,95,79,16
21967,0,16,4,12
21968,0,8625,13190,-4565
21969,0,34,65,-31
21971,0,4,27,-23
21972,0,16,12,4
21973,0,45,41,4
21974,0,29,4,25
21975,0,2,5,-3
21976,0,236,1403,-1167
21977,0,445,428,17
21978,0,5,7,-2
21979,0,330,357,-27
21980,0,41,27,14
21981,0,1,12,-11
21982,0,2294,2600,-306
21983,0,18,87,-69
21984,0,22,13,9
21985,0,3,25,-22
21986,0,267,139,128
21987,0,19,18,1
21988,0,4,498,-494
21989,0,1550,1893,-343
21992,0,27,7,20
21993,0,21,68,-47
21994,0,187,373,-186
21995,0,2233,5841,-3608
21996,0,1765,1922,-157
21997,0,14,24,-10
21998,0,89,92,-3
21999,0,250,626,-376
22000,0,3,20,-17
22001,0,838,599,239
22002,0,3,1,2
22003,0,7,88,-81
22004,0,15,10,5
22005,0,62,98,-36
22006,0,104,26,78
22007,0,10,8,2
22008,0,9,25,-16
22009,0,147,87,60
22010,0,6,21,-15
22011,0,33,82,-49
22012,0,34,12,22
22013,0,37,61,-24
22014,0,6,20,-14
22015,0,77,196,-119
22016,0,22,101,-79
22017,0,32,62,-30
22018,0,5,112,-107
22019,0,7,43,-36
22020,0,598,736,-138
22021,0,97,88,9
22022,0,10168,17145,-6977
22023,0,2,15,-13
22024,0,1151,35,1116
22025,0,516,169,347
22026,0,5407,6533,-1126
22027,0,820,1212,-392
22029,0,1067,746,321
22030,0,3004,1257,1747
22031,0,2,21,-19
22032,0,36,671,-635
22033,0,49,127,-78
22034,0,13,37,-24
22035,0,32,42,-10
22036,0,61,36,25
22037,0,1854,1521,333
22038,0,4,18,-14
22039,0,332,162,170
22040,0,21,23,-2
22041,0,2,4,-2
22042,0,17570,17791,-221
22043,0,833314,1047297,-213983
22044,0,69,14,55
22045,0,44,41,3
22047,0,72,232,-160
22048,0,216,307,-91
22049,0,12,25,-13
22050,0,101,98,3
22051,0,274,377,-103
22052,0,1,1,0
22053,0,1540,213,1327
22054,0,2643,1616,1027
22055,0,108,67,41
22057,0,424,809,-385
22058,0,117,79,38
22059,0,427,775,-348
22060,0,77,129,-52
22061,0,15,72,-57
22062,0,11,24,-13
22063,0,4549,2605,1944
22064,0,62,141,-79
22066,0,33,58,-25
22067,0,163,182,-19
22069,0,6024,3148,2876
22070,0,137,84,53
22071,0,53,59,-6
22072,0,275,344,-69
22073,0,162,558,-396
22074,0,314,159,155
22075,0,56,26,30
22076,0,36,32,4
22077,0,2758,3525,-767
22078,0,3133,4501,-1368
22079,0,78,51,27
22080,0,2,1,1
22081,0,27,66,-39
22082,0,15,26,-11
22083,0,387,829,-442
22084,0,4429,3870,559
22085,0,19,19,0
22086,0,2034,854,1180
22087,0,277,285,-8
22089,0,319,166,153
22090,0,81,142,-61
22091,0,34,27,7
22092,0,53,47,6
22093,0,5,33,-28
22094,0,7,18,-11
22095,0,99,71,28
22096,0,4001,6329,-2328
22098,0,16,1,15
22099,0,62,47,15
22100,0,264,225,39
22101,0,31,263,-232
22102,0,70,50,20
22103,0,573,556,17
22104,0,23,84,-61
22105,0,2,21,-19
22106,0,1,2,-1
22107,0,25,24,1
22108,0,95,218,-123
22109,0,34,60,-26
22111,0,273,509,-236
22113,0,176,3,173
22114,0,9,33,-24
22117,0,12,7,5
22118,0,35,34,1
22119,0,9,13,-4
22120,0,63,139,-76
22121,0,45,70,-25
22122,0,14,71,-57
22123,0,2,18,-16
22124,0,107,58,49
22125,0,475,38,437
22126,0,683,872,-189
22127,0,9,18,-9
22128,0,4,8,-4
22129,0,6,1,5
22130,0,8,18,-10
22131,0,17,80,-63
22132,0,11,16,-5
22133,0,32,85,-53
22134,0,32,60,-28
22135,0,76,94,-18
22136,0,36,85,-49
22137,0,119,265,-146
22138,0,90,75,15
22139,0,59,60,-1
22140,0,248,302,-54
22141,0,11,50,-39
22142,0,315,393,-78
22143,0,48,126,-78
22144,0,127,148,-21
22145,0,5,11,-6
22146,0,10,2,8
22147,0,274,1976,-1702
22149,0,3,5,-2
22151,0,75,209,-134
22152,0,42,37,5
22153,0,114,79,35
22154,0,89,23,66
22155,0,34,53,-19
22156,0,23,21,2
22157,0,8,31,-23
22158,0,506,167,339
22159,0,341,431,-90
22160,0,148,145,3
22161,0,71,15,56
22162,0,11,1,10
22163,0,1850,2784,-934
22164,0,114,164,-50
22165,0,227,311,-84
22166,0,15472,12316,3156
22167,0,535,171,364
22168,0,119,98,21
22169,0,83,186,-103
22170,0,9,200,-191
22171,0,474,549,-75
22172,0,1315,1219,96
22173,0,153,323,-170
22174,0,27,7,20
22175,0,1,4,-3
22176,0,8,1,7
22177,0,16,11,5
22178,0,3984,2889,1095
22179,0,355,447,-92
22180,0,25,5,20
22181,0,128,364,-236
22182,0,21,26,-5
22183,0,141,199,-58
22184,0,4872,263,4609
22185,0,145,927,-782
22186,0,81,183,-102
22188,0,26,60,-34
22189,0,163,206,-43
22190,0,2,29,-27
22191,0,367,278,89
22192,0,15,13,2
22193,0,364,276,88
22194,0,61,93,-32
22195,0,29,19,10
22196,0,5,16,-11
22197,0,8,4,4
22198,0,24,22,2
22199,0,55,85,-30
22200,0,19,2,17
22201,0,68,150,-82
22202,0,22,48,-26
22203,0,89,162,-73
22204,0,499,1768,-1269
22205,0,13,40,-27
22206,0,61,7,54
22207,0,37,80,-43
22208,0,21,44,-23
22209,0,47,11,36
22210,0,99,405,-306
22211,0,32,201,-169
22212,0,14,17,-3
22213,0,52,74,-22
22214,0,13,19,-6
22215,0,15,9,6
22216,0,7,7,0
22217,0,5,12,-7
22218,0,21,3,18
22219,0,44,70,-26
22221,0,11,30,-19
22222,0,7,21,-14
22223,0,20,6,14
22224,0,2,1,1
22225,0,23,29,-6
22226,0,48,61,-13
22227,0,27,43,-16
22228,0,499,311,188
22229,0,265,441,-176
22230,0,536501,841434,-304933
22233,0,37,6,31
22234,0,4,19,-15
22235,0,176,64,112
22236,0,34,77,-43
22237,0,584,2153,-1569
22238,0,13,22,-9
22239,0,23,42,-19
22240,0,1211,625,586
22241,0,10,10,0
22242,0,16,18,-2
22243,0,114,88,26
22245,0,3,14,-11
22247,0,8,5,3
22248,0,43,39,4
22249,0,8,42,-34
22250,0,2,43,-41
22251,0,50,77,-27
22252,0,871,780,91
22253,0,85,126,-41
22254,0,7,102,-95
22255,0,1,6,-5
22256,0,1,10,-9
22257,0,84,67,17
22258,0,8,7,1
22259,0,29,11,18
22260,0,30,68,-38
22261,0,66,91,-25
22262,0,5,6,-1
22263,0,1744,663,1081
22265,0,55,149,-94
22266,0,15,15,0
22267,0,4,79,-75
22268,0,118,40,78
22269,0,21,55,-34
22270,0,6,55,-49
22271,0,2,13,-11
22272,0,4,17,-13
22273,0,10,32,-22
22274,0,13,35,-22
22275,0,1400,969,431
22276,0,41,9,32
22277,0,1252,6,1246
22278,0,3547,4270,-723
22279,0,3,43,-40
22280,0,70,47,23
22281,0,54,35,19
22282,0,9238,14478,-5240
22283,0,94,15,79
22284,0,571,849,-278
22285,0,488,2403,-1915
22286,0,5466,7860,-2394
22287,0,6,18,-12
22288,0,194,35,159
22289,0,30,13,17
22290,0,59,17,42
22291,0,33,34,-1
22292,0,1,2,-1
22293,0,33,43,-10
22294,0,18,24,-6
22295,0,84,186,-102
22296,0,92,126,-34
22297,0,13,36,-23
22298,0,440,1116,-676
22299,0,41,29,12
22300,0,65,14,51
22301,0,6,7,-1
22303,0,63,62,1
22304,0,43,74,-31
22305,0,124,131,-7
22306,0,81,14,67
22307,0,10,34,-24
22308,0,474,406,68
22309,0,440,177,263
22310,0,3455,5287,-1832
22311,0,166,2335,-2169
22312,0,225,694,-469
22313,0,139,106,33
22314,0,182,85,97
22315,0,1014,271,743
22316,0,124,86,38
22317,0,253,691,-438
22319,0,21,20,1
22320,0,84,53,31
22321,0,16,76,-60
22322,0,7,16,-9
22323,0,8,23,-15
22324,0,11,4,7
22325,0,156,276,-120
22326,0,8715,11422,-2707
22327,0,53,12,41
22328,0,3,1,2
22330,0,16,11,5
22331,0,262,3935,-3673
22332,0,38,26,12
22333,0,6,18,-12
22334,0,45,80,-35
22335,0,466,392,74
22336,0,42,46,-4
22337,0,6583,6840,-257
22338,0,106,18,88
22339,0,239,423,-184
22340,0,92,63,29
22341,0,71,44,27
22342,0,240,55,185
22343,0,7,7,0
22344,0,58,148,-90
22345,0,30,42,-12
22346,0,32,60,-28
22347,0,22,42,-20
22348,0,430,170,260
22349,0,54,8,46
22350,0,270,108,162
22351,0,11,31,-20
22352,0,287,57,230
22353,0,46,11,35
22354,0,56,60,-4
22355,0,37,28,9
22356,0,357,503,-146
22357,0,3825,2629,1196
22358,0,279,197,82
22359,0,246,338,-92
22360,0,28,21,7
22361,0,172,331,-159
22362,0,26,0,26
22363,0,106,165,-59
22364,0,62,58,4
22365,0,223,175,48
22366,0,64,72,-8
22367,0,16,13,3
22368,0,490,435,55
22369,0,2423,2157,266
22370,0,601,335,266
22371,0,39,104,-65
22372,0,21,30,-9
22373,0,4902,2215,2687
22374,0,165,157,8
22375,0,43,9,34
22376,0,50,1422,-1372
22377,0,24,63,-39
22378,0,155,119,36
22379,0,14355,19143,-4788
22380,0,3,19,-16
22381,0,7,6,1
22382,0,17,28,-11
22383,0,416,575,-159
22384,0,965,596,369
22385,0,13,4,9
22386,0,1067,2749,-1682
22387,0,92,211,-119
22388,0,35,56,-21
22389,0,42,68,-26
22390,0,7,16,-9
22391,0,1232,1796,-564
22392,0,1618,213399,-211781
22393,0,4191,4447,-256
22394,0,2,113,-111
22395,0,82,227,-145
22398,0,33,79,-46
22399,0,2,23,-21
22400,0,5421,3587,1834
22401,0,73,224,-151
22402,0,2805,2274,531
22403,0,88,108,-20
22405,0,58,34,24
22406,0,8,19,-11
22407,0,17,30,-13
22408,0,4,6,-2
22409,0,26,57,-31
22410,0,36,76,-40
22411,0,21,24,-3
22412,0,238,203,35
22413,0,1231,848,383
22414,0,21,14,7
22415,0,26,69,-43
22416,0,6354,7781,-1427
22417,0,14,28,-14
22418,0,244,322,-78
22419,0,5,30,-25
22420,0,55,29,26
22421,0,13,25,-12
22422,0,932,1702,-770
22423,0,67,92,-25
22424,0,537,348,189
22425,0,23,11,12
22426,0,235,547,-312
22427,0,133,220,-87
22428,0,96,58,38
22429,0,72,34,38
22430,0,22,11,11
22431,0,14,37,-23
22432,0,1,12,-11
22433,0,10,51,-41
22435,0,18,27,-9
22436,0,2,0,2
22438,0,5,27,-22
22439,0,18,17,1
22440,0,28,92,-64
22441,0,88,137,-49
22442,0,14,18,-4
22443,0,30,58,-28
22444,0,130,52,78
22445,0,21,15,6
22446,0,25,19,6
22447,0,73,25,48
22449,0,10,11,-1
22450,0,50,11,39
22451,0,27,6,21
22452,0,15,21,-6
22453,0,2313,2986,-673
22454,0,10,10,0
22455,0,288,36,252
22456,0,279,1144,-865
22457,0,152,88,64
22458,0,7,8,-1
22459,0,89,53,36
22460,0,2891,216117,-213226
22461,0,12,11,1
22462,0,1922,2149,-227
22464,0,125,100,25
22465,0,21,27,-6
22466,0,42,53,-11
22467,0,17,22,-5
22468,0,20,17,3
22469,0,48,96,-48
22470,0,21,5,16
22471,0,111,114,-3
22472,0,59,245,-186
22473,0,2096,3462,-1366
22474,0,583,423,160
22475,0,110,338,-228
22477,0,1072,418,654
22478,0,13,40,-27
22479,0,19,21,-2
22480,0,25,56,-31
22481,0,16,23,-7
22482,0,6,18,-12
22483,0,155,98,57
22484,0,23,64,-41
22485,0,676,5421,-4745
22486,0,835,762,73
22487,0,37,54,-17
22488,0,13,46,-33
22490,0,41,127,-86
22491,0,592,575,17
22492,0,134,194,-60
22494,0,13,9,4
22495,0,17,18,-1
22496,0,152,311,-159
22497,0,328270,9745,318525
22498,0,255,131,124
22499,0,4,3,1
22500,0,742,612,130
22501,0,33,29,4
22503,0,1838,509,1329
22504,0,4,37,-33
22505,0,44,23,21
22506,0,23,40,-17
22507,0,65,95,-30
22508,0,13,43,-30
22509,0,39,3,36
22510,0,12,16,-4
22511,0,66,188,-122
22512,0,33,19,14
22513,0,86,15,71
22514,0,4619,11038,-6419
22515,0,15,61,-46
22516,0,55,88,-33
22517,0,56,139,-83
22518,0,59,208,-149
22519,0,18,29,-11
22520,0,10,90,-80
22521,0,31,32,-1
22522,0,3,8,-5
22523,0,74,70,4
22524,0,68,10,58
22525,0,687,62,625
22526,0,231,497,-266
22527,0,2,7,-5
22528,0,280,244,36
22529,0,36,82,-46
22530,0,5,50,-45
22531,0,16,6,10
22532,0,114,106,8
22533,0,27,18,9
22534,0,941,1234,-293
22535,0,42,25,17
22537,0,6,177,-171
22538,0,63,49,14
22539,0,1963,4889,-2926
22540,0,50,621,-571
22541,0,7826,53,7773
22542,0,30,5,25
22543,0,1,12,-11
22544,0,74,88,-14
22545,0,5,7,-2
22546,0,30,508,-478
22547,0,46,138,-92
22548,0,689,893,-204
22549,0,174,146,28
22550,0,55,79,-24
22551,0,167,221,-54
22552,0,8,95,-87
22553,0,704,633,71
22554,0,10,11,-1
22555,0,8,1,7
22556,0,18,98,-80
22558,0,126,158,-32
22559,0,11,36,-25
22560,0,88,120,-32
22561,0,4261,3884,377
22562,0,54,81,-27
22563,0,19,6,13
22564,0,80,122,-42
22565,0,6,34,-28
22566,0,14,21,-7
22567,0,2,35,-33
22568,0,99,81,18
22569,0,417,318,99
22570,0,13,9,4
22571,0,16,111,-95
22572,0,408,389,19
22573,0,4,0,4
22574,0,9,83,-74
22575,0,2,2,0
22576,0,39,6,33
22577,0,45,59,-14
22578,0,20,55,-35
22579,0,270,107,163
22580,0,207,91,116
22581,0,6,20,-14
22582,0,2,17,-15
22583,0,11,13,-2
22584,0,81,17,64
22585,0,1774,2752,-978
22586,0,3227,3095,132
22587,0,254,215,39
22589,0,165,113,52
22590,0,170,268,-98
22591,0,3,16,-13
22592,0,505,283,222
22593,0,95,94,1
22594,0,170,426,-256
22595,0,318,246,72
22596,0,92,25,67
22597,0,103,8,95
22598,0,622,814,-192
22599,0,46,35,11
22600,0,55,40,15
22601,0,5,16,-11
22602,0,73,160,-87
22603,0,106,257,-151
22604,0,3111,9272,-6161
22605,0,9,86,-77
22606,0,203,1288,-1085
22607,0,79,56,23
22608,0,42,35,7
22609,0,223,76,147
22610,0,10536,13114,-2578
22612,0,16,35,-19
22613,0,39,21,18
22614,0,68,59,9
22615,0,8,12,-4
22616,0,3,17,-14
22617,0,11,49,-38
22618,0,3623,3927,-304
22620,0,47,1799,-1752
22621,0,11,25,-14
22622,0,19,22,-3
22623,0,12,129,-117
22624,0,38,103,-65
22625,0,47,31,16
22626,0,13,74,-61
22627,0,2525,3493,-968
22628,0,104,46,58
22629,0,131,438,-307
22630,0,5,10,-5
22631,0,4,35,-31
22632,0,15,5,10
22633,0,211,266,-55
22634,0,13,8,5
22635,0,16,4,12
22636,0,1,13,-12
22637,0,29,22,7
22638,0,206,235,-29
22639,0,10,45,-35
22640,0,222,1698,-1476
22641,0,10,16,-6
22642,0,31,90,-59
22643,0,186,995,-809
22644,0,77,15,62
22645,0,12,9,3
22646,0,13,4,9
22648,0,79,271,-192
22650,0,1978,829,1149
22651,0,7,34,-27
22652,0,165,180,-15
22653,0,2213,1657,556
22654,0,550,868,-318
22655,0,5,40,-35
22656,0,118,97,21
22657,0,11,16,-5
22658,0,66,32,34
22659,0,2045,648,1397
22660,0,13,17,-4
22661,0,28,95,-67
22662,0,24,50,-26
22663,0,2,56,-54
22664,0,26,16,10
22665,0,45,73,-28
22666,0,26887,26688,199
22667,0,19,3,16
22668,0,42,130,-88
22669,0,153,426,-273
22670,0,2,18,-16
22671,0,283,43,240
22672,0,343,2048,-1705
22674,0,107,80,27
22675,0,30,20,10
22676,0,302,705,-403
22677,0,12,1,11
22678,0,8,4,4
22682,0,79,52,27
22683,0,122,769,-647
22684,0,54,33,21
22685,0,26,17,9
22686,0,26,45,-19
22687,0,51,40,11
22688,0,33,61,-28
22689,0,12,131,-119
22690,0,34,23,11
22691,0,81,35,46
22692,0,89,126,-37
22693,0,2,5,-3
22694,0,6,56,-50
22695,0,6,22,-16
22697,0,405,392,13
22698,0,50,95,-45
22699,0,12,4,8
22700,0,59,115,-56
22701,0,268,47,221
22702,0,43,105,-62
22703,0,87,82,5
22704,0,871,849,22
22705,0,11,12,-1
22706,0,342,544,-202
22707,0,330,718,-388
22708,0,466,639,-173
22709,0,164,341,-177
22710,0,19,61,-42
22711,0,119,79,40
22712,0,66,110,-44
22713,0,13502,15040,-1538
22714,0,10,50,-40
22715,0,28,58,-30
22718,0,143,288,-145
22719,0,1812,1964,-152
22720,0,4,13,-9
22721,0,52,35,17
22722,0,618,464,154
22723,0,51,79,-28
22724,0,442,433,9
22725,0,16,26,-10
22726,0,2,8,-6
22727,0,211,261,-50
22728,0,15,131,-116
22729,0,2,5,-3
22730,0,60,101,-41
22731,0,37,11,26
22732,0,1,3,-2
22733,0,16,7,9
22734,0,209,463,-254
22735,0,77,28,49
22736,0,37,291,-254
22737,0,85,76,9
22738,0,2646,621,2025
22739,0,6981,9951,-2970
22740,0,1,14,-13
22741,0,5,1,4
22742,0,21,20,1
22743,0,10,32,-22
22744,0,367,1072,-705
22745,0,4075,6355,-2280
22746,0,65,130,-65
22747,0,21,22,-1
22748,0,1101,466,635
22750,0,44,12,32
22751,0,118,75,43
22752,0,34,51,-17
22753,0,454,161,293
22754,0,2011,2585,-574
22755,0,32,27,5
22756,0,26,2255,-2229
22757,0,193,219,-26
22758,0,13,16,-3
22759,0,254,63,191
22760,0,54,14,40
22762,0,81,519,-438
22763,0,4,14,-10
22764,0,61,38,23
22765,0,432,1039,-607
22766,0,1275,558,717
22767,0,209,178,31
22768,0,5,25,-20
22769,0,71,28,43
22770,0,23,101,-78
22771,0,2722,5587,-2865
22772,0,78,51,27
22773,0,35,23,12
22774,0,31,199,-168
22775,0,1,6,-5
22776,0,3,27,-24
22777,0,2194,477,1717
22778,0,12,0,12
22779,0,81,136,-55
22780,0,12,23,-11
22781,0,565,376,189
22782,0,27,46,-19
22783,0,82,59,23
22784,0,73,4,69
22785,0,207,119,88
22786,0,4,13,-9
22787,0,81,70,11
22788,0,73,35,38
22789,0,2129,7926,-5797
22790,0,44,61,-17
22791,0,97,131,-34
22792,0,41,26,15
22793,0,9,16,-7
22794,0,47,24,23
22795,0,13,13,0
22796,0,9,25,-16
22797,0,426,555,-129
22798,0,104,25,79
22799,0,5,82,-77
22800,0,24,35,-11
22801,0,25,94,-69
22803,0,540,259,281
22804,0,37,67,-30
22805,0,451,263,188
22806,0,60,21,39
22807,0,18,22,-4
22808,0,1014,333,681
22809,0,195,182,13
22810,0,4596,281,4315
22811,0,61,53,8
22812,0,100,523,-423
22813,0,10,21,-11
22814,0,46,58,-12
22815,0,7,24,-17
22816,0,13,62,-49
22817,0,2,4,-2
22818,0,6,6,0
22819,0,70,47,23
22820,0,6,7,-1
22821,0,6430,2551,3879
22822,0,27,37,-10
22823,0,12,20,-8
22824,0,8,45,-37
22825,0,45,46,-1
22826,0,62,79,-17
22827,0,45,33,12
22828,0,17,19,-2
22829,0,41,85,-44
22830,0,42,45,-3
22831,0,79,31,48
22832,0,39,79,-40
22833,0,920,1863,-943
22834,0,195,134,61
22835,0,225040,134022,91018
22836,0,111,184,-73
22838,0,31,80,-49
22839,0,18,2,16
22840,0,162,186,-24
22841,0,51,78,-27
22842,0,554,349,205
22843,0,29,34,-5
22844,0,588,963,-375
22845,0,798,1244,-446
22846,0,325,135,190
22847,0,57,85,-28
22848,0,9,42,-33
22849,0,73,24,49
22850,0,108,97,11
22851,0,4,14,-10
22852,0,67,722,-655
22853,0,388,56,332
22854,0,32,78,-46
22855,0,47,80,-33
22856,0,596,752,-156
22857,0,1040,912,128
22858,0,48,68,-20
22859,0,75,9,66
22861,0,8,20,-12
22862,0,181,50,131
22863,0,289,259,30
22864,0,3,13,-10
22865,0,5,8,-3
22866,0,16,30,-14
22868,0,4,4,0
22871,0,25,30,-5
22872,0,91,112,-21
22873,0,26,30,-4
22874,0,25,80,-55
22875,0,123,203,-80
22876,0,849,737,112
22877,0,255,168,87
22878,0,1954,653,1301
22879,0,81,9,72
22880,0,42,168,-126
22881,0,6975,6832,143
22882,0,44,75,-31
22883,0,107,96,11
22884,0,8,38,-30
22885,0,11,48,-37
22886,0,4,21,-17
22887,0,2682,2085,597
22888,0,179,225,-46
22889,0,185,191,-6
22891,0,2,3,-1
22892,0,44,102,-58
22893,0,9,28,-19
22894,0,24,23,1
22895,0,33,6,27
22897,0,2507,462,2045
22898,0,31,116,-85
22899,0,28,171,-143
22900,0,10,45,-35
22901,0,149,121,28
22902,0,77,454,-377
22903,0,4,4,0
22905,0,37,108,-71
22906,0,2,2,0
22907,0,24,14,10
22908,0,29,39,-10
22910,0,65,111,-46
22911,0,30,25,5
22912,0,10,4,6
22913,0,782,428,354
22914,0,28,43,-15
22915,0,310,399,-89
22916,0,271,368,-97
22917,0,4,2,2
22918,0,27,13,14
22919,0,348,218,130
22920,0,229,486,-257
22921,0,8,6,2
22922,0,101,194,-93
22923,0,2,28,-26
22924,0,60,141,-81
22925,0,2,21,-19
22926,0,31,13,18
22927,0,108,287,-179
22928,0,58,10,48
22929,0,26,49,-23
22930,0,1884,1666,218
22932,0,154,85,69
22933,0,39,34,5
22934,0,264,229,35
22935,0,29,119,-90
22936,0,99,65,34
22937,0,8,25,-17
22938,0,21,30,-9
22939,0,97,1092,-995
22940,0,2,12,-10
22941,0,3,4,-1
22942,0,22,103,-81
22943,0,4119,3558,561
22944,0,1,2,-1
22945,0,42,63,-21
22946,0,18,20,-2
22947,0,42,55,-13
22948,0,87,172,-85
22949,0,1044,3879,-2835
22951,0,1,4,-3
22952,0,17,20,-3
22953,0,275,41,234
22954,0,9,54,-45
22955,0,35,275,-240
22956,0,36,218,-182
22957,0,49,59,-10
22958,0,30,15,15
22959,0,76,43,33
22960,0,48,48,0
22961,0,50,54,-4
22962,0,23,70,-47
22963,0,21,14,7
22964,0,21,27,-6
22965,0,52,85,-33
22966,0,12,69,-57
22967,0,50,63,-13
22968,0,84,7,77
22969,0,43,37,6
22970,0,157,179,-22
22971,0,1873,2001,-128
22972,0,198,250,-52
22973,0,44,21,23
22974,0,711,225,486
22975,0,8,26,-18
22976,0,78,40,38
22977,0,26,20,6
22978,0,2,6,-4
22979,0,1555,46,1509
22980,0,52,92,-40
22981,0,137,10,127
22982,0,1,12,-11
22983,0,303,267,36
22984,0,77,100,-23
22985,0,30,7,23
22986,0,10982,7186,3796
22987,0,2268,3395,-1127
22988,0,283,27,256
22989,0,37,80,-43
22991,0,62,43,19
22992,0,41,57,-16
22993,0,3060,58,3002
22994,0,19,40,-21
22995,0,33,8,25
22996,0,58,164,-106
22997,0,86,144,-58
22998,0,25,17,8
22999,0,286,434,-148
23000,0,4402,10327,-5925
23001,0,1389,2646,-1257
23002,0,3232,454,2778
23003,0,1,12,-11
23004,0,113,61,52
23005,0,33,40,-7
23006,0,12,11,1
23007,0,57,62,-5
23008,0,241,206,35
23009,0,170,180,-10
23010,0,16,10,6
23011,0,148,191,-43
23012,0,3,2,1
23013,0,10229,16367,-6138
23014,0,1565,1714,-149
23015,0,29,37,-8
23016,0,41,17,24
23017,0,1425,1272,153
23018,0,531,1441,-910
23019,0,2,2,0
23020,0,31,83,-52
23021,0,118,161,-43
23022,0,13,15,-2
23023,0,65,34,31
23024,0,650,419,231
23025,0,2,5,-3
23026,0,141,189,-48
23027,0,115,150,-35
23028,0,157,421,-264
23030,0,39,24,15
23031,0,48,138,-90
23032,0,117,18,99
23033,0,17,1,16
23034,0,44,142,-98
23035,0,291,99,192
23036,0,3220,4186,-966
23037,0,73,36,37
23038,0,249,207,42
23039,0,11,5,6
23040,0,19,16,3
23041,0,58,22,36
23042,0,7,109,-102
23043,0,373,666,-293
23044,0,6,11,-5
23045,0,310,60,250
23046,0,428,513,-85
23047,0,15,64,-49
23048,0,120,188,-68
23049,0,11,20,-9
23050,0,164,89,75
23051,0,12,17,-5
23052,0,25,95,-70
23053,0,19,7,12
23054,0,468,68,400
23055,0,72,249,-177
23056,0,9,4,5
23057,0,51,19,32
23058,0,222,186,36
23059,0,106,431,-325
23060,0,9,17,-8
23061,0,733,1176,-443
23062,0,1,23,-22
23063,0,3,15,-12
23064,0,2,5,-3
23065,0,208,142,66
23066,0,40,173,-133
23067,0,129,188,-59
23068,0,552,680,-128
23069,0,757,114,643
23070,0,279,179,100
23071,0,315,149,166
23072,0,52,57,-5
23073,0,208,520,-312
23074,0,71,30,41
23075,0,30,41,-11
23076,0,272,39,233
23077,0,210,23,187
23078,0,25,24,1
23079,0,1034,702,332
23080,0,20,21,-1
23081,0,11,14,-3
23082,0,4550,4691,-141
23083,0,62,11,51
23084,0,157,249,-92
23085,0,232,265,-33
23086,0,117693,228849,-111156
23087,0,41,34,7
23088,0,728,1521,-793
23089,0,4453,1168,3285
23090,0,160,1079,-919
23091,0,8,2,6
23092,0,108,87,21
23093,0,7,23,-16
23094,0,3,11,-8
23095,0,2,11,-9
23096,0,1896,1246,650
23098,0,87,16,71
23099,0,4,4,0
23100,0,38,29,9
23101,0,70,144,-74
23102,0,35,30,5
23103,0,2943,5955,-3012
23104,0,222,223,-1
23105,0,36,8,28
23106,0,242,615,-373
23107,0,24,32,-8
23108,0,52,34,18
23109,0,22,23,-1
23110,0,5,14,-9
23111,0,53,95,-42
23112,0,26,21,5
23113,0,199,103,96
23114,0,11,154,-143
23115,0,890,2040,-1150
23116,0,19,1,18
23117,0,62,21,41
23118,0,110,114,-4
23120,0,42,31,11
23121,0,121,168,-47
23122,0,111,272,-161
23123,0,201,474,-273
23124,0,258,104,154
23125,0,3,47,-44
23126,0,8,90,-82
23127,0,54,75,-21
23128,0,29,79,-50
23129,0,285,58,227
23130,0,744,1177,-433
23131,0,10,15,-5
23132,0,86,138,-52
23133,0,398,241,157
23134,0,3,21,-18
23135,0,61,375,-314
23136,0,903,2451,-1548
23137,0,73,56,17
23138,0,29,34,-5
23139,0,25,6,19
23140,0,10,46,-36
23141,0,149,4,145
23142,0,26,84,-58
23143,0,384,541,-157
23144,0,288,167,121
23145,0,249,84,165
23146,0,83,114,-31
23147,0,54,39,15
23148,0,403,340,63
23149,0,39,31,8
23150,0,12,12,0
23151,0,33,59,-26
23152,0,21,21,0
23153,0,28,93,-65
23154,0,460,156,304
23155,0,102,58,44
23157,0,101,50,51
23158,0,1,11,-10
23159,0,52,40,12
23160,0,161,41,120
23161,0,657,590,67
23162,0,52,17,35
23163,0,13,76,-63
23164,0,5,13,-8
23165,0,54,86,-32
23166,0,165,112,53
23167,0,277,294,-17
23168,0,6,20,-14
23169,0,159,648,-489
23170,0,45,23,22
23171,0,6,59,-53
23172,0,166,87,79
23173,0,29,52,-23
23174,0,99,179,-80
23175,0,178,149,29
23176,0,2511,3068,-557
23177,0,27,53,-26
23178,0,47,23,24
23179,0,72,66,6
23180,0,58,44,14
23181,0,52,82,-30
23182,0,6,11,-5
23183,0,807,335,472
23184,0,41,58,-17
23185,0,103,120,-17
23186,0,52,183,-131
23188,0,3,22,-19
23189,0,1447,1043,404
23191,0,42,26,16
23192,0,1391,579,812
23193,0,1,3,-2
23194,0,2,8,-6
23196,0,25,16,9
23197,0,53,54,-1
23198,0,15,8,7
23199,0,1232,868,364
23200,0,15,11,4
23201,0,3,91,-88
23202,0,68,28,40
23203,0,13,20,-7
23204,0,1,2,-1
23205,0,8,16,-8
23206,0,2,2,0
23207,0,8,4,4
23208,0,111,83,28
23209,0,94,71,23
23210,0,307,207,100
23211,0,799,315,484
23212,0,64,151,-87
23213,0,2462,2361,101
23214,0,3,11,-8
23215,0,212,155,57
23216,0,26,17,9
23217,0,288,596,-308
23218,0,197,410,-213
23219,0,50,47,3
23220,0,5,21,-16
23221,0,167,195,-28
23222,0,7,23,-16
23223,0,7,53,-46
23224,0,328,565,-237
23225,0,6,10,-4
23226,0,18,10,8
23227,0,4112,1128,2984
23228,0,26,19,7
23229,0,489,683,-194
23230,0,23,33,-10
23231,0,553,697,-144
23232,0,59,57,2
23233,0,140,276,-136
23234,0,8346,15648,-7302
23235,0,212,168,44
23236,0,647,115,532
23238,0,19,136,-117
23239,0,176,181,-5
23240,0,1114,1121,-7
23241,0,2597,4391,-1794
23243,0,12,28,-16
23244,0,174,432,-258
23245,0,4169,3789,380
23246,0,10,14,-4
23247,0,1093,889,204
23248,0,9,16,-7
23249,0,4,50,-46
23250,0,17255,20532,-3277
23251,0,54,25,29
23252,0,162,191,-29
23253,0,21,124,-103
23254,0,5,3,2
23255,0,195,155,40
23256,0,4,2,2
23257,0,1071,1570,-499
23258,0,5,46,-41
23259,0,36,10,26
23261,0,24,41,-17
23262,0,1,13,-12
23263,0,32,43,-11
23264,0,101,127,-26
23265,0,123,157,-34
23266,0,144,164,-20
23267,0,1278,1178,100
23268,0,5,44,-39
23269,0,53,162,-109
23270,0,20,19,1
23271,0,30,60,-30
23272,0,1445,1474,-29
23273,0,10,10,0
23274,0,8,36,-28
23275,0,11,23,-12
23276,0,791,1103,-312
23277,0,29,54,-25
23278,0,170,204,-34
23279,0,50,33,17
23280,0,45,149,-104
23281,0,41,19,22
23282,0,60,49,11
23283,0,18,8,10
23284,0,278,355,-77
23285,0,180,656,-476
23286,0,4,8,-4
23287,0,3,50,-47
23289,0,130,174,-44
23290,0,185,169,16
23291,0,32,69,-37
23292,0,19,32,-13
23293,0,1,7,-6
23294,0,5,19,-14
23295,0,56,146,-90
23296,0,525,721,-196
23297,0,14,23,-9
23298,0,41,30,11
23299,0,11,67,-56
23300,0,8,19,-11
23301,0,50,79,-29
23302,0,35,27,8
23303,0,199,100,99
23304,0,86,39,47
23305,0,3,15,-12
23306,0,91,31,60
23307,0,10,35,-25
23308,0,148,683,-535
23309,0,57,53,4
23310,0,23,28,-5
23311,0,5,26,-21
23312,0,3,21,-18
23313,0,4,48,-44
23314,0,325,84,241
23315,0,222,105,117
23316,0,87,64,23
23317,0,6,68,-62
23318,0,5,17,-12
23319,0,11,19,-8
23320,0,156,158,-2
23321,0,20,68,-48
23322,0,4,57,-53
23323,0,12,206,-194
23324,0,36,68,-32
23325,0,10,13,-3
23326,0,3,23,-20
23327,0,166,344,-178
23328,0,473,5091,-4618
23330,0,29,25,4
23331,0,9,4,5
23332,0,1,12,-11
23333,0,7,32,-25
23334,0,49,221,-172
23335,0,868,1191,-323
23336,0,8,4,4
23337,0,688,381,307
23338,0,36,18,18
23339,0,6,1,5
23340,0,56,109,-53
23341,0,1,2,-1
23342,0,61,48,13
23343,0,29,75,-46
23344,0,4,11,-7
23345,0,120,342,-222
23346,0,6,44,-38
23347,0,65,15,50
23348,0,11,4,7
23349,0,2,1,1
23350,0,13,3,10
23351,0,80,198,-118
23352,0,590,439,151
23353,0,7974,4956,3018
23354,0,4,9,-5
23355,0,3245,3872,-627
23356,0,45,87,-42
23357,0,60,15,45
23358,0,25,25,0
23359,0,416,801,-385
23360,0,4,4,0
23361,0,36,32,4
23362,0,70,55,15
23363,0,68,10,58
23365,0,107,82,25
23366,0,88,125,-37
23368,0,32,53,-21
23369,0,27,4,23
23370,0,25,5,20
23371,0,118,53,65
23372,0,229,423,-194
23373,0,1547,1992,-445
23374,0,72,61,11
23375,0,43,13,30
23376,0,33,92,-59
23377,0,18,7,11
23378,0,1,7,-6
23379,0,18,38,-20
23380,0,11,2,9
23381,0,367,498,-131
23382,0,226,390,-164
23383,0,6,16,-10
23384,0,8519,9813,-1294
23385,0,993,1056,-63
23386,0,12,49,-37
23387,0,5143,3065,2078
23388,0,139,66,73
23389,0,288,58,230
23390,0,140,62,78
23391,0,23,26,-3
23392,0,20,44,-24
23393,0,67,10,57
23395,0,6,46,-40
23396,0,8,42,-34
23397,0,103,107,-4
23398,0,1498,246,1252
23399,0,4,11,-7
23400,0,20,37,-17
23401,0,115,139,-24
23402,0,84,1,83
23403,0,2229,4781,-2552
23404,0,155,230,-75
23405,0,216,230,-14
23406,0,4,1,3
23407,0,236,378,-142
23408,0,21,21,0
23409,0,104,91,13
23410,0,4999,396,4603
23411,0,51,127,-76
23412,0,87,61,26
23413,0,27,57,-30
23414,0,4,6,-2
23415,0,6,4,2
23417,0,390,82,308
23418,0,73,17,56
23419,0,4,13,-9
23420,0,70,21,49
23423,0,16,71,-55
23424,0,915,1053,-138
23425,0,248,196,52
23426,0,3306,3717,-411
23427,0,647,900,-253
23428,0,12,220,-208
23429,0,15,47,-32
23431,0,577,1123,-546
23432,0,8,20,-12
23433,0,242,106,136
23434,0,299,29,270
23435,0,261,186,75
23436,0,471,275,196
23437,0,37,133,-96
23438,0,98,129,-31
23439,0,36,18,18
23440,0,1376,2513,-1137
23441,0,75,32,43
23442,0,53,148,-95
23443,0,119,138,-19
23444,0,13,22,-9
23445,0,34,11,23
23446,0,32,10,22
23447,0,135,154,-19
23448,0,33,14,19
23449,0,36,50,-14
23451,0,776,321,455
23452,0,8,18,-10
23453,0,34,59,-25
23454,0,9,4,5
23455,0,51,29,22
23457,0,64,164,-100
23458,0,148,115,33
23459,0,41,59,-18
23460,0,325,347,-22
23461,0,70,233,-163
23462,0,31,16,15
23463,0,71,109,-38
23464,0,2,35,-33
23465,0,390,314,76
23466,0,173,120,53
23467,0,13,48,-35
23468,0,12,32,-20
23469,0,13,33,-20
23470,0,15,92,-77
23471,0,174,76,98
23473,0,84,117,-33
23474,0,9,15,-6
23475,0,17,28,-11
23476,0,230,1625,-1395
23477,0,9,6,3
23478,0,209797,195,209602
23479,0,60,72,-12
23480,0,110,151,-41
23481,0,85,106,-21
23482,0,23,13,10
23483,0,12,36,-24
23484,0,266,36,230
23485,0,497,598,-101
23486,0,27,21,6
23487,0,68,235,-167
23488,0,1,2,-1
23489,0,19,5,14
23491,0,19,26,-7
23492,0,72,440,-368
23493,0,255,238,17
23494,0,4370,10282,-5912
23495,0,7,38,-31
23496,0,55,20,35
23497,0,74,127,-53
23498,0,112,160,-48
23499,0,14,204,-190
23500,0,138,84,54
23501,0,424,1,423
23502,0,1449,1404,45
23503,0,23,15,8
23504,0,104,153,-49
23505,0,47,131,-84
23506,0,19,8,11
23507,0,9,16,-7
23509,0,404,697,-293
23510,0,28,7,21
23511,0,78,110,-32
23512,0,78,18,60
23513,0,17598,27022,-9424
23514,0,7,1,6
23515,0,83,133,-50
23516,0,28,391,-363
23518,0,39,88,-49
23519,0,132,58,74
23520,0,25,14,11
23521,0,64,77,-13
23522,0,1,2,-1
23523,0,2265,636,1629
23524,0,12,20,-8
23526,0,127,167,-40
23527,0,1,68,-67
23528,0,17,33,-16
23529,0,28,48,-20
23530,0,139,36,103
23532,0,77,204,-127
23533,0,31,28,3
23534,0,53,24,29
23535,0,3,20,-17
23536,0,478,235,243
23538,0,40,6,34
23539,0,184,452,-268
23540,0,4,41,-37
23541,0,5,9,-4
23542,0,40,7,33
23543,0,566,333,233
23544,0,17,20,-3
23545,0,13,38,-25
23546,0,1,17,-16
23547,0,27,25,2
23549,0,22,19,3
23550,0,36,34,2
23551,0,23,38,-15
23552,0,3031,73,2958
23553,0,103,211,-108
23554,0,697,802,-105
23556,0,4,7,-3
23557,0,39,63,-24
23558,0,25,26,-1
23559,0,11,52,-41
23561,0,140,165,-25
23562,0,174,165,9
23564,0,30,74,-44
23565,0,15,154,-139
23566,0,4131,5656,-1525
23567,0,536,599,-63
23568,0,33,28,5
23569,0,3,3,0
23570,0,55,29,26
23571,0,14,3,11
23572,0,13,41,-28
23573,0,64,104,-40
23575,0,41,29,12
23576,0,3,1,2
23577,0,41,41,0
23578,0,18,60,-42
23579,0,63,39,24
23580,0,218,321,-103
23581,0,241,43,198
23583,0,96,11,85
23584,0,73,11,62
23585,0,24,47,-23
23586,0,48,27,21
23587,0,8,6,2
23588,0,1483,8139,-6656
23589,0,11,26,-15
23590,0,17,3,14
23591,0,18,4,14
23592,0,17,65,-48
23593,0,81,26,55
23594,0,88,19,69
23595,0,3897,1765,2132
23596,0,2,25,-23
23597,0,45,30,15
23598,0,7,7,0
23599,0,75,226,-151
23600,0,846,415,431
23601,0,6,4,2
23602,0,18,83,-65
23603,0,6,9,-3
23604,0,18046,7467,10579
23605,0,84,15,69
23606,0,2166,5623,-3457
23607,0,2,11,-9
23608,0,757,2510,-1753
23609,0,43,44,-1
23610,0,49,85,-36
23611,0,1,8,-7
23613,0,263,98,165
23614,0,108,17,91
23615,0,6619,5629,990
23616,0,21,22,-1
23617,0,19,28,-9
23618,0,3747,4811,-1064
23619,0,5,155,-150
23620,0,138,90,48
23621,0,66,46,20
23622,0,62,76,-14
23623,0,16,17,-1
23624,0,2435,2444,-9
23625,0,20,40,-20
23626,0,49,47,2
23628,0,9,12,-3
23629,0,35,90,-55
23630,0,28,33,-5
23631,0,71,24,47
23632,0,81,13,68
23633,0,41,35,6
23634,0,280,192,88
23635,0,48,38,10
23636,0,22,32,-10
23637,0,150,87,63
23638,0,317,319,-2
23639,0,2,14,-12
23640,0,81,292,-211
23641,0,1200,152,1048
23642,0,6,11,-5
23644,0,92,93,-1
23645,0,11029,13764,-2735
23646,0,16,17,-1
23647,0,68,81,-13
23648,0,17,30,-13
23649,0,1319,3846,-2527
23650,0,79,122,-43
23651,0,8,7,1
23652,0,209,382,-173
23653,0,16,85,-69
23654,0,2,9,-7
23656,0,147,119,28
23657,0,74,22,52
23658,0,61,76,-15
23659,0,14,18,-4
23661,0,27,28,-1
23662,0,42,102,-60
23663,0,714,997,-283
23664,0,4,16,-12
23665,0,51,197,-146
23668,0,725499,509784,215715
23669,0,151,167,-16
23670,0,70,63,7
23671,0,48,111,-63
23672,0,87,40,47
23673,0,24,78,-54
23674,0,19,3,16
23675,0,39,92,-53
23676,0,11,38,-27
23677,0,11,14,-3
23679,0,57,57,0
23680,0,175,310,-135
23681,0,354,192,162
23682,0,118,110,8
23683,0,275,1123,-848
23684,0,346,637,-291
23685,0,9,9,0
23686,0,24,36,-12
23687,0,100,103,-3
23689,0,7,6,1
23690,0,52,10,42
23692,0,1474,231,1243
23693,0,44,164,-120
23694,0,11,52,-41
23695,0,10,8,2
23696,0,10,8,2
23697,0,87,195,-108
23698,0,45,95,-50
23699,0,227,138,89
23700,0,189,301,-112
23701,0,241,134,107
23702,0,298,362,-64
23703,0,17,16,1
23704,0,6,13,-7
23706,0,31,66,-35
23707,0,151,241,-90
23708,0,10,12,-2
23709,0,94,144,-50
23710,0,36,63,-27
23711,0,456,501,-45
23712,0,882,670,212
23713,0,36,49,-13
23714,0,94,81,13
23715,0,1195,2912,-1717
23716,0,693,1543,-850
23717,0,36,43,-7
23718,0,1,9,-8
23719,0,189,298,-109
23720,0,352,2655,-2303
23721,0,86,52,34
23722,0,28,10,18
23723,0,14,6,8
23724,0,105,90,15
23725,0,41,78,-37
23726,0,767,462,305
23728,0,55,161,-106
23730,0,9,13,-4
23731,0,133,75,58
23732,0,5833,9196,-3363
23733,0,1656,811,845
23734,0,38,31,7
23735,0,2840,1853,987
23736,0,100,102,-2
23737,0,29,143,-114
23738,0,39,108,-69
23739,0,4,2,2
23740,0,22,21,1
23741,0,71,303,-232
23742,0,10,54,-44
23743,0,260,871,-611
23744,0,484,752,-268
23745,0,89,182,-93
23746,0,328,34,294
23747,0,144,242,-98
23748,0,10,87,-77
23749,0,31,64,-33
23750,0,70,46,24
23751,0,30,62,-32
23752,0,14,3,11
23753,0,2,4,-2
23754,0,7,15,-8
23755,0,13,17,-4
23756,0,14,50,-36
23757,0,21,22,-1
23758,0,54,40,14
23759,0,19,18,1
23760,0,4,2,2
23761,0,42,34,8
23762,0,290,160,130
23763,0,13,25,-12
23764,0,5,28,-23
23766,0,6,16,-10
23767,0,155,154,1
23768,0,13,33,-20
23769,0,466,1333,-867
23770,0,21,37,-16
23771,0,178,149,29
23772,0,26,21,5
23773,0,6,4,2
23774,0,548,803,-255
23775,0,1461,1284,177
23776,0,15,29,-14
23777,0,91,94,-3
23779,0,2,4,-2
23780,0,582,305,277
23781,0,134,81,53
23782,0,176,56,120
23783,0,36,33,3
23785,0,65,102,-37
23786,0,36,5,31
23787,0,86,10,76
23788,0,110,170,-60
23789,0,9,3,6
23790,0,62,38,24
23791,0,69,25,44
23793,0,784,5197,-4413
23794,0,52,20,32
23795,0,1244,723,521
23796,0,184,929,-745
23797,0,55,20,35
23798,0,299,557,-258
23799,0,124,83,41
23800,0,19,52,-33
23801,0,5,38,-33
23802,0,158,127,31
23803,0,1,1,0
23804,0,54,18,36
23805,0,360,213,147
23806,0,6,21,-15
23807,0,65,114,-49
23808,0,211,114,97
23809,0,10,64,-54
23810,0,26,22,4
23811,0,4,12,-8
23812,0,82,71,11
23813,0,491,331,160
23814,0,273,67,206
23815,0,83,272,-189
23816,0,235,106,129
23817,0,20,63,-43
23819,0,16,32,-16
23821,0,50,127,-77
23822,0,88,52,36
23823,0,111,69,42
23824,0,4,3,1
23825,0,8,457,-449
23826,0,358,169,189
23827,0,303,338,-35
23828,0,4,31,-27
23829,0,20,13,7
23830,0,185,113,72
23831,0,58,94,-36
23832,0,2,7,-5
23833,0,48,81,-33
23834,0,124,537,-413
23835,0,124,455,-331
23836,0,4,11,-7
23837,0,88,32,56
23838,0,9,2,7
23839,0,391,13696,-13305
23841,0,14,1,13
23842,0,272,519,-247
23843,0,232,338,-106
23844,0,60,115,-55
23845,0,730,402,328
23846,0,52,159,-107
23848,0,24,3,21
23849,0,19,9,10
23850,0,1,16,-15
23851,0,2747,3615,-868
23852,0,128,150,-22
23853,0,73,102,-29
23854,0,4903,4488,415
23855,0,107,84,23
23857,0,210,130,80
23858,0,78,27,51
23859,0,33,14,19
23860,0,123,72,51
23861,0,9,19,-10
23862,0,19,31,-12
23863,0,42,47,-5
23864,0,14173,12802,1371
23865,0,5,4,1
23866,0,7,9,-2
23867,0,1194,744,450
23868,0,7,5,2
23870,0,375,140,235
23871,0,5140,5531,-391
23872,0,5,12,-7
23873,0,68,37,31
23874,0,108,39,69
23875,0,257,205,52
23876,0,162,175,-13
23877,0,144,17,127
23878,0,41,3,38
23879,0,75,43,32
23880,0,4,7,-3
23881,0,36,113,-77
23882,0,2,47,-45
23883,0,165,34,131
23884,0,10,4,6
23885,0,3,3,0
23886,0,5,24,-19
23887,0,145,56,89
23888,0,29,11,18
23889,0,23,59,-36
23890,0,991,39,952
23891,0,101,81,20
23892,0,93,341,-248
23893,0,104,98,6
23894,0,77,223,-146
23895,0,660,577,83
23896,0,240,151,89
23897,0,224,206,18
23898,0,330,288,42
23899,0,433,450,-17
23900,0,1093,3850,-2757
23901,0,84,68,16
23902,0,35,108,-73
23903,0,6,0,6
23904,0,44,73,-29
23905,0,28,64,-36
23906,0,28,67,-39
23908,0,80,49,31
23909,0,2,0,2
23910,0,258,230,28
23911,0,29,51,-22
23912,0,20,106,-86
23913,0,71,27,44
23914,0,160,119,41
23915,0,26,116,-90
23916,0,25,16,9
23917,0,28,6,22
23918,0,14,35,-21
23919,0,967,528,439
23920,0,123,24,99
23921,0,95,67,28
23922,0,12,24,-12
23923,0,38,32,6
23924,0,32,58,-26
23925,0,42,40,2
23926,0,163,146,17
23927,0,70,38,32
23928,0,145,126,19
23929,0,409,188,221
23930,0,3,25,-22
23931,0,1211,441,770
23932,0,22,25,-3
23933,0,346,817,-471
23934,0,9,11,-2
23935,0,361,256,105
23936,0,73,35,38
23937,0,256,699,-443
23938,0,25,27,-2
23939,0,18,4,14
23940,0,78,43,35
23941,0,1785,1878,-93
23942,0,15,35,-20
23943,0,107,66,41
23944,0,216,84,132
23945,0,643,1552,-909
23946,0,21,120,-99
23948,0,5,3,2
23950,0,1170,1383,-213
23951,0,100,46,54
23952,0,19,70,-51
23953,0,342,830,-488
23955,0,18,16,2
23957,0,17,11,6
23958,0,14,28,-14
23959,0,11,17,-6
23960,0,58,139,-81
23961,0,7,4,3
23962,0,243,179,64
23963,0,10,96,-86
23964,0,43,207,-164
23965,0,17,49,-32
23966,0,269,358,-89
23967,0,104,1091,-987
23968,0,94,360,-266
23969,0,35,15,20
23970,0,1769,2465,-696
23971,0,117,342,-225
23972,0,16,91,-75
23973,0,41,24,17
23974,0,3,6,-3
23975,0,27,191,-164
23976,0,4,7,-3
23977,0,101,126,-25
23979,0,92,24,68
23980,0,127,98,29
23981,0,117,66,51
23984,0,1696,1720,-24
23985,0,12,21,-9
23986,0,98,121,-23
23987,0,18,34,-16
23988,0,25,168,-143
23989,0,7,22,-15
23990,0,725,9,716
23992,0,79,55,24
23993,0,204,202,2
23994,0,236,7,229
23995,0,90,363,-273
23996,0,209,100,109
23997,0,33,152,-119
23998,0,1071,1540,-469
24000,0,19,19,0
24001,0,60,24,36
24002,0,802,1142,-340
24003,0,7,33,-26
24005,0,51,56,-5
24006,0,6,35,-29
24007,0,82,78,4
24008,0,27,17,10
24009,0,172,222,-50
24011,0,8,28,-20
24012,0,32,66,-34
24013,0,39,8,31
24014,0,26,19,7
24015,0,81,261,-180
24016,0,106,175,-69
24017,0,18,34,-16
24018,0,17,14,3
24019,0,5,29,-24
24020,0,52,7,45
24021,0,6,5,1
24022,0,673,463,210
24023,0,1386,434,952
24024,0,52,26,26
24025,0,75,164,-89
24026,0,287,296,-9
24027,0,42,15,27
24028,0,13142,13759,-617
24029,0,15,68,-53
24030,0,109,58,51
24032,0,307,214,93
24033,0,639,571,68
24034,0,44,10,34
24036,0,197,812,-615
24037,0,97,113,-16
24038,0,1659,4326,-2667
24039,0,15,39,-24
24040,0,212,941,-729
24041,0,2126,6762,-4636
24042,0,139,297,-158
24043,0,33,20,13
24044,0,206,68,138
24045,0,41,108,-67
24046,0,305,198,107
24047,0,254,88,166
24048,0,188,183,5
24049,0,2559,2698,-139
24050,0,166,62,104
24051,0,17,7,10
24052,0,30,86,-56
24053,0,7,2,5
24054,0,10,13,-3
24056,0,1044,482,562
24057,0,137,65,72
24058,0,4084,8536,-4452
24059,0,5,44,-39
24060,0,77,30,47
24061,0,17,60,-43
24062,0,425,719,-294
24063,0,39,117,-78
24064,0,210,80,130
24065,0,117,16,101
24066,0,59,110,-51
24067,0,39,74,-35
24068,0,41,34,7
24069,0,286,69,217
24070,0,207,219,-12
24072,0,62,18,44
24073,0,196,798,-602
24074,0,17,28,-11
24075,0,112,47,65
24076,0,109,160,-51
24077,0,200,292,-92
24078,0,1,21,-20
24079,0,3,255,-252
24080,0,21,60,-39
24081,0,102,95,7
24082,0,155,122,33
24083,0,1638,2946,-1308
24084,0,101,115,-14
24085,0,18,71,-53
24087,0,15749,123895,-108146
24089,0,4,16,-12
24090,0,180,130,50
24091,0,44,9,35
24093,0,52,25,27
24094,0,12,4,8
24095,0,9,21,-12
24096,0,53,24,29
24097,0,4751,11683,-6932
24098,0,33,72,-39
24099,0,102,176,-74
24100,0,47,38,9
24101,0,570,1724,-1154
24102,0,58,54,4
24104,0,99,94,5
24105,0,13,14,-1
24106,0,22,26,-4
24108,0,1,8,-7
24109,0,3,11,-8
24111,0,7,47,-40
24112,0,17,4,13
24113,0,13,11,2
24114,0,54,78,-24
24116,0,715,57,658
24117,0,29,62,-33
24118,0,50,71,-21
24119,0,7,14,-7
24120,0,6,12,-6
24121,0,7140,1731,5409
24122,0,66,175,-109
24123,0,13,381,-368
24124,0,247,125,122
24125,0,673,178,495
24126,0,89,105,-16
24127,0,99,150,-51
24128,0,5622,336,5286
24129,0,15,6,9
24130,0,2,11,-9
24131,0,15,20,-5
24132,0,271,280,-9
24133,0,9,33,-24
24134,0,384,184,200
24135,0,15,25,-10
24136,0,3367,4562,-1195
24137,0,79,4,75
24138,0,196,357,-161
24140,0,46,27,19
24141,0,324,3438,-3114
24142,0,35,13,22
24143,0,21,21,0
24145,0,2,8,-6
24146,0,718,1355,-637
24147,0,169,331,-162
24148,0,25,19,6
24149,0,3090,3762,-672
24150,0,309,211,98
24151,0,18,29,-11
24152,0,89,5,84
24153,0,119,381,-262
24154,0,12,18,-6
24156,0,39,74,-35
24157,0,42,169,-127
24158,0,416,534,-118
24159,0,624,1272,-648
24160,0,25,27,-2
24161,0,75,45,30
24162,0,146,143,3
24163,0,78,64,14
24164,0,39,1,38
24165,0,114,254,-140
24166,0,81,115,-34
24167,0,35,297,-262
24168,0,70,293,-223
24169,0,2,4,-2
24170,0,1,3,-2
24171,0,45,154,-109
24172,0,369,128,241
24173,0,3,10,-7
24174,0,195,267,-72
24175,0,359,687,-328
24176,0,210,127,83
24177,0,9,21,-12
24178,0,10,79,-69
24179,0,15,23,-8
24180,0,823,783,40
24181,0,37,25,12
24182,0,49,49,0
24183,0,76,108,-32
24184,0,42,33,9
24185,0,12,40,-28
24186,0,3,31,-28
24187,0,268,274,-6
24188,0,3,18,-15
24189,0,71,43,28
24190,0,47,35,12
24191,0,471,921,-450
24192,0,63,147,-84
24194,0,21,29,-8
24195,0,10,34,-24
24197,0,109,196,-87
24198,0,306,778,-472
24199,0,14,17,-3
24200,0,38,9,29
24201,0,81,85,-4
24202,0,3,5,-2
24203,0,90,276,-186
24204,0,13,15,-2
24205,0,2259,32,2227
24206,0,14,21,-7
24207,0,18,46,-28
24208,0,575,399,176
24209,0,10,16,-6
24210,0,476,781,-305
24211,0,306,262,44
24212,0,1,7,-6
24213,0,2,38,-36
24214,0,25,6,19
24215,0,71,1063,-992
24216,0,27,21,6
24217,0,23,14,9
24218,0,27,72,-45
24219,0,139,40,99
24220,0,20,55,-35
24221,0,38,409,-371
24222,0,8326,10903,-2577
24223,0,26,38,-12
24224,0,80,237,-157
24225,0,2099,1122,977
24226,0,1775,925,850
24227,0,4,22,-18
24228,0,8353,16895,-8542
24229,0,15,48,-33
24231,0,480,35,445
24232,0,208,258,-50
24233,0,33,35,-2
24234,0,31,124,-93
24236,0,99,77,22
24237,0,904,262,642
24238,0,13,42,-29
24239,0,7,21,-14
24240,0,110,97,13
24241,0,125,17,108
24242,0,6,8,-2
24243,0,355,416,-61
24244,0,818,2488,-1670
24245,0,110,16,94
24246,0,447,78,369
24247,0,31,75,-44
24248,0,3,25,-22
24249,0,31,27,4
24250,0,65,16,49
24251,0,31,12,19
24252,0,3,12,-9
24253,0,3785,1280,2505
24254,0,2,0,2
24255,0,10,10,0
24256,0,4,10,-6
24257,0,1930,92,1838
24258,0,2463,725,1738
24259,0,26,9,17
24260,0,115,126,-11
24261,0,12,12,0
24262,0,2,11,-9
24263,0,31,193,-162
24264,0,2,4,-2
24265,0,39,184,-145
24266,0,1014,1238,-224
24267,0,31,148,-117
24268,0,43,24,19
24269,0,13013,4733,8280
24270,0,7,15,-8
24271,0,2,28,-26
24272,0,9,22,-13
24274,0,207,265,-58
24275,0,217,92,125
24276,0,33,52,-19
24277,0,327,129,198
24278,0,2712,4853,-2141
24281,0,32,43,-11
24282,0,6,8,-2
24283,0,23,109,-86
24284,0,9,6,3
24285,0,1650,186,1464
24286,0,8,4,4
24287,0,27,24,3
24288,0,110,20,90
24289,0,1,6,-5
24290,0,2149,427,1722
24291,0,23,21,2
24292,0,29,55,-26
24293,0,26,31,-5
24294,0,31,152,-121
24295,0,29,33,-4
24296,0,3,17,-14
24297,0,21,68,-47
24298,0,49,292,-243
24299,0,68,16,52
24300,0,276,519,-243
24301,0,121,93,28
24302,0,38,25,13
24303,0,24,17,7
24304,0,8,19,-11
24305,0,1135,930,205
24306,0,102,79,23
24307,0,88,87,1
24308,0,4691,2625,2066
24309,0,47,58,-11
24310,0,42,47,-5
24311,0,94,53,41
24312,0,16,44,-28
24313,0,2,12,-10
24314,0,14,12,2
24315,0,13,14,-1
24316,0,124,90,34
24318,0,28,11,17
24319,0,15,130,-115
24320,0,106,83,23
24321,0,64,59,5
24322,0,29,35,-6
24323,0,86,335,-249
24324,0,42,20,22
24325,0,31,21,10
24326,0,44,19,25
24327,0,27,107,-80
24329,0,54,54,0
24330,0,2,12,-10
24331,0,20,20,0
24332,0,300,30,270
24333,0,12,16,-4
24334,0,161,81,80
24335,0,65,11,54
24336,0,12,19,-7
24337,0,25,28,-3
24338,0,48,86,-38
24339,0,150,301,-151
24340,0,5,9,-4
24341,0,85,29,56
24342,0,127,143,-16
24344,0,1144,499,645
24345,0,5,5,0
24346,0,1067,7284,-6217
24347,0,130,237,-107
24348,0,9,57,-48
24349,0,34,63,-29
24350,0,176,106,70
24351,0,10851,2776,8075
24352,0,55,35,20
24353,0,27,79,-52
24354,0,1275,864,411
24355,0,15,12,3
24356,0,169,60,109
24357,0,13,3,10
24358,0,1139,3782,-2643
24359,0,545,597,-52
24360,0,9,24,-15
24361,0,191,564,-373
24362,0,245,177,68
24363,0,14,9,5
24364,0,260,620,-360
24366,0,337,61,276
24367,0,31,2,29
24368,0,187,102,85
24369,0,43,47,-4
24370,0,14,118,-104
24372,0,2093,1171,922
24373,0,1,1,0
24374,0,226948,11080,215868
24375,0,15,3,12
24376,0,4,25,-21
24377,0,112,133,-21
24378,0,10,28,-18
24379,0,11,35,-24
24381,0,39,37,2
24382,0,69,21,48
24383,0,44,27,17
24384,0,647,615,32
24385,0,48,44,4
24387,0,35,8,27
24388,0,40,84,-44
24389,0,52,18,34
24390,0,8,21,-13
24391,0,196,223,-27
24392,0,27,27,0
24393,0,39,45,-6
24394,0,32,32,0
24395,0,136,39,97
24397,0,146,153,-7
24398,0,362,349,13
24399,0,3293,6526,-3233
24400,0,12,16,-4
24401,0,1260,624,636
24402,0,54,119,-65
24403,0,20,42,-22
24404,0,2,3,-1
24405,0,67,169,-102
24406,0,1359,443,916
24407,0,34,258,-224
24408,0,281,1572,-1291
24409,0,626,1628,-1002
24410,0,60,26,34
24412,0,193,238,-45
24413,0,25,27,-2
24414,0,332,391,-59
24415,0,1392,1317,75
24416,0,30,53,-23
24417,0,363,702,-339
24418,0,648,1223,-575
24419,0,15,12,3
24420,0,66,1022,-956
24421,0,52,166,-114
24422,0,36,21,15
24423,0,2400,3723,-1323
24424,0,9913,11533,-1620
24425,0,133,241,-108
24426,0,124,93,31
24427,0,162,101,61
24428,0,303,822,-519
24429,0,723,113,610
24430,0,8,45,-37
24431,0,82,180,-98
24432,0,6623,7152,-529
24433,0,1,9,-8
24434,0,55,23,32
24435,0,38,14,24
24436,0,48,133,-85
24437,0,50,182,-132
24438,0,1630,982,648
24439,0,88,165,-77
24440,0,14,31,-17
24441,0,2,3,-1
24443,0,122,165,-43
24444,0,5391,3645,1746
24445,0,33,80,-47
24446,0,456,497,-41
24448,0,144,207,-63
24449,0,74,31,43
24450,0,23,28,-5
24451,0,3039,5994,-2955
24452,0,596,389,207
24453,0,413,482,-69
24454,0,103,7,96
24455,0,13,8,5
24456,0,11,40,-29
24457,0,375,354,21
24458,0,85,130,-45
24459,0,150,863,-713
24460,0,41,6,35
24461,0,369,1006,-637
24462,0,47,20,27
24463,0,37,26,11
24464,0,36,64,-28
24465,0,1550,4720,-3170
24466,0,15,17,-2
24467,0,1179,566,613
24468,0,86,28,58
24469,0,12149,112281,-100132
24470,0,4,250,-246
24471,0,905,706,199
24472,0,5,1,4
24473,0,24,10,14
24474,0,20,27,-7
24475,0,4,25,-21
24476,0,285,670,-385
24477,0,57,122,-65
24478,0,18,78,-60
24479,0,97,54,43
24480,0,51,64,-13
24481,0,183,130,53
24482,0,33,13,20
24483,0,119,82,37
24484,0,119,119,0
24485,0,6,42,-36
24486,0,80,105,-25
24487,0,255,144,111
24488,0,33,31,2
24489,0,95,735,-640
24490,0,283,1172,-889
24491,0,36,31,5
24492,0,6,2,4
24493,0,150,169,-19
24494,0,8,152,-144
24495,0,63,59,4
24499,0,48,53,-5
24500,0,29,21,8
24501,0,14,22,-8
24502,0,34,50,-16
24503,0,24,23,1
24504,0,134,20,114
24505,0,96,295,-199
24506,0,24,8,16
24507,0,50,79,-29
24508,0,111,344,-233
24509,0,120,355,-235
24510,0,173,34,139
24511,0,270,123,147
24512,0,29,2,27
24513,0,181,144,37
24514,0,14,37,-23
24515,0,47,22,25
24516,0,7,25,-18
24517,0,58,51,7
24518,0,30,43,-13
24519,0,208,61,147
24520,0,2,5,-3
24521,0,25,21,4
24522,0,20,51,-31
24523,0,1648,1973,-325
24524,0,8,47,-39
24525,0,7,159,-152
24526,0,97,69,28
24527,0,94,58,36
24528,0,1385,1087,298
24529,0,421,349,72
24530,0,12,9,3
24531,0,406,202,204
24532,0,322,78,244
24533,0,125,11,114
24534,0,88,128,-40
24535,0,39,10,29
24536,0,17,29,-12
24537,0,88,156,-68
24538,0,8,1,7
24539,0,5,137,-132
24540,0,35,49,-14
24541,0,1043,1472,-429
24542,0,5,3,2
24543,0,155,60,95
24544,0,33,31,2
24545,0,4,68,-64
24546,0,122,34,88
24547,0,3,7,-4
24548,0,5,3,2
24549,0,416,168,248
24550,0,2116,969,1147
24551,0,5,1,4
24554,0,156,95,61
24556,0,77,43,34
24557,0,155,642,-487
24558,0,15,7,8
24559,0,20,77,-57
24560,0,159,320,-161
24561,0,76,66,10
24562,0,220,570,-350
24563,0,18,15,3
24564,0,179,73,106
24566,0,35,37,-2
24567,0,241,518,-277
24568,0,21,31,-10
24569,0,148,275,-127
24570,0,85,89,-4
24571,0,27,18,9
24572,0,123,85,38
24573,0,19,8,11
24574,0,4,49,-45
24576,0,42,32,10
24577,0,130,253,-123
24578,0,5,28,-23
24579,0,4,16,-12
24580,0,29,71,-42
24581,0,8,40,-32
24582,0,7,30,-23
24583,0,21,45,-24
24585,0,161,45,116
24586,0,33,13,20
24587,0,432,157,275
24588,0,12,40,-28
24589,0,235,159,76
24590,0,335,2860,-2525
24591,0,15,77,-62
24592,0,3,22,-19
24593,0,31,41,-10
24594,0,249,530,-281
24596,0,28,33,-5
24597,0,14,14,0
24598,0,17,35,-18
24599,0,290,359,-69
24600,0,30,27,3
24601,0,1308,639,669
24602,0,152,185,-33
24603,0,6363,10726,-4363
24604,0,634,268,366
24605,0,48,5,43
24606,0,82,128,-46
24607,0,3551,162,3389
24608,0,109,856,-747
24609,0,37,23,14
24610,0,11,20,-9
24611,0,1,18,-17
24612,0,451,652,-201
24613,0,8,6,2
24614,0,41,32,9
24615,0,769,3129,-2360
24616,0,7,22,-15
24617,0,38,62,-24
24618,0,28,139,-111
24621,0,120,60,60
24622,0,6,20,-14
24623,0,7394,7750,-356
24624,0,14,24,-10
24626,0,22,15,7
24627,0,45,52,-7
24628,0,47,75,-28
24631,0,55,7,48
24632,0,10,20,-10
24633,0,2657,4003,-1346
24634,0,18,14,4
24635,0,37,260,-223
24636,0,622,437,185
24637,0,72,33,39
24638,0,74,11,63
24639,0,4,16,-12
24640,0,40,6,34
24641,0,7,1,6
24642,0,28,49,-21
24643,0,114,33,81
24644,0,2,4,-2
24645,0,185,182,3
24646,0,51,25,26
24647,0,17,35,-18
24648,0,68,34,34
24649,0,85,211,-126
24650,0,230,390,-160
24651,0,124,128,-4
24652,0,180,97,83
24653,0,14,27,-13
24655,0,1887,2450,-563
24656,0,129,65,64
24657,0,77,30,47
24658,0,5,6,-1
24659,0,6,20,-14
24660,0,95,89,6
24661,0,39,40,-1
24662,0,321,224,97
24663,0,38,47,-9
24664,0,231,346,-115
24665,0,3,17,-14
24666,0,3,15,-12
24667,0,3,5,-2
24668,0,94,209,-115
24669,0,88,4,84
24670,0,1824,3746,-1922
24671,0,79,24,55
24672,0,201,514,-313
24674,0,3,4,-1
24675,0,38,63,-25
24676,0,1811,3142,-1331
24677,0,25,149,-124
24678,0,9626,16560,-6934
24679,0,663,352,311
24680,0,29,35,-6
24681,0,12,33,-21
24682,0,15,4,11
24683,0,737,667,70
24684,0,16,17,-1
24685,0,106,160,-54
24686,0,665,978,-313
24687,0,28,18,10
24688,0,94,53,41
24689,0,112,135,-23
24690,0,99,88,11
24691,0,73,856,-783
24692,0,16,43,-27
24693,0,23,20,3
24694,0,47,73,-26
24696,0,9,5,4
24697,0,9,18,-9
24698,0,35,61,-26
24699,0,89,54,35
24700,0,17,83,-66
24701,0,8145,1779,6366
24702,0,24,45,-21
24703,0,6,25,-19
24704,0,47,35,12
24705,0,584,844,-260
24706,0,43,163,-120
24707,0,62,21,41
24709,0,26,104,-78
24710,0,47,125,-78
24711,0,26,26,0
24712,0,73,77,-4
24713,0,442,546,-104
24714,0,1,34,-33
24715,0,90,60,30
24716,0,112,19,93
24717,0,74,38,36
24718,0,76,173,-97
24720,0,19,155,-136
24721,0,23,61,-38
24722,0,1,13,-12
24723,0,10,179,-169
24724,0,373,58,315
24725,0,3,14,-11
24726,0,70,184,-114
24727,0,18,27,-9
24728,0,14,2,12
24731,0,5,3,2
24732,0,9,5,4
24733,0,143,332,-189
24734,0,21,78,-57
24735,0,48,419,-371
24736,0,144,76,68
24737,0,7,21,-14
24738,0,114,56,58
24739,0,159,423,-264
24740,0,34,44,-10
24741,0,213,173,40
24742,0,33,58,-25
24743,0,18,75,-57
24744,0,19,17,2
24745,0,63,78,-15
24746,0,10,13,-3
24747,0,22,8,14
24748,0,302,130,172
24749,0,1026,1323,-297
24750,0,2,15,-13
24752,0,25,13,12
24753,0,276,382,-106
24754,0,678,1752,-1074
24755,0,82,424,-342
24756,0,60,85,-25
24757,0,56,176,-120
24758,0,6,10,-4
24759,0,74,38,36
24760,0,8,35,-27
24761,0,25,41,-16
24762,0,90,83,7
24763,0,25,67,-42
24764,0,2242,3295,-1053
24765,0,415,1327,-912
24766,0,21,24,-3
24767,0,9,7,2
24768,0,24,19,5
24769,0,5,15,-10
24770,0,133,59,74
24771,0,11,18,-7
24772,0,267,157,110
24773,0,331,209,122
24774,0,60,178,-118
24775,0,123,1020,-897
24776,0,37,65,-28
24777,0,32,38,-6
24778,0,5,4,1
24779,0,55,10,45
24780,0,614,2428,-1814
24781,0,1,39,-38
24782,0,346,79,267
24783,0,64,126,-62
24784,0,16,28,-12
24785,0,5,2,3
24786,0,3,38,-35
24787,0,785,2050,-1265
24788,0,105,180,-75
24789,0,1759,2118,-359
24790,0,23,9,14
24791,0,34,55,-21
24792,0,58,182,-124
24793,0,1,4,-3
24794,0,445,501,-56
24796,0,31,49,-18
24797,0,9530,1936,7594
24798,0,17,39,-22
24799,0,1,75,-74
24800,0,67,246,-179
24801,0,588,256,332
24802,0,93,68,25
24803,0,466,1100,-634
24804,0,113,203,-90
24805,0,18,8,10
24806,0,63,63,0
24807,0,88,24,64
24808,0,73,10,63
24809,0,3,20,-17
24810,0,64,52,12
24811,0,2,54,-52
24812,0,1428,676,752
24813,0,188,19,169
24814,0,557,512,45
24815,0,21,29,-8
24816,0,335,283,52
24817,0,9,20,-11
24818,0,92,160,-68
24819,0,662,2666,-2004
24820,0,52,710,-658
24821,0,83,17,66
24822,0,212,60,152
24823,0,46,78,-32
24824,0,24,23,1
24827,0,11,10,1
24829,0,204,169,35
24830,0,268,621,-353
24831,0,11,21,-10
24832,0,49,87,-38
24833,0,18,19,-1
24834,0,110,248,-138
24835,0,32,1,31
24836,0,5,7,-2
24837,0,2,8,-6
24838,0,334,142,192
24839,0,83,53,30
24840,0,23,65,-42
24841,0,814,1056,-242
24842,0,26,137,-111
24843,0,253,387,-134
24844,0,4179,1067,3112
24845,0,1,50,-49
24846,0,4,13,-9
24847,0,1913,760,1153
24848,0,84,81,3
24849,0,339,132,207
24850,0,1245,976,269
24851,0,35,60,-25
24852,0,1174,1401,-227
24853,0,675,290,385
24854,0,5,10,-5
24855,0,39,27,12
24856,0,149,317,-168
24857,0,38,77,-39
24858,0,33,34,-1
24859,0,397,265,132
24860,0,3,24,-21
24861,0,28,43,-15
24863,0,5,23,-18
24864,0,5909,1704,4205
24867,0,4,35,-31
24868,0,94,193,-99
24869,0,1261,873,388
24870,0,1504,1592,-88
24871,0,2226,1607,619
24872,0,47,123,-76
24873,0,50,286,-236
24874,0,17,183,-166
24875,0,1026,575,451
24876,0,223,197,26
24877,0,341,317,24
24878,0,3872,5510,-1638
24879,0,137,110,27
24880,0,39,45,-6
24881,0,716,432,284
24882,0,80,367,-287
24883,0,662,110,552
24884,0,50,78,-28
24885,0,136,1299,-1163
24886,0,13,78,-65
24887,0,2,7,-5
24888,0,9,31,-22
24889,0,2751,3205,-454
24891,0,11,16,-5
24892,0,13,33,-20
24894,0,19,17,2
24895,0,719,633,86
24896,0,147,449,-302
24897,0,35,11,24
24898,0,264,107,157
24901,0,27,86,-59
24902,0,45,302,-257
24903,0,5397,2595,2802
24904,0,48,19,29
24905,0,1324,176,1148
24906,0,177,107,70
24907,0,1,2,-1
24908,0,3,60,-57
24909,0,4,17,-13
24910,0,7,13,-6
24911,0,12,47,-35
24912,0,1,4,-3
24913,0,3,7,-4
24914,0,760,1563,-803
24915,0,18,130,-112
24916,0,2,2,0
24917,0,45,2,43
24918,0,21,259,-238
24919,0,12,4,8
24920,0,12,40,-28
24921,0,30,52,-22
24922,0,134,421,-287
24923,0,6480,8369,-1889
24924,0,49,101,-52
24925,0,26,65,-39
24926,0,15,19,-4
24927,0,1,7,-6
24928,0,370,250,120
24929,0,19,47,-28
24930,0,1735,1100,635
24931,0,70,130,-60
24932,0,51,178,-127
24933,0,267,299,-32
24934,0,12,46,-34
24935,0,30,22,8
24937,0,9,26,-17
24938,0,90,40,50
24939,0,10,6,4
24940,0,20,24,-4
24941,0,100,46,54
24942,0,4,26,-22
24944,0,62,57,5
24945,0,56,34,22
24946,0,134,615,-481
24947,0,193,1255,-1062
24948,0,93,57,36
24949,0,11,5,6
24950,0,13,34,-21
24951,0,10,17,-7
24952,0,16,9,7
24953,0,136,328,-192
24954,0,17,41,-24
24955,0,157,195,-38
24956,0,2,10,-8
24957,0,8,37,-29
24958,0,46,45,1
24959,0,51,55,-4
24960,0,49,87,-38
24961,0,22,73,-51
24962,0,3732,4416,-684
24963,0,35,33,2
24965,0,17,8,9
24966,0,20,24,-4
24968,0,7,16,-9
24969,0,161,112,49
24971,0,31,22,9
24972,0,38,17,21
24973,0,45,35,10
24974,0,10,7,3
24976,0,61,26,35
24977,0,2,9,-7
24978,0,9,4,5
24979,0,2,2,0
24980,0,1442,1189,253
24981,0,79,47,32
24982,0,168,255,-87
24983,0,246,248,-2
24984,0,1239,462,777
24985,0,98,56,42
24986,0,21,216,-195
24987,0,55,114,-59
24988,0,47,75,-28
24989,0,24,11,13
24990,0,8,8,0
24992,0,18,7,11
24994,0,23,11,12
24996,0,22,12,10
24997,0,65,139,-74
24998,0,4,18,-14
24999,0,20,55,-35
25000,0,243,665,-422
25001,0,22,65,-43
25002,0,51,122,-71
25003,0,46,39,7
25004,0,65,52,13
25005,0,8,104,-96
25006,0,5,5,0
25007,0,29,2,27
25008,0,130,90,40
25009,0,6,24,-18
25010,0,94,128,-34
25011,0,17,52,-35
25012,0,2,22,-20
25013,0,881,825,56
25014,0,8,7,1
25015,0,17,20,-3
25016,0,5,11,-6
25017,0,284,363,-79
25018,0,117,158,-41
25019,0,8,2,6
25020,0,11,10,1
25021,0,218,81,137
25022,0,5,10,-5
25023,0,448,289,159
25024,0,17,86,-69
25025,0,55,153,-98
25026,0,5,4,1
25027,0,54,154,-100
25028,0,198,412,-214
25029,0,132,196,-64
25030,0,32,59,-27
25032,0,81,41,40
25033,0,276,58,218
25034,0,326,206,120
25035,0,16,3,13
25036,0,1,40,-39
25037,0,215,145,70
25038,0,15,27,-12
25039,0,6,69,-63
25040,0,12,7,5
25041,0,10,15,-5
25042,0,11,16,-5
25043,0,38,59,-21
25044,0,654,335,319
25045,0,618,616,2
25046,0,9,9,0
25048,0,1965,5103,-3138
25049,0,7462,3685,3777
25050,0,157,160,-3
25051,0,13,22,-9
25052,0,169,49,120
25053,0,21,16,5
25054,0,12,5,7
25055,0,77,146,-69
25056,0,305,219,86
25057,0,68,84,-16
25058,0,1773,874,899
25059,0,14,18,-4
25060,0,22,126,-104
25061,0,2056,650,1406
25062,0,94,31,63
25063,0,18,1,17
25064,0,1,0,1
25066,0,195,199,-4
25067,0,5,5,0
25068,0,16,28,-12
25069,0,27,11,16
25070,0,43,40,3
25072,0,6,34,-28
25073,0,71,136,-65
25074,0,455,431,24
25075,0,481,655,-174
25076,0,57,35,22
25077,0,39,33,6
25078,0,511,782,-271
25079,0,8,7,1
25081,0,4,9,-5
25082,0,13,21,-8
25083,0,70,29,41
25084,0,1141,1304,-163
25085,0,5196,1011,4185
25086,0,20,18,2
25087,0,16,5,11
25088,0,13,63,-50
25089,0,238,246,-8
25090,0,210,209,1
25091,0,5151,7325,-2174
25092,0,30,78,-48
25093,0,73,117,-44
25094,0,526,1512,-986
25095,0,279,201,78
25096,0,215,127,88
25097,0,9,1,8
25098,0,174,324,-150
25099,0,2,2,0
25100,0,60,72,-12
25101,0,2,17,-15
25102,0,133,18,115
25103,0,3377,1586,1791
25104,0,22,8,14
25107,0,162,46,116
25108,0,548,153,395
25109,0,158,321,-163
25110,0,173,347,-174
25111,0,218,280,-62
25112,0,92,146,-54
25113,0,170,112,58
25114,0,774,360,414
25115,0,36,67,-31
25116,0,36,68,-32
25117,0,215,366,-151
25118,0,44,13,31
25120,0,53,39,14
25121,0,275,198,77
25122,0,29,159,-130
25123,0,79,155,-76
25124,0,166,40,126
25125,0,37,132,-95
25126,0,26,6,20
25127,0,13,1,12
25128,0,40,56,-16
25129,0,1294,3069,-1775
25130,0,33,51,-18
25131,0,6,25,-19
25132,0,87,226,-139
25133,0,20,58,-38
25134,0,139,455,-316
25135,0,36,125,-89
25136,0,40,1,39
25137,0,213,118,95
25138,0,1788,2427,-639
25139,0,45,74,-29
25140,0,54,31,23
25141,0,5,23,-18
25142,0,22,30,-8
25143,0,38,16,22
25144,0,26,49,-23
25145,0,835,335,500
25146,0,378,291,87
25147,0,100,9,91
25148,0,273,85,188
25149,0,3,10,-7
25150,0,113,450,-337
25151,0,33,44,-11
25153,0,30,43,-13
25154,0,23,38,-15
25155,0,31,127,-96
25156,0,723,2832,-2109
25157,0,8,40,-32
25158,0,85,61,24
25159,0,67,323,-256
25160,0,24,111,-87
25161,0,621,660,-39
25162,0,18,22,-4
25163,0,26,35,-9
25164,0,73,26,47
25165,0,306,47,259
25166,0,221,362,-141
25167,0,31,1,30
25168,0,4,89,-85
25169,0,42,212,-170
25170,0,360,364,-4
25171,0,2,9,-7
25172,0,52,104,-52
25173,0,48,170,-122
25174,0,170,109,61
25175,0,30,12,18
25176,0,2181,2756,-575
25177,0,10,7,3
25178,0,6,27,-21
25179,0,47,65,-18
25181,0,14,14,0
25182,0,1,14,-13
25183,0,50,39,11
25184,0,1546,759,787
25185,0,63,28,35
25186,0,186,108,78
25187,0,11,22,-11
25188,0,52,48,4
25189,0,37,26,11
25190,0,11,2,9
25191,0,30,35,-5
25192,0,500,702,-202
25193,0,62,98,-36
25194,0,128,152,-24
25196,0,15,25,-10
25197,0,6,9,-3
25198,0,5,16,-11
25199,0,7,21,-14
25200,0,23,5,18
25201,0,3,42,-39
25202,0,23,9,14
25203,0,658,1035,-377
25204,0,952,913,39
25205,0,147,266,-119
25206,0,101,84,17
25207,0,26,93,-67
25208,0,10,122,-112
25209,0,27,28,-1
25210,0,2217,3768,-1551
25211,0,203,327,-124
25212,0,114,390,-276
25213,0,26,25,1
25214,0,349,202,147
25215,0,250,519,-269
25216,0,410,1195,-785
25217,0,46,273,-227
25218,0,16,16,0
25219,0,1220,2629,-1409
25220,0,18,19,-1
25221,0,1,8,-7
25222,0,4498,2165,2333
25223,0,1217,1820,-603
25225,0,40,42,-2
25226,0,265,304,-39
25227,0,1406,2675,-1269
25228,0,296,217,79
25229,0,14,19,-5
25230,0,64,80,-16
25231,0,1403,1334,69
25232,0,275,113,162
25233,0,91,65,26
25234,0,902,1167,-265
25235,0,6,5,1
25236,0,1297,284,1013
25237,0,22,48,-26
25238,0,158,25,133
25239,0,120,7,113
25240,0,941,1157,-216
25241,0,1571,959,612
25242,0,6,15,-9
25243,0,2154,1028,1126
25244,0,5,330,-325
25245,0,5,12,-7
25247,0,74,108,-34
25248,0,666,422,244
25249,0,19245,12709,6536
25250,0,28,78,-50
25253,0,337,560,-223
25254,0,2,1,1
25255,0,4,19,-15
25256,0,104,80,24
25257,0,383,230,153
25258,0,247,691,-444
25259,0,1307,996,311
25260,0,12,6,6
25261,0,171,232,-61
25262,0,6,16,-10
25263,0,32,130,-98
25264,0,100,292,-192
25265,0,37,31,6
25266,0,73,44,29
25267,0,98,46,52
25268,0,40,63,-23
25269,0,421,329,92
25270,0,192,16,176
25271,0,4176,1201,2975
25272,0,58,70,-12
25273,0,16,32,-16
25274,0,12,14,-2
25275,0,160,26,134
25276,0,92,58,34
25277,0,43,145,-102
25278,0,879,282,597
25279,0,284,329,-45
25280,0,11,30,-19
25281,0,53,20,33
25282,0,815,517,298
25283,0,39,62,-23
25284,0,3,3,0
25285,0,3,6,-3
25286,0,13,24,-11
25287,0,39,754,-715
25288,0,2,18,-16
25291,0,154,229,-75
25292,0,82,32,50
25293,0,6,11,-5
25294,0,25,38,-13
25295,0,122,184,-62
25296,0,546,173,373
25297,0,15,22,-7
25298,0,215,150,65
25299,0,980,1595,-615
25300,0,2,5,-3
25301,0,1372,340,1032
25302,0,99,80,19
25303,0,25,0,25
25304,0,811,179,632
25305,0,63,26,37
25306,0,231,412,-181
25307,0,69,145,-76
25308,0,235,244,-9
25309,0,397,398,-1
25311,0,2,8,-6
25312,0,92,95,-3
25313,0,37,128,-91
25314,0,25,194,-169
25315,0,1743,1586,157
25316,0,201,280,-79
25317,0,47,25,22
25318,0,76,137,-61
25319,0,44,16,28
25320,0,147,176,-29
25321,0,970,514,456
25323,0,25,82,-57
25324,0,505,249,256
25325,0,124,54,70
25326,0,230,229,1
25327,0,3727,2041,1686
25329,0,4,7,-3
25330,0,25,14,11
25331,0,8,28,-20
25333,0,14,11,3
25334,0,377,154,223
25335,0,4,2,2
25336,0,74,63,11
25337,0,94,203,-109
25339,0,12,183,-171
25340,0,28,104,-76
25341,0,5,27,-22
25342,0,121,240,-119
25343,0,61,106,-45
25344,0,14,103,-89
25345,0,18,38,-20
25346,0,45,95,-50
25347,0,1041,2015,-974
25348,0,114,265,-151
25349,0,19,20,-1
25350,0,33,32,1
25351,0,753,545,208
25353,0,10,120,-110
25354,0,38,27,11
25355,0,19,45,-26
25356,0,211,405,-194
25357,0,183,427,-244
25358,0,137,208,-71
25359,0,20,112,-92
25360,0,54,10,44
25361,0,14142,14891,-749
25362,0,2075,6397,-4322
25363,0,437,192,245
25364,0,21,48,-27
25365,0,52,9,43
25366,0,66,50,16
25367,0,29,25,4
25368,0,43,72,-29
25369,0,23,30,-7
25370,0,11,42,-31
25371,0,14,1,13
25372,0,6,2,4
25373,0,21,56,-35
25374,0,74,30,44
25375,0,56,13,43
25376,0,40,399,-359
25378,0,472,2286,-1814
25379,0,85,180,-95
25380,0,371,268,103
25381,0,72,65,7
25382,0,158,81,77
25383,0,1,26,-25
25384,0,883,4410,-3527
25385,0,12,11,1
25386,0,145,118,27
25387,0,25,50,-25
25388,0,125,181,-56
25389,0,179,11,168
25390,0,31,191,-160
25391,0,31,664,-633
25392,0,1,1,0
25393,0,3,127,-124
25394,0,1852,485,1367
25395,0,467,312,155
25396,0,8,34,-26
25397,0,19,44,-25
25398,0,220,769,-549
25399,0,27,30,-3
25400,0,551,557,-6
25401,0,454,144,310
25402,0,11063,6398,4665
25403,0,14,21,-7
25404,0,43,62,-19
25405,0,2397,2070,327
25406,0,6,9,-3
25407,0,10,32,-22
25408,0,185,159,26
25409,0,4,16,-12
25410,0,398,253,145
25411,0,11,36,-25
25412,0,41,35,6
25413,0,4173,4022,151
25414,0,11,21,-10
25415,0,92,83,9
25416,0,71,58,13
25417,0,33,12,21
25418,0,39,37,2
25419,0,20,19,1
25420,0,13,14,-1
25421,0,1,1,0
25422,0,1,2,-1
25423,0,60,141,-81
25425,0,325,564,-239
25426,0,13664,8671,4993
25427,0,12,24,-12
25428,0,790,903,-113
25429,0,11,3,8
25430,0,78,29,49
25431,0,1633,1590,43
25432,0,328,320,8
25433,0,805,71,734
25434,0,3,16,-13
25435,0,75,35,40
25436,0,71,70,1
25438,0,9,18,-9
25439,0,13,159,-146
25440,0,53,177,-124
25441,0,25,136,-111
25442,0,18,37,-19
25443,0,41,40,1
25444,0,48,69,-21
25445,0,26,39,-13
25446,0,32,36,-4
25447,0,27,73,-46
25448,0,29,11,18
25449,0,351,319,32
25450,0,490,323,167
25451,0,102,139,-37
25452,0,8,16,-8
25453,0,10,29,-19
25454,0,42,99,-57
25455,0,527,1393,-866
25456,0,5,50,-45
25457,0,336,128,208
25458,0,244,261,-17
25459,0,24,11,13
25460,0,21,8,13
25461,0,49,48,1
25462,0,243,100,143
25463,0,32,22,10
25464,0,3,14,-11
25465,0,884,278,606
25466,0,26,13,13
25468,0,6,12,-6
25469,0,46,59,-13
25470,0,204,81,123
25471,0,50,44,6
25472,0,1549,1898,-349
25473,0,12,24,-12
25474,0,52,30,22
25475,0,234,431,-197
25476,0,11,104,-93
25477,0,4748,7276,-2528
25478,0,66,50,16
25479,0,77,17,60
25480,0,20,27,-7
25481,0,12,32,-20
25482,0,443,439,4
25484,0,374,131,243
25485,0,410,34,376
25487,0,109,342,-233
25488,0,363,628,-265
25489,0,119,17,102
25490,0,2,1,1
25491,0,4987,6838,-1851
25492,0,7,5,2
25493,0,92,20,72
25494,0,70,167,-97
25495,0,67,68,-1
25496,0,43,89,-46
25498,0,467,1422,-955
25499,0,67,96,-29
25500,0,13,20,-7
25501,0,5,6,-1
25502,0,6,17,-11
25503,0,2782,2179,603
25504,0,100,194,-94
25505,0,6,3,3
25506,0,10,31,-21
25507,0,132,30,102
25508,0,80,235,-155
25509,0,13,78,-65
25510,0,49,73,-24
25511,0,4626,4037,589
25512,0,1886,4510,-2624
25513,0,12434,4252,8182
25514,0,11,17,-6
25515,0,31,34,-3
25517,0,90,405,-315
25518,0,80,22,58
25519,0,2320,1027,1293
25520,0,4,25,-21
25521,0,38,93,-55
25522,0,1,46,-45
25523,0,58,23,35
25524,0,28,157,-129
25525,0,3,5,-2
25526,0,7,1,6
25527,0,52,35,17
25528,0,130,232,-102
25529,0,7,6,1
25530,0,56,254,-198
25531,0,34,18,16
25532,0,6,1,5
25534,0,166,254,-88
25535,0,637,434,203
25536,0,17,11,6
25537,0,118,92,26
25538,0,7,4,3
25539,0,337,133,204
25540,0,14,14,0
25541,0,9,12,-3
25542,0,41,93,-52
25543,0,375,753,-378
25544,0,64,114,-50
25545,0,12,13,-1
25546,0,143,149,-6
25547,0,107,81,26
25548,0,509,219,290
25549,0,9,22,-13
25550,0,1413,1134,279
25551,0,14,7,7
25552,0,286,499,-213
25553,0,46,18,28
25554,0,35,35,0
25555,0,20,98,-78
25556,0,315,81,234
25557,0,59,30,29
25558,0,50,59,-9
25559,0,1,3,-2
25560,0,9,23,-14
25561,0,1236,84,1152
25562,0,77,55,22
25563,0,27,50,-23
25564,0,61,66,-5
25565,0,54,15,39
25566,0,2,9,-7
25567,0,98,138,-40
25568,0,100,60,40
25569,0,246,107,139
25570,0,9,2,7
25571,0,134,75,59
25572,0,19,20,-1
25573,0,1010,378,632
25574,0,42,41,1
25576,0,19,61,-42
25577,0,102,57,45
25578,0,20,18,2
25580,0,36,185,-149
25581,0,14,51,-37
25582,0,306,37,269
25583,0,7,24,-17
25585,0,20,62,-42
25586,0,6,14,-8
25587,0,76,270,-194
25588,0,35,22,13
25589,0,84,22,62
25590,0,91,205,-114
25591,0,5,20,-15
25592,0,132,276,-144
25593,0,286,169,117
25594,0,14,7,7
25595,0,29,62,-33
25597,0,2220,3870,-1650
25598,0,9,15,-6
25599,0,190,588,-398
25600,0,3774,5089,-1315
25601,0,223714,217001,6713
25602,0,48,32,16
25603,0,59,56,3
25604,0,1,9,-8
25606,0,255,323,-68
25607,0,3,7,-4
25608,0,46,42,4
25609,0,33,129,-96
25610,0,95,108,-13
25611,0,68,143,-75
25612,0,54,64,-10
25613,0,1090,1863,-773
25614,0,98,58,40
25615,0,171,413,-242
25616,0,5,27,-22
25617,0,8,20,-12
25618,0,22,26,-4
25619,0,32,155,-123
25620,0,35,22,13
25621,0,129,352,-223
25622,0,85,148,-63
25623,0,22,49,-27
25624,0,1172,1152,20
25625,0,18,10,8
25626,0,7,1,6
25627,0,58,32,26
25628,0,108,128,-20
25629,0,16,19,-3
25630,0,8,11,-3
25631,0,38,17,21
25632,0,237,273,-36
25633,0,750,622,128
25634,0,2,6,-4
25635,0,6,29,-23
25636,0,3,26,-23
25637,0,498,2,496
25639,0,72,33,39
25640,0,13,49,-36
25641,0,67,305,-238
25642,0,22,29,-7
25643,0,197,44,153
25644,0,38,107,-69
25645,0,31,38,-7
25646,0,16,22,-6
25647,0,13,68,-55
25648,0,2,8,-6
25649,0,72,225,-153
25650,0,92,240,-148
25651,0,103,206,-103
25652,0,133,92,41
25653,0,1043,165,878
25654,0,63,55,8
25655,0,53,66,-13
25656,0,110,74,36
25657,0,121,139,-18
25658,0,408,492,-84
25659,0,166,71,95
25660,0,308,121,187
25661,0,40,196,-156
25662,0,14,16,-2
25663,0,1,15,-14
25664,0,69,207,-138
25665,0,113,334,-221
25666,0,16,148,-132
25667,0,36,96,-60
25668,0,55,63,-8
25669,0,23,41,-18
25670,0,18,127,-109
25671,0,225,593,-368
25672,0,2759,4537,-1778
25673,0,10,23,-13
25675,0,441,120,321
25677,0,3,24,-21
25678,0,3,6,-3
25679,0,5,9,-4
25681,0,5,1,4
25682,0,56,64,-8
25683,0,14,48,-34
25684,0,16,639,-623
25685,0,79,59,20
25686,0,57,27,30
25688,0,13,24,-11
25689,0,224,245,-21
25690,0,62,409,-347
25691,0,28,59,-31
25692,0,43,39,4
25693,0,5672,6617,-945
25694,0,188,172,16
25695,0,19,37,-18
25696,0,38,13,25
25698,0,2843,5043,-2200
25699,0,26,73,-47
25700,0,28,29,-1
25701,0,36,158,-122
25702,0,24,14,10
25703,0,592,1894,-1302
25704,0,53,144,-91
25705,0,56,212,-156
25706,0,2879,4258,-1379
25707,0,1817,2917,-1100
25708,0,3,44,-41
25709,0,3,16,-13
25710,0,22,25,-3
25711,0,35,16,19
25712,0,1355,1801,-446
25713,0,20,29,-9
25714,0,22,30,-8
25716,0,125,53,72
25717,0,5,14,-9
25718,0,32,27,5
25719,0,24,4,20
25720,0,651,285,366
25721,0,6,15,-9
25722,0,36,28,8
25723,0,174,121,53
25724,0,33,116,-83
25725,0,13,17,-4
25726,0,556,573,-17
25727,0,39,30,9
25728,0,286,386,-100
25729,0,14,15,-1
25730,0,4017,5321,-1304
25731,0,5,4,1
25732,0,7,70,-63
25733,0,2,6,-4
25734,0,47,33,14
25735,0,3242,3137,105
25737,0,88,55,33
25738,0,493,127,366
25739,0,31,24,7
25740,0,90,4,86
25741,0,6,59,-53
25742,0,15,12,3
25743,0,230,353,-123
25744,0,334,150,184
25745,0,25,36,-11
25746,0,53,73,-20
25747,0,1309,2333,-1024
25748,0,100,45,55
25749,0,73,262,-189
25750,0,12,19,-7
25751,0,60,146,-86
25752,0,20,35,-15
25753,0,52,2,50
25754,0,87,253,-166
25755,0,242,330,-88
25756,0,15,57,-42
25757,0,119,64,55
25758,0,9,20,-11
25759,0,454,46,408
25760,0,1914,6956,-5042
25761,0,15,25,-10
25762,0,2,11,-9
25763,0,6,9,-3
25764,0,3,10,-7
25765,0,120,131,-11
25766,0,17,32,-15
25767,0,96,66,30
25768,0,48,99,-51
25770,0,40,89,-49
25771,0,5042,5475,-433
25772,0,156,35,121
25774,0,4,13,-9
25775,0,391,153,238
25776,0,653,689,-36
25777,0,312,472,-160
25778,0,77,432,-355
25780,0,231,122,109
25782,0,373,30,343
25783,0,22,10,12
25786,0,763,124,639
25787,0,26,142,-116
25788,0,42,80,-38
25789,0,28,12,16
25790,0,47,40,7
25791,0,15,43,-28
25792,0,14,26,-12
25793,0,619,327,292
25794,0,234,247,-13
25795,0,1,1,0
25796,0,5,2,3
25797,0,6,125,-119
25798,0,187,70,117
25799,0,12,14,-2
25800,0,61,58,3
25801,0,171,29,142
25802,0,564,1024,-460
25803,0,3,8,-5
25804,0,18,4,14
25805,0,26,29,-3
25806,0,394,257,137
25807,0,11,65,-54
25808,0,52,56,-4
25809,0,273,1101,-828
25810,0,44,61,-17
25811,0,6,27,-21
25812,0,23,79,-56
25813,0,11,31,-20
25814,0,52,70,-18
25815,0,84,105,-21
25816,0,40,6,34
25817,0,14,26,-12
25818,0,30,89,-59
25819,0,4185,1999,2186
25820,0,9,22,-13
25821,0,25,2,23
25822,0,6137,7053,-916
25823,0,14,8,6
25824,0,296,271,25
25825,0,2367,2464,-97
25826,0,70,245,-175
25827,0,440,640,-200
25828,0,37,56,-19
25829,0,57,155,-98
25830,0,110,180,-70
25831,0,83,45,38
25832,0,10,39,-29
25833,0,23,18,5
25834,0,6,11,-5
25835,0,113,179,-66
25836,0,40,49,-9
25837,0,66,54,12
25838,0,13,14,-1
25839,0,153,87,66
25840,0,9,12,-3
25841,0,24,66,-42
25842,0,15,19,-4
25843,0,168,164,4
25844,0,113,70,43
25845,0,44,70,-26
25846,0,14,7,7
25847,0,135,130,5
25848,0,1,120,-119
25849,0,52,174,-122
25850,0,11,27,-16
25851,0,37,29,8
25852,0,7,10,-3
25853,0,481,439,42
25854,0,206,58,148
25855,0,356,104,252
25856,0,1,7,-6
25857,0,38,37,1
25858,0,18,9,9
25859,0,60,166,-106
25860,0,152,46,106
25861,0,18,4,14
25862,0,29,17,12
25863,0,3,0,3
25864,0,8,17,-9
25865,0,265,1086,-821
25866,0,9,35,-26
25867,0,47,79,-32
25868,0,6,33,-27
25869,0,113,145,-32
25870,0,6,13,-7
25871,0,1558,496,1062
25872,0,7,11,-4
25873,0,31,20,11
25874,0,7,48,-41
25875,0,12,23,-11
25876,0,7,23,-16
25877,0,22,107,-85
25878,0,25,12,13
25879,0,3198,769,2429
25880,0,6584,5692,892
25881,0,29,48,-19
25882,0,25,22,3
25884,0,1305,110,1195
25885,0,64,28,36
25886,0,249,85,164
25888,0,44,142,-98
25889,0,4,13,-9
25890,0,470,15,455
25891,0,7,26,-19
25892,0,65,63,2
25893,0,262,155,107
25894,0,244,621,-377
25895,0,7,5,2
25896,0,10,20,-10
25897,0,2864,39,2825
25898,0,284,738,-454
25899,0,78,52,26
25900,0,14,81,-67
25901,0,12,64,-52
25902,0,15,10,5
25903,0,3338,762,2576
25904,0,114,105,9
25905,0,60,82,-22
25906,0,1,6,-5
25907,0,46,19,27
25909,0,43,53,-10
25910,0,77,58,19
25911,0,97,184,-87
25912,0,40,151,-111
25913,0,67,38,29
25914,0,32,20,12
25915,0,98,95,3
25916,0,5,8,-3
25917,0,10,11,-1
25918,0,59,51,8
25919,0,21,21,0
25920,0,59,100,-41
25921,0,147,246,-99
25922,0,57,120,-63
25923,0,30,3,27
25924,0,26,23,3
25925,0,55,443,-388
25926,0,1,3,-2
25927,0,9,6,3
25928,0,1137,149,988
25929,0,57,211,-154
25930,0,46,42,4
25931,0,8,64,-56
25932,0,105,152,-47
25933,0,19,14,5
25934,0,111,140,-29
25935,0,212,304,-92
25936,0,4,6,-2
25937,0,2,35,-33
25938,0,179,433,-254
25939,0,298,40,258
25940,0,499,83,416
25941,0,24,36,-12
25942,0,154,924,-770
25943,0,398,176,222
25944,0,723,543,180
25945,0,8,22,-14
25947,0,23,112,-89
25948,0,540,3835,-3295
25950,0,401,646,-245
25951,0,126,293,-167
25952,0,75,2,73
25953,0,198,215,-17
25955,0,11,57,-46
25956,0,22,20,2
25957,0,33,6,27
25958,0,53,60,-7
25959,0,17,15,2
25960,0,28,14,14
25961,0,90,175,-85
25962,0,1252,3095,-1843
25963,0,61,166,-105
25964,0,9,15,-6
25965,0,5,3,2
25966,0,17,17,0
25967,0,14,6,8
25968,0,3,4,-1
25969,0,13,12,1
25970,0,5,24,-19
25971,0,42,14,28
25972,0,1087,185,902
25973,0,94,384,-290
25974,0,3,15,-12
25975,0,88,20,68
25976,0,209,101,108
25977,0,6501,9014,-2513
25978,0,6,18,-12
25979,0,82,119,-37
25980,0,2,18,-16
25981,0,21,17,4
25982,0,100,84,16
25984,0,325,195,130
25985,0,32,11,21
25986,0,479,649,-170
25988,0,18,20,-2
25989,0,1,10,-9
25990,0,8,13,-5
25991,0,37,89,-52
25992,0,5,2046,-2041
25993,0,31,30,1
25994,0,9,63,-54
25995,0,12,84,-72
25996,0,53,45,8
25997,0,5,12,-7
25998,0,230,80,150
25999,0,520,154,366
26000,0,31,42,-11
26001,0,769,212,557
26003,0,92,99,-7
26004,0,34,31,3
26005,0,14,34,-20
26006,0,12,46,-34
26007,0,96,101,-5
26008,0,44,62,-18
26009,0,21,13,8
26010,0,2,11,-9
26011,0,17,27,-10
26012,0,3,19,-16
26013,0,108,133,-25
26014,0,58,27,31
26015,0,319,152,167
26016,0,12,6,6
26017,0,264,168,96
26018,0,52,4,48
26019,0,23,75,-52
26020,0,31,20,11
26021,0,619,623,-4
26022,0,10,8,2
26023,0,60,35,25
26024,0,9,810,-801
26025,0,112,103,9
26026,0,6,2,4
26027,0,1,19,-18
26028,0,272,9,263
26030,0,7,36,-29
26031,0,9,5,4
26032,0,101,1285,-1184
26033,0,50,6,44
26034,0,4,2,2
26035,0,17,4,13
26036,0,100,37,63
26037,0,7,9,-2
26038,0,4065,307,3758
26040,0,121,182,-61
26041,0,10,4,6
26042,0,864,1588,-724
26044,0,1822,2093,-271
26045,0,31,87,-56
26046,0,412,231,181
26047,0,9,31,-22
26048,0,42,89,-47
26049,0,54,53,1
26050,0,2,4,-2
26051,0,357,583,-226
26052,0,26,15,11
26053,0,30,8,22
26054,0,36,69,-33
26056,0,3,9,-6
26057,0,129,226,-97
26058,0,38,7,31
26059,0,2649,1138,1511
26062,0,42,371,-329
26063,0,18,6,12
26064,0,265,567,-302
26065,0,85,145,-60
26066,0,156,206,-50
26067,0,296,5,291
26068,0,4,3,1
26069,0,10,61,-51
26070,0,344,71,273
26071,0,237,542,-305
26073,0,2,14,-12
26074,0,35,27,8
26075,0,42,12,30
26076,0,22,5,17
26077,0,6,10,-4
26078,0,46,43,3
26079,0,427,436,-9
26080,0,80,90,-10
26081,0,113,80,33
26082,0,2988,3355,-367
26083,0,36,7,29
26084,0,14,13,1
26085,0,5301,7581,-2280
26086,0,46,90,-44
26088,0,40,14,26
26089,0,1188,313,875
26090,0,27,39,-12
26091,0,445,80,365
26092,0,308,357,-49
26093,0,8,8,0
26094,0,294,326,-32
26095,0,1,9,-8
26096,0,16,13,3
26097,0,107,135,-28
26098,0,59,23,36
26099,0,312,428,-116
26100,0,24,25,-1
26101,0,14,17,-3
26102,0,9,25,-16
26103,0,84,163,-79
26104,0,91,30,61
26105,0,29,13,16
26107,0,2,70,-68
26108,0,1,15,-14
26109,0,35,20,15
26110,0,74,156,-82
26111,0,35,137,-102
26113,0,184,494,-310
26114,0,325,1146,-821
26115,0,51,58,-7
26116,0,24,41,-17
26117,0,7,5,2
26119,0,15,23,-8
26121,0,27,98,-71
26122,0,612,316,296
26123,0,8,22,-14
26125,0,7,9,-2
26126,0,137,475,-338
26127,0,49,46,3
26128,0,3,7,-4
26129,0,12,659,-647
26130,0,10,46,-36
26131,0,210,28,182
26132,0,17916,21635,-3719
26133,0,35,37,-2
26134,0,807,384,423
26135,0,85,149,-64
26137,0,31,100,-69
26139,0,685,1856,-1171
26140,0,46,12,34
26141,0,298,306,-8
26142,0,7,9,-2
26143,0,32,400,-368
26144,0,10,23,-13
26145,0,161,214,-53
26146,0,39,56,-17
26147,0,191,350,-159
26148,0,214,264,-50
26149,0,24,985,-961
26150,0,25,63,-38
26151,0,124,65,59
26152,0,48,17,31
26153,0,49,109,-60
26154,0,8,24,-16
26155,0,215,80,135
26156,0,108,159,-51
26157,0,10387,10951,-564
26158,0,15,3,12
26159,0,33,94,-61
26160,0,17,64,-47
26161,0,3,22,-19
26162,0,4,37,-33
26163,0,1473,1616,-143
26164,0,81,65,16
26165,0,75,105,-30
26166,0,311,137,174
26167,0,45,42,3
26168,0,131,22,109
26169,0,28,28,0
26170,0,33,57,-24
26171,0,52,36,16
26172,0,21,34,-13
26173,0,9,21,-12
26174,0,77,91,-14
26175,0,7,1,6
26176,0,1150,2220,-1070
26177,0,4,30,-26
26178,0,58,14,44
26179,0,50,33,17
26180,0,5,9,-4
26181,0,43,279,-236
26182,0,14,1,13
26183,0,3011,2636,375
26184,0,55,52,3
26185,0,34,10,24
26186,0,29,43,-14
26187,0,292,210,82
26188,0,24,16,8
26189,0,66,92,-26
26191,0,29,11,18
26192,0,36,57,-21
26193,0,37,177,-140
26194,0,10,27,-17
26195,0,24,15,9
26196,0,31,65,-34
26197,0,2,3,-1
26198,0,273,88,185
26199,0,33,45,-12
26200,0,45,70,-25
26201,0,3,9,-6
26202,0,31,122,-91
26203,0,6,44,-38
26204,0,70,194,-124
26205,0,5,10,-5
26206,0,260,760,-500
26207,0,1017,3377,-2360
26208,0,3,5,-2
26210,0,49,123,-74
26211,0,558,760,-202
26212,0,11,4,7
26213,0,16,13,3
26214,0,105,64,41
26215,0,5,25,-20
26217,0,5446,11384,-5938
26218,0,163,288,-125
26219,0,7,47,-40
26220,0,141,59,82
26221,0,876,434,442
26222,0,416,519,-103
26224,0,270,273,-3
26225,0,6,27,-21
26226,0,42,10,32
26227,0,1,11,-10
26228,0,166,162,4
26229,0,73,26,47
26230,0,197,43,154
26231,0,18,53,-35
26232,0,8,31,-23
26233,0,3296,3693,-397
26234,0,10,50,-40
26235,0,979,792,187
26237,0,11,27,-16
26238,0,13,1,12
26239,0,5,5,0
26241,0,1022,1094,-72
26242,0,9,8,1
26243,0,14,67,-53
26244,0,2,2,0
26245,0,28,38,-10
26246,0,250,475,-225
26247,0,19,89,-70
26248,0,724,851,-127
26249,0,50,55,-5
26250,0,6,7,-1
26252,0,37,81,-44
26254,0,42,21,21
26255,0,9,7,2
26256,0,111,120,-9
26257,0,14,497,-483
26258,0,250,1955,-1705
26259,0,19,22,-3
26260,0,490,1940,-1450
26261,0,441,523,-82
26262,0,15,16,-1
26263,0,156,16,140
26264,0,18,302,-284
26265,0,51,101,-50
26266,0,133,87,46
26267,0,78,558,-480
26268,0,11,17,-6
26269,0,1,4,-3
26270,0,18,52,-34
26271,0,15,22,-7
26272,0,163,95,68
26273,0,25,16,9
26274,0,45,15,30
26275,0,76,71,5
26276,0,295,1140,-845
26277,0,19,87,-68
26278,0,29,10,19
26279,0,16,28,-12
26280,0,2146,618,1528
26281,0,232,114,118
26282,0,231,238,-7
26283,0,33,48,-15
26284,0,1,11,-10
26285,0,228,315,-87
26286,0,22,9,13
26287,0,69,210,-141
26288,0,499,768,-269
26289,0,71,103,-32
26290,0,1,15,-14
26292,0,237,205,32
26293,0,95,58,37
26294,0,22,14,8
26295,0,109,121,-12
26296,0,32,18,14
26297,0,6,20,-14
26298,0,4,5,-1
26299,0,141,183,-42
26300,0,5,8,-3
26301,0,11,36,-25
26302,0,46,30,16
26303,0,29,20,9
26304,0,1954,3350,-1396
26305,0,67,28,39
26306,0,40,32,8
26307,0,26,24,2
26308,0,1,48,-47
26309,0,37,156,-119
26310,0,93,22,71
26311,0,201,776,-575
26312,0,50,12,38
26313,0,50,27,23
26314,0,28,169,-141
26315,0,54,94,-40
26316,0,149,110,39
26317,0,4,13,-9
26319,0,36,62,-26
26320,0,176,43,133
26321,0,12,73,-61
26322,0,66,42,24
26323,0,55,165,-110
26324,0,109,188,-79
26325,0,28,40,-12
26326,0,18,10,8
26327,0,236,125,111
26328,0,12,1,11
26329,0,17,83,-66
26330,0,5684,2453,3231
26331,0,158,130,28
26332,0,1483,1136,347
26333,0,7,1,6
26334,0,13,2,11
26335,0,139,32,107
26336,0,291,88,203
26338,0,392,84,308
26339,0,36,64,-28
26340,0,6,17,-11
26342,0,26,21,5
26343,0,26,15,11
26344,0,89,131,-42
26345,0,481,382,99
26346,0,86,124,-38
26347,0,1418,980,438
26348,0,42,23,19
26349,0,34,11,23
26350,0,2,7,-5
26351,0,3,30,-27
26352,0,75,33,42
26353,0,10,26,-16
26354,0,100,2,98
26355,0,79,112,-33
26356,0,44,18,26
26357,0,54,132,-78
26358,0,18,62,-44
26359,0,952,1075,-123
26360,0,2094,1189,905
26361,0,80,97,-17
26363,0,237,579,-342
26364,0,17,71,-54
26365,0,339,55,284
26366,0,154,158,-4
26367,0,101,1246,-1145
26370,0,15,20,-5
26371,0,11,7,4
26372,0,275,1312,-1037
26374,0,1,6,-5
26375,0,13,26,-13
26376,0,47,3,44
26377,0,1165,1224,-59
26378,0,22,20,2
26379,0,44,47,-3
26380,0,2331,1200,1131
26381,0,9,31,-22
26382,0,11,88,-77
26383,0,28,8,20
26384,0,86,103,-17
26385,0,65,92,-27
26386,0,33,87,-54
26387,0,133,524,-391
26388,0,136,17,119
26389,0,173,376,-203
26390,0,14,18,-4
26391,0,48,41,7
26392,0,50,62,-12
26393,0,38,39,-1
26394,0,25,5,20
26395,0,87,345,-258
26396,0,33,63,-30
26397,0,818,539,279
26398,0,15,106,-91
26399,0,51,54,-3
26400,0,346,248,98
26401,0,227,213,14
26402,0,28,21,7
26403,0,1,87,-86
26404,0,112,90,22
26405,0,5,20,-15
26406,0,41,31,10
26407,0,1,6,-5
26408,0,4,17,-13
26410,0,132,233,-101
26411,0,18450,11838,6612
26412,0,118,9,109
26413,0,116,106,10
26414,0,1970,504,1466
26415,0,16,31,-15
26416,0,106,251,-145
26417,0,14,78,-64
26418,0,499,239,260
26419,0,61,112,-51
26420,0,87,62,25
26421,0,205,134,71
26422,0,6,17,-11
26423,0,167,341,-174
26425,0,143,113,30
26426,0,6,2,4
26427,0,66,63,3
26428,0,37,6,31
26429,0,2,21,-19
26430,0,171,307,-136
26431,0,29,49,-20
26432,0,90,99,-9
26433,0,1193,632,561
26434,0,152,97,55
26435,0,191,107,84
26436,0,4605,3791,814
26437,0,1507,2240,-733
26438,0,61,4,57
26439,0,388,256,132
26440,0,895,903,-8
26441,0,1366,3869,-2503
26442,0,5,13,-8
26443,0,1,3,-2
26444,0,9,56,-47
26445,0,7,11,-4
26446,0,47,93,-46
26447,0,26,15,11
26448,0,57,53,4
26449,0,26,19,7
26450,0,112,101,11
26452,0,77,176,-99
26453,0,208,279,-71
26454,0,9,2,7
26455,0,91,103,-12
26456,0,4,2,2
26457,0,114,62,52
26458,0,25,22,3
26459,0,5,18,-13
26460,0,24,145,-121
26461,0,355,446,-91
26462,0,8,100,-92
26463,0,1216,3223,-2007
26464,0,434,877,-443
26465,0,85,255,-170
26466,0,30,32,-2
26467,0,61,43,18
26468,0,2,11,-9
26469,0,62,91,-29
26470,0,41,85,-44
26471,0,11,6,5
26472,0,185,125,60
26473,0,28,28,0
26474,0,396,522,-126
26475,0,110,113,-3
26476,0,33,27,6
26477,0,7,1,6
26478,0,169,37,132
26479,0,7,15,-8
26480,0,95,23,72
26481,0,21,13,8
26482,0,1,15,-14
26483,0,77,120,-43
26484,0,13,26,-13
26485,0,72,46,26
26486,0,961,342,619
26487,0,202,110,92
26488,0,54,48,6
26489,0,12,58,-46
26490,0,88,110,-22
26491,0,15,12,3
26492,0,41,18,23
26493,0,460,1,459
26494,0,24,53,-29
26495,0,23,46,-23
26496,0,124,89,35
26497,0,63,52,11
26498,0,88,85,3
26499,0,35,46,-11
26500,0,2220,2455,-235
26501,0,94,297,-203
26502,0,62,15,47
26504,0,1,23,-22
26505,0,12,12,0
26506,0,56,28,28
26507,0,41,39,2
26508,0,1,2,-1
26509,0,59,3,56
26510,0,2,67,-65
26511,0,10,2,8
26512,0,17,89,-72
26513,0,270,283,-13
26514,0,208,178,30
26515,0,34,41,-7
26516,0,9,17,-8
26517,0,31,32,-1
26518,0,1,53,-52
26519,0,126,971,-845
26521,0,15,24,-9
26522,0,136,186,-50
26523,0,21,109,-88
26524,0,18,52,-34
26525,0,5,24,-19
26526,0,444,23,421
26527,0,41,58,-17
26528,0,21,110,-89
26529,0,575,103,472
26530,0,65,55,10
26532,0,58,97,-39
26534,0,10,20,-10
26535,0,36,160,-124
26536,0,37,73,-36
26537,0,115,53,62
26538,0,7,6,1
26539,0,13,32,-19
26540,0,444,431,13
26541,0,16,8,8
26542,0,21,39,-18
26543,0,189,193,-4
26544,0,1857,1146,711
26545,0,2372,1985,387
26546,0,184,55,129
26547,0,10,57,-47
26548,0,6,268,-262
26549,0,2294,1491,803
26550,0,1,5,-4
26551,0,28,27,1
26552,0,58,55,3
26553,0,134,566,-432
26554,0,5031,421,4610
26555,0,221,193,28
26556,0,214,305,-91
26557,0,74,68,6
26558,0,50,88,-38
26559,0,53,24,29
26560,0,84,96,-12
26561,0,20,4,16
26562,0,2,59,-57
26563,0,168,183,-15
26564,0,11,6,5
26565,0,1475,483,992
26566,0,1,23,-22
26567,0,26,95,-69
26568,0,7,12,-5
26569,0,367,43,324
26570,0,67,340,-273
26571,0,4,1,3
26572,0,1391,887,504
26573,0,78,60,18
26575,0,128,138,-10
26576,0,494,193,301
26577,0,44,24,20
26578,0,92,84,8
26579,0,4307,5560,-1253
26581,0,11,2,9
26582,0,19,13,6
26583,0,1761,1090,671
26584,0,307,140,167
26585,0,3,24,-21
26586,0,124,62,62
26587,0,368,283,85
26588,0,1192,874,318
26589,0,19,18,1
26590,0,233,125,108
26591,0,235,226,9
26592,0,56,27,29
26593,0,300,1212,-912
26594,0,4,4,0
26595,0,4,10,-6
26596,0,721,613,108
26597,0,210,166,44
26598,0,2734,782,1952
26600,0,3099,3913,-814
26601,0,48,10,38
26602,0,535,20,515
26603,0,307,337,-30
26604,0,3,15,-12
26605,0,187,513,-326
26607,0,1344,1018,326
26608,0,659,658,1
26609,0,32,33,-1
26610,0,12,16,-4
26611,0,45,11,34
26612,0,3,12,-9
26613,0,166,77,89
26615,0,65,126,-61
26616,0,3968,6883,-2915
26617,0,112,70,42
26618,0,329,57,272
26619,0,25,11,14
26620,0,39,91,-52
26621,0,5106,2107,2999
26622,0,21,46,-25
26623,0,77,116,-39
26624,0,12,87,-75
26626,0,79,123,-44
26627,0,28,32,-4
26628,0,74,41,33
26629,0,8,29,-21
26630,0,304,167,137
26631,0,719,1418,-699
26632,0,7,58,-51
26633,0,14,3,11
26634,0,62,37,25
26635,0,48,80,-32
26636,0,84,114,-30
26637,0,53,77,-24
26638,0,54,161,-107
26639,0,20,22,-2
26640,0,103,646,-543
26641,0,201,1212,-1011
26642,0,2071,3341,-1270
26643,0,2,12,-10
26644,0,16,26,-10
26645,0,621,326,295
26646,0,42,70,-28
26647,0,60,134,-74
26648,0,7,25,-18
26649,0,763,898,-135
26650,0,69,3,66
26651,0,101,122,-21
26652,0,1002,2642,-1640
26653,0,27,25,2
26654,0,8,2,6
26655,0,31,13,18
26656,0,1,1,0
26657,0,147,10,137
26658,0,949,1372,-423
26659,0,2742,997,1745
26660,0,11,12,-1
26661,0,1,1,0
26662,0,15,23,-8
26663,0,104,163,-59
26664,0,75,85,-10
26665,0,56,77,-21
26666,0,94,549,-455
26667,0,65,32,33
26668,0,12,19,-7
26670,0,2,20,-18
26671,0,25,89,-64
26672,0,327,126,201
26673,0,19,28,-9
26674,0,19,8,11
26675,0,302,35,267
26676,0,390,424,-34
26677,0,154,194,-40
26678,0,304,324,-20
26679,0,49,41,8
26680,0,535,667,-132
26681,0,640,2857,-2217
26682,0,200,205,-5
26684,0,64,43,21
26685,0,3,27,-24
26686,0,46,14,32
26687,0,56,33,23
26688,0,375,217,158
26689,0,101,84,17
26690,0,43,36,7
26691,0,348,283,65
26692,0,321,351,-30
26693,0,8,10,-2
26694,0,3,4,-1
26695,0,7,10,-3
26696,0,12,23,-11
26697,0,13,15,-2
26698,0,357,308,49
26699,0,19,3,16
26700,0,39,160,-121
26701,0,188,9,179
26702,0,1482,822,660
26703,0,928,2376,-1448
26704,0,62,341,-279
26705,0,154,153,1
26706,0,6,2,4
26707,0,20,24,-4
26708,0,20,44,-24
26709,0,99,471,-372
26710,0,16,22,-6
26711,0,35,5,30
26712,0,5,6,-1
26713,0,105,145,-40
26714,0,13,42,-29
26715,0,14,37,-23
26716,0,37,33,4
26717,0,15,35,-20
26718,0,11,19,-8
26719,0,2,16,-14
26720,0,66,93,-27
26721,0,5,36,-31
26722,0,1328,344,984
26723,0,5,58,-53
26724,0,489,236,253
26725,0,26,9,17
26726,0,1708,1642,66
26727,0,17,33,-16
26728,0,490,146,344
26731,0,4,2,2
26732,0,167,39,128
26733,0,184,184,0
26734,0,13,9,4
26735,0,1721,1541,180
26736,0,2414,1368,1046
26737,0,40,35,5
26738,0,3,27,-24
26739,0,43,308,-265
26740,0,62,92,-30
26741,0,2943,1077,1866
26742,0,17,21,-4
26743,0,21,23,-2
26744,0,869,52,817
26745,0,57,38,19
26746,0,24,12,12
26747,0,56,60,-4
26748,0,118,213,-95
26749,0,40,16,24
26750,0,11,21,-10
26751,0,24,17,7
26752,0,77,39,38
26753,0,82,259,-177
26754,0,2009,1026,983
26755,0,15,33,-18
26756,0,69,12,57
26757,0,52,59,-7
26758,0,56,73,-17
26759,0,5,30,-25
26760,0,704,128,576
26761,0,11,56,-45
26762,0,14,1,13
26763,0,66,41,25
26764,0,321,1100,-779
26765,0,9,20,-11
26766,0,39,29,10
26767,0,5,18,-13
26768,0,46,118,-72
26769,0,4,20,-16
26770,0,40,19,21
26771,0,7,9,-2
26772,0,39,19,20
26774,0,13,10,3
26775,0,1787,2393,-606
26776,0,113,93,20
26777,0,29,25,4
26778,0,215,83,132
26779,0,167,49,118
26780,0,17,18,-1
26781,0,16,31,-15
26782,0,30,50,-20
26783,0,13,10,3
26784,0,1,10,-9
26785,0,87,267,-180
26786,0,9,15,-6
26787,0,7490,12391,-4901
26788,0,3417,679,2738
26789,0,104,12,92
26790,0,108,1147,-1039
26791,0,26,4,22
26792,0,153,228,-75
26793,0,129,157,-28
26794,0,1535,1122,413
26795,0,33,109,-76
26796,0,111,36,75
26797,0,221,215,6
26798,0,16,14,2
26799,0,24,37,-13
26800,0,22,44,-22
26802,0,2,16,-14
26803,0,10,479,-469
26804,0,13,14,-1
26805,0,117,114,3
26807,0,1097,184,913
26808,0,33,34,-1
26809,0,248,78,170
26810,0,19,26,-7
26811,0,43,94,-51
26812,0,8,18,-10
26813,0,56,11,45
26814,0,1462,1389,73
26815,0,26,23,3
26816,0,627,1013,-386
26817,0,7,23,-16
26818,0,67,39,28
26819,0,8,14,-6
26820,0,52,12,40
26821,0,12,3,9
26822,0,2113,1044,1069
26823,0,30,32,-2
26824,0,5,3,2
26825,0,10,21,-11
26826,0,17,27,-10
26827,0,119,483,-364
26828,0,13,18,-5
26829,0,171,295,-124
26830,0,159,108,51
26831,0,2,12,-10
26832,0,348,261,87
26834,0,494,104,390
26835,0,156,78,78
26836,0,5,7,-2
26837,0,1141,2089,-948
26838,0,875,843,32
26839,0,24,143,-119
26840,0,1,7,-6
26841,0,4,6,-2
26842,0,39,50,-11
26843,0,9,6,3
26844,0,31,58,-27
26845,0,316,159,157
26846,0,2,10,-8
26847,0,86,56,30
26848,0,158,165,-7
26849,0,23,20,3
26850,0,19,9,10
26851,0,86,92,-6
26852,0,19,41,-22
26853,0,4,19,-15
26854,0,83,138,-55
26855,0,17,49,-32
26856,0,54,89,-35
26857,0,1749,789,960
26858,0,639,137,502
26859,0,78,83,-5
26860,0,88,46,42
26861,0,116,36,80
26862,0,4,4,0
26864,0,87,148,-61
26866,0,90,217,-127
26867,0,867,1479,-612
26868,0,2,10,-8
26869,0,6383,5370,1013
26870,0,4960,6325,-1365
26871,0,18,114,-96
26872,0,38,11,27
26873,0,16,8,8
26874,0,22,14,8
26875,0,9969,9219,750
26876,0,684,454,230
26877,0,187,290,-103
26878,0,6,3,3
26879,0,17,10,7
26880,0,10,7,3
26882,0,962,1296,-334
26883,0,15,53,-38
26884,0,336,307,29
26885,0,220,185,35
26886,0,31,10,21
26887,0,26,33,-7
26888,0,105,70,35
26889,0,4,2,2
26890,0,156,122,34
26891,0,68,101,-33
26892,0,43,417,-374
26893,0,887,262,625
26894,0,156,484,-328
26895,0,15,30,-15
26896,0,4,4,0
26897,0,28,18,10
26898,0,48,26,22
26899,0,13,13,0
26900,0,27,38,-11
26901,0,50,97,-47
26902,0,60,211,-151
26903,0,3,10,-7
26904,0,13,7,6
26905,0,79,45,34
26906,0,15,21,-6
26907,0,80,25,55
26908,0,9,47,-38
26909,0,48,71,-23
26910,0,808,466,342
26911,0,114279,102733,11546
26912,0,575,195,380
26913,0,164,247,-83
26916,0,13,18,-5
26917,0,39,176,-137
26918,0,34,332,-298
26919,0,19,23,-4
26920,0,18,24,-6
26921,0,26,268,-242
26922,0,2506,4483,-1977
26923,0,1102,728,374
26924,0,10,17,-7
26925,0,39,41,-2
26926,0,112,55,57
26927,0,4,57,-53
26928,0,124,2390,-2266
26929,0,23,80,-57
26930,0,35,32,3
26931,0,16,42,-26
26932,0,489,441,48
26933,0,25,89,-64
26934,0,20,30,-10
26935,0,190,243,-53
26936,0,80,140,-60
26937,0,37,51,-14
26938,0,271,380,-109
26940,0,119,158,-39
26941,0,485,325,160
26942,0,21,40,-19
26943,0,7,16,-9
26944,0,3036,3053,-17
26945,0,293,1247,-954
26946,0,6,88,-82
26948,0,3,14,-11
26949,0,857,857,0
26950,0,222,372,-150
26951,0,8,49,-41
26952,0,1146,2803,-1657
26953,0,4,25,-21
26954,0,64,45,19
26955,0,25,49,-24
26956,0,2226,2793,-567
26957,0,16,58,-42
26958,0,34,17,17
26959,0,471,169,302
26960,0,17713,24104,-6391
26961,0,10,1,9
26963,0,81,145,-64
26964,0,133,183,-50
26965,0,14,8,6
26966,0,26,39,-13
26967,0,110,99,11
26968,0,6,44,-38
26969,0,132,503,-371
26970,0,5,6,-1
26971,0,179,163,16
26972,0,236,236,0
26973,0,4428,4064,364
26974,0,4,20,-16
26975,0,115,148,-33
26976,0,54,62,-8
26977,0,205,16,189
26978,0,43,44,-1
26979,0,48,28,20
26980,0,7,5,2
26981,0,33,33,0
26982,0,18,11,7
26983,0,6,3,3
26984,0,104,195,-91
26985,0,4601,7292,-2691
26986,0,122,205,-83
26987,0,44,71,-27
26988,0,2,4,-2
26989,0,35,62,-27
26990,0,7,7,0
26991,0,281,618,-337
26992,0,9,64,-55
26993,0,1,2,-1
26994,0,24,18,6
26995,0,681,218,463
26996,0,45,59,-14
26997,0,16,16,0
26998,0,98,169,-71
26999,0,755,861,-106
27000,0,252,356,-104
27001,0,39,172,-133
27002,0,98,54,44
27003,0,40,53,-13
27004,0,14,211,-197
27005,0,3,8,-5
27006,0,36,10,26
27007,0,45,44,1
27008,0,10,1,9
27009,0,79,20,59
27010,0,131,138,-7
27011,0,214,462,-248
27012,0,76,14,62
27013,0,38,79,-41
27014,0,24,74,-50
27015,0,5,13,-8
27016,0,399,73,326
27017,0,765,434,331
27018,0,129,53,76
27019,0,70,125,-55
27020,0,26,21,5
27021,0,41,84,-43
27022,0,45,63,-18
27023,0,8,49,-41
27024,0,60,86,-26
27025,0,37,23,14
27026,0,1037,457,580
27027,0,26,25,1
27028,0,392,330,62
27029,0,50,23,27
27030,0,22,7,15
27031,0,9,21,-12
27032,0,161,834,-673
27033,0,528,337,191
27034,0,25,59,-34
27035,0,7,7,0
27036,0,144,41,103
27037,0,5,70,-65
27039,0,74,259,-185
27040,0,12,69,-57
27041,0,5,39,-34
27043,0,40,21,19
27044,0,30,40,-10
27045,0,4,61,-57
27046,0,32,297,-265
27047,0,30,83,-53
27048,0,22,62,-40
27049,0,30,55,-25
27052,0,17,17,0
27053,0,43,28,15
27054,0,2561,2033,528
27055,0,14,8,6
27056,0,99,38,61
27057,0,97,145,-48
27058,0,2605,1540,1065
27059,0,211,282,-71
27060,0,22,127,-105
27061,0,6,48,-42
27062,0,13,34,-21
27063,0,81,146,-65
27064,0,350,24,326
27065,0,248,118,130
27066,0,19,26,-7
27067,0,8,17,-9
27068,0,186,315,-129
27069,0,24,14,10
27070,0,100,22,78
27071,0,3,18,-15
27072,0,236,333,-97
27073,0,9,14,-5
27074,0,19,9,10
27075,0,52,47,5
27076,0,114,191,-77
27077,0,22,41,-19
27078,0,33,65,-32
27079,0,7,1,6
27080,0,159,258,-99
27081,0,2,42,-40
27082,0,197,348,-151
27083,0,30,14,16
27084,0,19,24,-5
27085,0,204,360,-156
27086,0,4,24,-20
27087,0,17152,10914,6238
27088,0,31,75,-44
27089,0,10,30,-20
27090,0,25,212,-187
27091,0,33,24,9
27092,0,5,9,-4
27093,0,66,185,-119
27094,0,18,38,-20
27095,0,2358,4164,-1806
27096,0,232,138,94
27097,0,9,29,-20
27098,0,262,120,142
27099,0,7,56,-49
27100,0,3,26,-23
27101,0,333,8,325
27102,0,130,136,-6
27103,0,32,65,-33
27104,0,460,2,458
27105,0,17,12,5
27106,0,19,27,-8
27107,0,6,19,-13
27108,0,3961,1450,2511
27109,0,23,400,-377
27110,0,16,15,1
27111,0,283,123,160
27113,0,71,88,-17
27114,0,54,94,-40
27115,0,8,334,-326
27116,0,39,1,38
27117,0,5,6,-1
27118,0,2173,1156,1017
27119,0,752,463,289
27120,0,1200,918,282
27121,0,128,1,127
27122,0,1894,1384,510
27123,0,839,1150,-311
27124,0,97,93,4
27125,0,7,18,-11
27126,0,60,42,18
27127,0,88,51,37
27128,0,262,593,-331
27130,0,40,15,25
27131,0,5,50,-45
27132,0,76,108,-32
27133,0,14,52,-38
27134,0,72,58,14
27135,0,10,11,-1
27136,0,52,17,35
27137,0,8,22,-14
27138,0,87,167,-80
27139,0,33,32,1
27140,0,596,1622,-1026
27142,0,18,9,9
27143,0,33,23,10
27144,0,67,31,36
27145,0,432,573,-141
27146,0,4550,8740,-4190
27147,0,54,43,11
27149,0,10,17,-7
27150,0,49,76,-27
27151,0,1516,2049,-533
27152,0,74,108,-34
27153,0,50,34,16
27154,0,31,24,7
27155,0,397,27,370
27156,0,1,28,-27
27157,0,71,77,-6
27158,0,3,7,-4
27159,0,261,6,255
27160,0,176,302,-126
27161,0,318,482,-164
27162,0,670,437,233
27163,0,2519,2204,315
27164,0,50,90,-40
27165,0,214,110,104
27166,0,60,50,10
27167,0,27,10,17
27168,0,119,43,76
27169,0,20,55,-35
27171,0,30,60,-30
27172,0,31,96,-65
27173,0,118,222,-104
27174,0,57,89,-32
27175,0,21,21,0
27176,0,79,221,-142
27177,0,836,120,716
27178,0,3,12,-9
27179,0,96,36,60
27180,0,7,49,-42
27181,0,49,25,24
27182,0,25,24,1
27183,0,524,345,179
27184,0,66,45,21
27185,0,57,119,-62
27187,0,24,15,9
27188,0,54,39,15
27189,0,3,14,-11
27190,0,4808,5834,-1026
27191,0,112,138,-26
27192,0,175,363,-188
27193,0,12,22,-10
27194,0,66,7,59
27195,0,187,46,141
27196,0,26,9,17
27197,0,290,268,22
27198,0,1,4,-3
27199,0,20,0,20
27200,0,13,0,13
27201,0,3,4,-1
27202,0,18,20,-2
27203,0,50,30,20
27204,0,15,37,-22
27205,0,331,556,-225
27206,0,246,88,158
27207,0,6,21,-15
27208,0,964,1229,-265
27209,0,33,10,23
27210,0,4999,3144,1855
27211,0,79,515,-436
27212,0,368,107,261
27213,0,35,70,-35
27214,0,7,12,-5
27215,0,691,997,-306
27216,0,97,45,52
27217,0,24,23,1
27218,0,6,34,-28
27219,0,145,305,-160
27220,0,25,46,-21
27221,0,5,3,2
27222,0,20,12,8
27223,0,99,68,31
27224,0,457,338,119
27225,0,21,18,3
27226,0,279,244,35
27227,0,2,0,2
27228,0,4,2,2
27229,0,91,216,-125
27230,0,577,172,405
27231,0,43,48,-5
27232,0,12,5,7
27233,0,1086,648,438
27234,0,3,14,-11
27235,0,3,15,-12
27236,0,90,68,22
27237,0,9,3,6
27238,0,131,285,-154
27239,0,2,31,-29
27240,0,21,51,-30
27241,0,27,20,7
27242,0,5,2,3
27243,0,41,8,33
27244,0,31,13,18
27245,0,184,213,-29
27246,0,2,6,-4
27247,0,43,69,-26
27248,0,19,24,-5
27249,0,124,87,37
27250,0,373,341,32
27251,0,27,78,-51
27252,0,30,60,-30
27253,0,21,20,1
27255,0,88,116,-28
27256,0,2240,2477,-237
27257,0,37,18,19
27259,0,32,292,-260
27260,0,90,45,45
27261,0,3,7,-4
27262,0,55,171,-116
27264,0,460,333,127
27265,0,29,38,-9
27266,0,2,0,2
27267,0,42,411,-369
27268,0,1081,453,628
27269,0,70,79,-9
27270,0,279,497,-218
27271,0,75,112,-37
27272,0,27,51,-24
27273,0,55,53,2
27275,0,18,29,-11
27276,0,40,43,-3
27277,0,7869,1957,5912
27278,0,324,375,-51
27279,0,20,88,-68
27280,0,46,38,8
27282,0,64,36,28
27283,0,884,613,271
27284,0,2,72,-70
27285,0,14,33,-19
27286,0,3,11,-8
27287,0,438,278,160
27288,0,1,19,-18
27289,0,55,83,-28
27290,0,3,1,2
27291,0,9,14,-5
27292,0,8,67,-59
27293,0,594,225,369
27294,0,116,24,92
27295,0,217,361,-144
27296,0,250,201,49
27297,0,24,23,1
27298,0,2,20,-18
27299,0,56,10,46
27300,0,32,63,-31
27303,0,86,45,41
27304,0,30,8,22
27305,0,742,523,219
27307,0,127,124,3
27308,0,1607,1800,-193
27309,0,13,28,-15
27310,0,34,34,0
27311,0,14,24,-10
27312,0,26,40,-14
27313,0,136,92,44
27314,0,42,51,-9
27315,0,5,8,-3
27317,0,1079,1229,-150
27318,0,343,251,92
27319,0,92,210,-118
27320,0,15,6,9
27321,0,30,2,28
27322,0,406,238,168
27323,0,40,114,-74
27325,0,62,100,-38
27326,0,53,31,22
27327,0,7,35,-28
27329,0,29,32,-3
27330,0,28,10,18
27331,0,63,127,-64
27332,0,22,69,-47
27333,0,42,12,30
27334,0,34,59,-25
27335,0,809,123,686
27336,0,664,476,188
27337,0,8,11,-3
27338,0,6,10,-4
27339,0,97,117,-20
27340,0,64,23,41
27341,0,6524,1490,5034
27342,0,7,34,-27
27343,0,1,1,0
27344,0,8,4,4
27345,0,16,41,-25
27346,0,8,18,-10
27347,0,657,431,226
27348,0,42,170,-128
27349,0,82,40,42
27350,0,60,54,6
27351,0,156,65,91
27352,0,1854,622,1232
27353,0,25,35,-10
27354,0,20,48,-28
27355,0,4,36,-32
27356,0,49,90,-41
27357,0,134,319,-185
27358,0,114,195,-81
27359,0,6,29,-23
27360,0,1,1,0
27361,0,214,17,197
27363,0,10,10,0
27364,0,77,47,30
27365,0,3,26,-23
27366,0,25,30,-5
27367,0,16,3,13
27368,0,457,63,394
27369,0,77,19,58
27370,0,199,20,179
27371,0,704,2670,-1966
27372,0,4,15,-11
27373,0,22,157,-135
27374,0,59,73,-14
27375,0,63,10,53
27376,0,642,254,388
27377,0,9,13,-4
27378,0,226,156,70
27379,0,24,29,-5
27380,0,15,63,-48
27383,0,147,95,52
27384,0,28,364,-336
27385,0,746,762,-16
27386,0,17,6,11
27387,0,4,2,2
27388,0,27,53,-26
27390,0,3,6,-3
27391,0,32,32,0
27392,0,64,60,4
27393,0,5,28,-23
27394,0,29,38,-9
27395,0,15,32,-17
27397,0,5,15,-10
27398,0,19,11,8
27399,0,7959,9423,-1464
27400,0,130,23,107
27401,0,58,41,17
27402,0,167,253,-86
27403,0,6,7,-1
27404,0,45,65,-20
27405,0,22,51,-29
27406,0,33,30,3
27407,0,2,20,-18
27408,0,61,83,-22
27409,0,17,31,-14
27410,0,10,64,-54
27411,0,53,21,32
27412,0,159,518,-359
27413,0,19,28,-9
27414,0,63,17,46
27415,0,5682,4555,1127
27416,0,44,15,29
27417,0,5790,10813,-5023
27419,0,132,230,-98
27420,0,45,267,-222
27422,0,43,2,41
27423,0,2574,3416,-842
27424,0,15,4,11
27425,0,50,108,-58
27426,0,60,227,-167
27427,0,105,34,71
27428,0,112,174,-62
27429,0,1136,474,662
27430,0,1613,1912,-299
27431,0,136,151,-15
27432,0,1855,2738,-883
27433,0,797,1647,-850
27434,0,61,43,18
27435,0,25,5596,-5571
27436,0,59,48,11
27437,0,10,66,-56
27438,0,15,35,-20
27439,0,99,31,68
27440,0,197,328,-131
27442,0,103,328,-225
27443,0,31,93,-62
27444,0,1590,900,690
27445,0,17,3,14
27446,0,453,455,-2
27447,0,184,92,92
27448,0,22,36,-14
27449,0,345,291,54
27450,0,310,740,-430
27451,0,15,17,-2
27452,0,15,25,-10
27453,0,10,31,-21
27454,0,246,100,146
27455,0,148,552,-404
27456,0,7,17,-10
27457,0,119,276,-157
27459,0,17,6,11
27460,0,41,43,-2
27461,0,21,31,-10
27462,0,5,8,-3
27463,0,15,61,-46
27464,0,66,26,40
27465,0,472,180,292
27466,0,9,44,-35
27467,0,1,9,-8
27468,0,23,30,-7
27469,0,55,94,-39
27470,0,27,127,-100
27472,0,9,60,-51
27473,0,140,76,64
27474,0,16,44,-28
27475,0,50,129,-79
27476,0,199,13,186
27477,0,465,676,-211
27479,0,31,85,-54
27480,0,542,520,22
27481,0,77,110,-33
27482,0,241,257,-16
27483,0,17,42,-25
27484,0,23,36,-13
27485,0,1,31,-30
27486,0,40,27,13
27487,0,33,146,-113
27488,0,1046,1203,-157
27489,0,3153,3669,-516
27491,0,65,35,30
27492,0,22,25,-3
27493,0,157,44,113
27494,0,39,5,34
27495,0,60,21,39
27496,0,104,70,34
27497,0,61,28,33
27498,0,143,185,-42
27499,0,89,41,48
27500,0,397,789,-392
27501,0,24,20,4
27503,0,3546,4446,-900
27504,0,5,2,3
27505,0,3820,4435,-615
27506,0,1281,1657,-376
27508,0,782,2462,-1680
27509,0,35,61,-26
27510,0,435,1609,-1174
27511,0,11,13,-2
27512,0,6053,11006,-4953
27513,0,225,281,-56
27514,0,6,23,-17
27515,0,584,518,66
27516,0,101,100,1
27517,0,91,160,-69
27518,0,670,1579,-909
27519,0,29,28,1
27520,0,54,51,3
27522,0,3312,497,2815
27524,0,10,143,-133
27525,0,119,460,-341
27526,0,1903,425,1478
27527,0,90,173,-83
27528,0,221,10,211
27529,0,137,99,38
27530,0,36,96,-60
27531,0,209,431,-222
27532,0,9,123,-114
27533,0,16,35,-19
27534,0,16,41,-25
27535,0,24,375,-351
27536,0,26,1,25
27537,0,3,20,-17
27538,0,370,146,224
27539,0,26,16,10
27540,0,48,47,1
27541,0,82,64,18
27542,0,27,57,-30
27543,0,12,23,-11
27544,0,16,8,8
27545,0,194,88,106
27546,0,8,24,-16
27547,0,285,301,-16
27548,0,34,56,-22
27549,0,18,4,14
27550,0,58,81,-23
27551,0,100,45,55
27552,0,31,67,-36
27554,0,4,3,1
27555,0,1,2,-1
27557,0,96,103,-7
27558,0,36,40,-4
27559,0,146,150,-4
27560,0,16,13,3
27561,0,164,87,77
27562,0,17,33,-16
27563,0,8297,377,7920
27564,0,82,41,41
27565,0,7,24,-17
27566,0,293,627,-334
27567,0,22,91,-69
27568,0,850,1582,-732
27569,0,62,41,21
27570,0,12,19,-7
27571,0,122,437,-315
27572,0,7,7,0
27573,0,2299,1177,1122
27575,0,1,5,-4
27576,0,28,45,-17
27577,0,94,41,53
27578,0,2,0,2
27579,0,87,81,6
27580,0,51,86,-35
27581,0,32,60,-28
27583,0,29,35,-6
27585,0,23,50,-27
27586,0,2,9,-7
27587,0,3014,4857,-1843
27588,0,164,32,132
27589,0,224,234,-10
27591,0,16,21,-5
27592,0,41,59,-18
27593,0,23,29,-6
27594,0,122,101,21
27595,0,307,248,59
27596,0,12,18,-6
27597,0,15,42,-27
27598,0,841,103,738
27599,0,15,16,-1
27600,0,19,11,8
27601,0,65,63,2
27602,0,96,148,-52
27603,0,9,3,6
27604,0,9,11,-2
27605,0,188,303,-115
27606,0,45,78,-33
27607,0,18,20,-2
27608,0,26,899,-873
27609,0,68,226,-158
27610,0,1,6,-5
27611,0,126,32,94
27612,0,9,57,-48
27613,0,159,63,96
27614,0,12,2,10
27615,0,26,30,-4
27616,0,6,16,-10
27618,0,128,29,99
27619,0,553,274,279
27620,0,38,102,-64
27621,0,50,38,12
27622,0,57,73,-16
27623,0,125,13,112
27624,0,12065,6028,6037
27625,0,8,16,-8
27626,0,464,153,311
27627,0,280,317,-37
27628,0,51,61,-10
27629,0,16,18,-2
27630,0,73,182,-109
27631,0,277,409,-132
27632,0,542,317,225
27633,0,66,168,-102
27634,0,70,34,36
27635,0,3,24,-21
27636,0,168,101,67
27637,0,3,3,0
27638,0,10,22,-12
27639,0,137,32,105
27640,0,16,29,-13
27641,0,724,243,481
27642,0,19,1,18
27643,0,210,164,46
27644,0,20,13,7
27645,0,143,152,-9
27646,0,122,29,93
27647,0,42,73,-31
27648,0,23,57,-34
27649,0,6,8,-2
27650,0,20,26,-6
27651,0,125,133,-8
27652,0,66,6,60
27653,0,26,78,-52
27654,0,192,205,-13
27655,0,130,248,-118
27656,0,144,311,-167
27657,0,14,21,-7
27658,0,244,403,-159
27659,0,132,233,-101
27660,0,589,131,458
27661,0,197,214,-17
27662,0,85,192,-107
27663,0,29,77,-48
27664,0,14,20,-6
27665,0,76,69,7
27666,0,34,17,17
27668,0,25,82,-57
27669,0,48,7,41
27670,0,170,108,62
27671,0,514,164,350
27672,0,23,48,-25
27673,0,497,452,45
27674,0,250,230,20
27675,0,47,96,-49
27676,0,9,11,-2
27677,0,140,76,64
27678,0,188,189,-1
27679,0,34,60,-26
27680,0,23,51,-28
27681,0,33,57,-24
27682,0,1,10,-9
27683,0,33,31,2
27684,0,1953,2347,-394
27685,0,34,125,-91
27686,0,16,32,-16
27687,0,8,2,6
27688,0,18,156,-138
27689,0,7687,4736,2951
27690,0,58,119,-61
27691,0,16,133,-117
27692,0,29,89,-60
27693,0,2,6,-4
27694,0,787,1091,-304
27695,0,9731,13176,-3445
27696,0,28,49,-21
27697,0,117,56,61
27698,0,44,84,-40
27699,0,73,38,35
27700,0,3,4,-1
27701,0,31,184,-153
27702,0,19,38,-19
27703,0,198,200,-2
27704,0,1220,960,260
27705,0,526,1072,-546
27706,0,7,2,5
27707,0,24,1,23
27708,0,43,27,16
27709,0,91,165,-74
27710,0,471,1300,-829
27712,0,27,22,5
27713,0,12,15,-3
27714,0,9,125,-116
27715,0,131,142,-11
27716,0,12,46,-34
27717,0,12,44,-32
27718,0,76,221,-145
27719,0,42,81,-39
27720,0,189,140,49
27721,0,554,522,32
27722,0,90,87,3
27723,0,38,37,1
27724,0,108,169,-61
27725,0,82,48,34
27726,0,13,5,8
27727,0,19,9,10
27728,0,1575,4594,-3019
27729,0,161,418,-257
27730,0,28,26,2
27731,0,278,34,244
27732,0,13,61,-48
27733,0,22,27,-5
27734,0,23,27,-4
27735,0,17,87,-70
27736,0,280,101,179
27737,0,6,14,-8
27738,0,21,74,-53
27739,0,19,21,-2
27740,0,3,19,-16
27741,0,302,188,114
27742,0,61,21,40
27743,0,46,19,27
27744,0,41,46,-5
27745,0,22,15,7
27746,0,5,2,3
27747,0,84,85,-1
27748,0,41,8,33
27749,0,134,36,98
27750,0,20,20,0
27751,0,10,64,-54
27752,0,43,78,-35
27754,0,1010,1030,-20
27755,0,101,162,-61
27756,0,199,104,95
27757,0,5,6,-1
27758,0,10,14,-4
27759,0,259,335,-76
27760,0,40,73,-33
27761,0,201,141,60
27762,0,109,21,88
27763,0,96,98,-2
27764,0,1066,621,445
27765,0,162,110,52
27766,0,495,343,152
27767,0,349,211,138
27768,0,74,142,-68
27769,0,42,101,-59
27770,0,56,72,-16
27771,0,36,173,-137
27773,0,4,7,-3
27774,0,6879,2692,4187
27775,0,6,4,2
27776,0,33,15,18
27777,0,5,28,-23
27778,0,1137,1610,-473
27779,0,4,28,-24
27780,0,9,5,4
27781,0,85,60,25
27782,0,62,50,12
27783,0,41,11,30
27784,0,30,44,-14
27785,0,429,407,22
27786,0,41,35,6
27787,0,6,2,4
27788,0,162,548,-386
27789,0,7,32,-25
27790,0,3130,655,2475
27791,0,494,268,226
27792,0,113,57,56
27793,0,68,10,58
27794,0,865,153,712
27795,0,13,305,-292
27796,0,17,15,2
27797,0,104,44,60
27798,0,5,41,-36
27799,0,10,4,6
27800,0,3377,3522,-145
27801,0,8,18,-10
27803,0,16,5,11
27804,0,6754,4525,2229
27805,0,2594,3862,-1268
27806,0,3845,1585,2260
27807,0,43,43,0
27808,0,824,2581,-1757
27809,0,125,40,85
27810,0,115,79,36
27811,0,40,60,-20
27812,0,9,14,-5
27813,0,58,47,11
27814,0,1,9,-8
27815,0,534,355,179
27816,0,150,36,114
27817,0,488,20,468
27818,0,24,13,11
27819,0,25,70,-45
27820,0,160,34,126
27821,0,53,127,-74
27822,0,1428,1308,120
27823,0,82,109,-27
27824,0,54,138,-84
27825,0,24,45,-21
27826,0,50,153,-103
27827,0,4764,8238,-3474
27828,0,9,50,-41
27829,0,57,88,-31
27830,0,37,45,-8
27831,0,12,7,5
27832,0,29,28,1
27833,0,65,49,16
27835,0,51,40,11
27836,0,1093,1281,-188
27838,0,3816,72,3744
27839,0,46,79,-33
27840,0,1,2,-1
27841,0,58,44,14
27842,0,9,32,-23
27843,0,1482,496,986
27844,0,29,8,21
27845,0,20,31,-11
27846,0,355,145,210
27847,0,2849,2736,113
27848,0,6549,4246,2303
27849,0,6,14,-8
27850,0,162,390,-228
27851,0,15,17,-2
27852,0,572,340,232
27854,0,54,235,-181
27855,0,21,29,-8
27856,0,16,19,-3
27857,0,42,17,25
27859,0,14,9,5
27860,0,885,688,197
27861,0,107,151,-44
27862,0,67,149,-82
27863,0,79,53,26
27864,0,3,10,-7
27865,0,4,4,0
27866,0,31,32,-1
27867,0,98,82,16
27868,0,47,16,31
27869,0,53,17,36
27870,0,30,68,-38
27871,0,17,19,-2
27872,0,15,27,-12
27874,0,214,181,33
27875,0,220,951,-731
27876,0,30,88,-58
27878,0,54,45,9
27879,0,239,139,100
27880,0,19,22,-3
27881,0,44,109,-65
27882,0,12,43,-31
27883,0,91,69,22
27884,0,33,59,-26
27885,0,12,10,2
27886,0,15,11,4
27887,0,475,215,260
27888,0,62,89,-27
27889,0,3437,4609,-1172
27890,0,28,582,-554
27891,0,20,17,3
27892,0,112,161,-49
27893,0,53,39,14
27894,0,354,176,178
27895,0,78,1904,-1826
27896,0,906,117,789
27897,0,7,31,-24
27898,0,74,143,-69
27899,0,77,102,-25
27900,0,60,94,-34
27901,0,86,80,6
27902,0,1168,839,329
27903,0,262,1668,-1406
27904,0,1955,204,1751
27905,0,2,14,-12
27906,0,29,43,-14
27907,0,185,102,83
27908,0,28,45,-17
27909,0,5,4,1
27910,0,40,52,-12
27911,0,200,94,106
27912,0,4124,4233,-109
27913,0,21,45,-24
27914,0,30,18,12
27915,0,115,13,102
27916,0,30,11,19
27917,0,13,4,9
27918,0,17,302,-285
27920,0,28,42,-14
27921,0,11,25,-14
27922,0,78,60,18
27923,0,57,90,-33
27924,0,670,2439,-1769
27925,0,17,19,-2
27926,0,228,183,45
27927,0,746,703,43
27928,0,257,302,-45
27929,0,111,95,16
27930,0,66,48,18
27931,0,48,52,-4
27932,0,9,21,-12
27933,0,7,82,-75
27934,0,81,77,4
27935,0,521,76,445
27936,0,47,179,-132
27937,0,115,285,-170
27939,0,25,27,-2
27940,0,183,751,-568
27941,0,11,23,-12
27942,0,223,63,160
27943,0,232,550,-318
27944,0,4502,1843,2659
27945,0,81,89,-8
27946,0,9,22,-13
27947,0,57,126,-69
27948,0,169,557,-388
27949,0,1563,392,1171
27950,0,8,33,-25
27951,0,13,26,-13
27953,0,291,159,132
27954,0,164,86,78
27955,0,1171,789,382
27956,0,7,8,-1
27957,0,19,34,-15
27959,0,30,89,-59
27960,0,27,84,-57
27962,0,66,19,47
27963,0,133,136,-3
27964,0,21,34,-13
27965,0,3,30,-27
27967,0,27,76,-49
27968,0,523,1907,-1384
27969,0,227,222,5
27970,0,15,34,-19
27971,0,12,65,-53
27972,0,25,124,-99
27973,0,27,103,-76
27974,0,55,123,-68
27975,0,130,216,-86
27976,0,194,90,104
27977,0,75,72,3
27978,0,274,712,-438
27979,0,29,53,-24
27980,0,448,774,-326
27981,0,3,3,0
27982,0,2,54,-52
27983,0,12,12,0
27984,0,11,5,6
27985,0,177,375,-198
27986,0,43,67,-24
27987,0,640,948,-308
27988,0,124,53,71
27990,0,15,24,-9
27991,0,82,143,-61
27992,0,42,27,15
27993,0,20,25,-5
27994,0,28,219,-191
27995,0,53,39,14
27996,0,6,21,-15
27997,0,98,154,-56
27998,0,2,9,-7
27999,0,25,29,-4
28000,0,25,8,17
28002,0,20,30,-10
28003,0,11,14,-3
28004,0,813,402,411
28006,0,18,17,1
28007,0,33,11,22
28008,0,20,24,-4
28009,0,17,3,14
28010,0,4435,5838,-1403
28012,0,98,169,-71
28013,0,108,288,-180
28014,0,3628,4902,-1274
28015,0,29,26,3
28016,0,3,1,2
28017,0,161,315,-154
28018,0,17,101,-84
28019,0,437,639,-202
28020,0,95,45,50
28021,0,22,25,-3
28022,0,683,4316,-3633
28023,0,19,9,10
28024,0,24,36,-12
28025,0,172,392,-220
28026,0,900,107,793
28027,0,698,1441,-743
28028,0,25,47,-22
28029,0,13,25,-12
28030,0,1721,1324,397
28031,0,16,14,2
28032,0,38,70,-32
28033,0,9,44,-35
28034,0,633,2073,-1440
28035,0,251,101,150
28036,0,65,23,42
28037,0,1,16,-15
28038,0,37,145,-108
28039,0,22,44,-22
28040,0,3,5,-2
28041,0,66,43,23
28042,0,108,96,12
28043,0,53,90,-37
28044,0,43,96,-53
28045,0,13,13,0
28046,0,134,19,115
28047,0,48,58,-10
28049,0,217,310,-93
28050,0,34,84,-50
28051,0,72,288,-216
28052,0,2333,2461,-128
28053,0,24,46,-22
28054,0,88,136,-48
28055,0,52,33,19
28056,0,2837,1721,1116
28057,0,41,52,-11
28058,0,1618,723,895
28059,0,183,143,40
28060,0,2927,3359,-432
28061,0,3,2,1
28062,0,2784,272,2512
28063,0,51,79,-28
28064,0,2,15,-13
28065,0,148,213,-65
28066,0,37,91,-54
28067,0,10,24,-14
28068,0,23,41,-18
28070,0,42,89,-47
28071,0,121,701,-580
28072,0,8,79,-71
28073,0,20,41,-21
28074,0,26,37,-11
28075,0,59,103,-44
28076,0,88,17,71
28077,0,128,169,-41
28078,0,162,202,-40
28079,0,43,23,20
28080,0,30,45,-15
28081,0,8,15,-7
28082,0,151,138,13
28083,0,209,165,44
28085,0,37,51,-14
28086,0,160,129,31
28087,0,17,110,-93
28088,0,2322,3905,-1583
28089,0,66,26,40
28090,0,10,11,-1
28091,0,7,3,4
28092,0,24,2,22
28093,0,93,112,-19
28094,0,33,58,-25
28095,0,24,55,-31
28096,0,648,524,124
28097,0,24,15,9
28098,0,255,236,19
28099,0,20,22,-2
28100,0,2187,714,1473
28102,0,1,3218,-3217
28103,0,3,8,-5
28104,0,25,27,-2
28105,0,48,73,-25
28107,0,240,434,-194
28108,0,52,65,-13
28109,0,1,17,-16
28111,0,113,96,17
28112,0,79,23,56
28113,0,65,130,-65
28114,0,5,4,1
28115,0,326,216,110
28116,0,88,126,-38
28117,0,13458,15009,-1551
28118,0,2,23,-21
28119,0,31,192,-161
28120,0,118,196,-78
28122,0,24,48,-24
28123,0,13,14,-1
28124,0,254,189,65
28126,0,48,106,-58
28127,0,37,22,15
28128,0,81,110,-29
28129,0,79,177,-98
28130,0,47,6,41
28131,0,630,1642,-1012
28132,0,23,31,-8
28133,0,16,17,-1
28134,0,5,40,-35
28135,0,7,57,-50
28136,0,106,141,-35
28137,0,60,118,-58
28138,0,26,80,-54
28139,0,1307,715,592
28140,0,26,1,25
28141,0,104,45,59
28142,0,17,33,-16
28143,0,38,61,-23
28144,0,7,18,-11
28145,0,17,59,-42
28146,0,20,22,-2
28147,0,10,40,-30
28149,0,109,117,-8
28150,0,126,57,69
28152,0,184,123,61
28153,0,3169,1969,1200
28154,0,237,148,89
28155,0,583,674,-91
28156,0,37,8,29
28157,0,162,350,-188
28158,0,331,610,-279
28159,0,919,339,580
28160,0,11,97,-86
28161,0,2487,2594,-107
28162,0,331,112,219
28163,0,124,120,4
28164,0,6,2,4
28165,0,363,426,-63
28166,0,25,48,-23
28167,0,16,28,-12
28168,0,127,52,75
28169,0,139,80,59
28170,0,4670,4308,362
28171,0,91,123,-32
28172,0,32,5,27
28173,0,3,3,0
28174,0,44,401,-357
28175,0,47,79,-32
28176,0,175,96,79
28177,0,48,287,-239
28179,0,335,342,-7
28180,0,28,49,-21
28181,0,637,136,501
28182,0,16,26,-10
28183,0,25,10,15
28184,0,201,180,21
28185,0,1,0,1
28186,0,12,26,-14
28187,0,1092,69,1023
28188,0,23,81,-58
28190,0,76,26,50
28191,0,9,51,-42
28193,0,4,27,-23
28194,0,9,10,-1
28195,0,1073,1414,-341
28196,0,22,1,21
28197,0,855,437,418
28198,0,839,2533,-1694
28199,0,54,32,22
28200,0,24,17,7
28201,0,49,8,41
28202,0,193,186,7
28203,0,118,188,-70
28204,0,35,27,8
28206,0,25,12,13
28207,0,41,7,34
28208,0,3084,1883,1201
28209,0,3,163,-160
28210,0,20,9,11
28211,0,2246,1631,615
28212,0,37,118,-81
28213,0,64,41,23
28214,0,78,93,-15
28215,0,9,38,-29
28216,0,48,15,33
28219,0,9,16,-7
28220,0,50,75,-25
28222,0,2,3,-1
28223,0,74,64,10
28224,0,10,11,-1
28225,0,163,109,54
28226,0,2592,5261,-2669
28227,0,4975,6071,-1096
28228,0,7,7,0
28229,0,2,36,-34
28230,0,4,12,-8
28232,0,105,6,99
28233,0,1002,1326,-324
28234,0,132,124,8
28235,0,226,139,87
28236,0,143,147,-4
28237,0,348,274,74
28238,0,235,140,95
28240,0,247,358,-111
28241,0,23,112,-89
28242,0,27,68,-41
28243,0,20,51,-31
28244,0,41,4,37
28245,0,69,51,18
28246,0,8,65,-57
28247,0,124,104,20
28248,0,25,20,5
28249,0,73,129,-56
28250,0,3,46,-43
28252,0,691,116,575
28253,0,55,24,31
28254,0,11475,22352,-10877
28255,0,3,21,-18
28256,0,182,497,-315
28257,0,32,19,13
28258,0,54,57,-3
28260,0,324,635,-311
28261,0,2,11,-9
28263,0,190,123,67
28264,0,77,37,40
28265,0,161,117,44
28266,0,30,28,2
28267,0,27,63,-36
28268,0,107,181,-74
28269,0,20,18,2
28270,0,101,81,20
28271,0,110,86,24
28272,0,39,93,-54
28273,0,9,12,-3
28274,0,497,396,101
28276,0,96,202,-106
28277,0,12,27,-15
28278,0,67,44,23
28279,0,341,420,-79
28280,0,26,30,-4
28282,0,1183,2318,-1135
28283,0,11,2,9
28284,0,8,2,6
28285,0,13,7,6
28286,0,3126,2158,968
28287,0,29,5,24
28288,0,10232,9514,718
28290,0,8,185,-177
28291,0,8,23,-15
28292,0,22,18,4
28293,0,15,51,-36
28294,0,13,9,4
28295,0,23,153,-130
28296,0,1182,506,676
28297,0,57,91,-34
28298,0,56,115,-59
28299,0,14,11,3
28300,0,24,234,-210
28301,0,42,23,19
28302,0,89,32,57
28303,0,2245,1977,268
28304,0,110,89,21
28305,0,333,699,-366
28306,0,85,138,-53
28308,0,67,79,-12
28309,0,2,28,-26
28310,0,9,31,-22
28311,0,39,54,-15
28312,0,34,50,-16
28313,0,104,129,-25
28314,0,71,96,-25
28315,0,15,26,-11
28316,0,22,169,-147
28317,0,45,13,32
28318,0,10135,16734,-6599
28319,0,51,15,36
28320,0,64,125,-61
28321,0,8,31,-23
28322,0,1,14,-13
28323,0,91,131,-40
28324,0,91,33,58
28325,0,28,133,-105
28326,0,8,23,-15
28327,0,49,11,38
28328,0,8,2,6
28329,0,2,21,-19
28330,0,10,13,-3
28331,0,35,185,-150
28332,0,22,1,21
28333,0,45,27,18
28334,0,17,51,-34
28335,0,71,63,8
28336,0,21,31,-10
28337,0,27,25,2
28338,0,117,13,104
28339,0,111,229,-118
28340,0,147,15,132
28341,0,15,45,-30
28342,0,91,58,33
28343,0,28,9,19
28344,0,70,34,36
28345,0,18279,18292,-13
28346,0,7,7,0
28347,0,8,20,-12
28348,0,4386,2335,2051
28349,0,133,165,-32
28350,0,38,74,-36
28351,0,47,72,-25
28352,0,31,32,-1
28353,0,251,102,149
28354,0,93,65,28
28355,0,7216,9088,-1872
28356,0,253,126,127
28357,0,41,118,-77
28359,0,8,8,0
28360,0,13,26,-13
28361,0,147,151,-4
28363,0,405,922,-517
28364,0,3060,3430,-370
28365,0,624,359,265
28366,0,9,14,-5
28367,0,311,907,-596
28368,0,5,8,-3
28369,0,24,12,12
28370,0,20,48,-28
28371,0,1,8,-7
28372,0,15,25,-10
28373,0,5,16,-11
28374,0,4,9,-5
28375,0,63,79,-16
28376,0,18,56,-38
28377,0,33,150,-117
28378,0,14,9,5
28379,0,28,16,12
28380,0,31,29,2
28381,0,11,35,-24
28382,0,9,0,9
28383,0,8,9,-1
28384,0,26,78,-52
28385,0,6,5,1
28386,0,18,3,15
28387,0,4,10,-6
28388,0,45,11,34
28389,0,66,99,-33
28390,0,4,9,-5
28391,0,48,16,32
28392,0,68,58,10
28393,0,17,3,14
28394,0,57,645,-588
28395,0,32,28,4
28396,0,47,70,-23
28397,0,14,40,-26
28398,0,156,883,-727
28399,0,15,38,-23
28400,0,9,5,4
28401,0,22,39,-17
28402,0,3,17,-14
28403,0,5,27,-22
28404,0,38,17,21
28405,0,84,75,9
28406,0,632,145,487
28407,0,12,1,11
28408,0,14,16,-2
28409,0,30,17,13
28410,0,21,21,0
28411,0,7,5,2
28412,0,20,113,-93
28413,0,26,40,-14
28414,0,165,28,137
28415,0,15,13,2
28416,0,196,132,64
28417,0,116,11,105
28418,0,11,116,-105
28419,0,2288,2595,-307
28420,0,6,12,-6
28421,0,76,33,43
28422,0,24,96,-72
28423,0,4816,6038,-1222
28424,0,18,18,0
28425,0,1,28,-27
28426,0,31,5,26
28427,0,451,953,-502
28428,0,4888,1534,3354
28429,0,14,98,-84
28430,0,1,3,-2
28431,0,1205,366,839
28432,0,26,33,-7
28433,0,10,4,6
28434,0,2,4,-2
28435,0,31,100,-69
28436,0,344,351,-7
28438,0,3275,2490,785
28439,0,62,419,-357
28440,0,185,325,-140
28441,0,183,94,89
28442,0,19,66,-47
28443,0,50,119,-69
28444,0,103,167,-64
28445,0,323,60,263
28447,0,1409,445,964
28448,0,295,142,153
28449,0,1284,1610,-326
28450,0,89,77,12
28451,0,99,57,42
28452,0,3,98,-95
28453,0,12,7,5
28454,0,10,30,-20
28455,0,63,43,20
28456,0,14,2,12
28457,0,87,36,51
28458,0,535,207,328
28459,0,13,40,-27
28460,0,74,9,65
28461,0,74,35,39
28462,0,742,150,592
28463,0,24,30,-6
28464,0,9,7,2
28465,0,140,467,-327
28466,0,5,9,-4
28467,0,52,28,24
28468,0,75,102,-27
28469,0,9,18,-9
28470,0,3752,7043,-3291
28471,0,30,22,8
28472,0,103,129,-26
28473,0,46,30,16
28474,0,12,12,0
28475,0,1467,551,916
28476,0,468,55,413
28477,0,704,1797,-1093
28478,0,83,51,32
28479,0,43,13,30
28480,0,6,4,2
28482,0,4,19,-15
28483,0,6576,417,6159
28484,0,10774,2313,8461
28485,0,28,75,-47
28486,0,872,905,-33
28487,0,15,34,-19
28488,0,18,32,-14
28489,0,65,110,-45
28490,0,120,190,-70
28491,0,154,551,-397
28492,0,32,157,-125
28493,0,1,11,-10
28494,0,28,98,-70
28495,0,23,142,-119
28496,0,10,34,-24
28497,0,85,10,75
28498,0,73,137,-64
28499,0,177,236,-59
28500,0,22,21,1
28501,0,993,2242,-1249
28502,0,41,4,37
28503,0,10,11,-1
28504,0,24,6,18
28505,0,370,195,175
28506,0,36,23,13
28507,0,64,31,33
28508,0,242,182,60
28509,0,89,120,-31
28510,0,4,41,-37
28511,0,270,525,-255
28512,0,36,62,-26
28514,0,227,334,-107
28515,0,2,60,-58
28516,0,10,6,4
28517,0,688,244,444
28518,0,129,110,19
28519,0,915,1380,-465
28520,0,64,52,12
28521,0,14,13,1
28522,0,25,28,-3
28523,0,2626,7330,-4704
28524,0,42,44,-2
28525,0,235,145,90
28527,0,7,56,-49
28528,0,13,7,6
28529,0,207,843,-636
28530,0,185,133,52
28531,0,1,8,-7
28533,0,156,177,-21
28534,0,22,27,-5
28535,0,11,8,3
28536,0,96,45,51
28537,0,16,70,-54
28538,0,898,1066,-168
28539,0,13,3,10
28540,0,11,9,2
28541,0,25,27,-2
28542,0,1,12,-11
28543,0,7,60,-53
28544,0,229,159,70
28545,0,204,99,105
28546,0,7,27,-20
28547,0,20,51,-31
28548,0,43,74,-31
28549,0,125,358,-233
28550,0,53,292,-239
28551,0,180,12,168
28552,0,305,274,31
28553,0,203,257,-54
28554,0,97,30,67
28555,0,384,700,-316
28556,0,64,116,-52
28557,0,71,263,-192
28558,0,2041,6372,-4331
28561,0,16,10,6
28562,0,2170,6028,-3858
28563,0,9,52,-43
28564,0,65,35,30
28565,0,26,64,-38
28566,0,29,24,5
28567,0,1645,2030,-385
28568,0,28,120,-92
28569,0,149,230,-81
28572,0,2836,2074,762
28573,0,717,1171,-454
28574,0,29,24,5
28575,0,18,52,-34
28576,0,575,154,421
28577,0,4,63,-59
28578,0,54,126,-72
28580,0,243,175,68
28581,0,4,2,2
28582,0,45,76,-31
28583,0,1410,917,493
28584,0,167,65,102
28585,0,22,36,-14
28586,0,134,178,-44
28587,0,8,8,0
28588,0,249,452,-203
28589,0,9008,10628,-1620
28590,0,70,92,-22
28591,0,58,82,-24
28592,0,38,26,12
28593,0,212,232,-20
28594,0,35,36,-1
28595,0,3,5,-2
28596,0,1824,2309,-485
28597,0,8,19,-11
28598,0,24,31,-7
28599,0,109,67,42
28601,0,146,75,71
28602,0,89,83,6
28603,0,317,580,-263
28604,0,75,46,29
28605,0,92,231,-139
28606,0,29,191,-162
28607,0,16,84,-68
28608,0,33,20,13
28609,0,3,25,-22
28610,0,1067,732,335
28611,0,29,31,-2
28612,0,209,48,161
28613,0,40,91,-51
28614,0,324,118,206
28616,0,3,8,-5
28618,0,270,349,-79
28619,0,17,40,-23
28620,0,4,20,-16
28621,0,18,42,-24
28622,0,7,67,-60
28623,0,2495,6152,-3657
28624,0,482,438,44
28625,0,446,249,197
28626,0,8,15,-7
28627,0,25,23,2
28628,0,2,11,-9
28629,0,531,525,6
28630,0,14,56,-42
28631,0,34,104,-70
28632,0,75,81,-6
28633,0,26,115,-89
28634,0,1337,3148,-1811
28636,0,6,14,-8
28637,0,7,493,-486
28638,0,552,1172,-620
28639,0,39,98,-59
28640,0,52,77,-25
28641,0,20,23,-3
28642,0,26,12,14
28644,0,112,436,-324
28645,0,2,3,-1
28646,0,365,430,-65
28647,0,5,44,-39
28648,0,94,222,-128
28649,0,105,116,-11
28650,0,27,12,15
28651,0,190,206,-16
28652,0,139,394,-255
28653,0,7980,2176,5804
28654,0,2927,2543,384
28655,0,249,189,60
28656,0,32,60,-28
28657,0,1,10,-9
28658,0,13,93,-80
28659,0,1669,1803,-134
28660,0,12,51,-39
28661,0,113,244,-131
28662,0,185,76,109
28663,0,528,795,-267
28664,0,27,12,15
28665,0,25,27,-2
28666,0,2,6,-4
28667,0,5,21,-16
28668,0,166,331,-165
28669,0,109,299,-190
28670,0,162,309,-147
28671,0,269,248,21
28672,0,215,1012,-797
28673,0,40,7,33
28674,0,717,1074,-357
28677,0,77,69,8
28678,0,16,7,9
28679,0,76,110,-34
28680,0,18,25,-7
28681,0,107,69,38
28682,0,41,20,21
28683,0,2614,1670,944
28684,0,22,31,-9
28685,0,75,57,18
28686,0,2,13,-11
28687,0,388,74,314
28688,0,342,428,-86
28689,0,10,15,-5
28690,0,36,53,-17
28691,0,1316,1641,-325
28692,0,18,4,14
28693,0,73,32,41
28694,0,24,12,12
28695,0,654,6312,-5658
28696,0,70,75,-5
28697,0,163,81,82
28698,0,11,29,-18
28699,0,47,123,-76
28700,0,3056,5173,-2117
28701,0,25,56,-31
28702,0,108,56,52
28703,0,367,211,156
28704,0,33,19,14
28705,0,62,84,-22
28706,0,234,62,172
28707,0,175,287,-112
28708,0,198,281,-83
28709,0,5,3,2
28710,0,1327,2356,-1029
28711,0,2963,359,2604
28712,0,6,388,-382
28713,0,11,18,-7
28714,0,922,750,172
28715,0,48,128,-80
28717,0,273,104,169
28718,0,95,51,44
28719,0,37,23,14
28720,0,202,153,49
28721,0,251,110,141
28722,0,69,99,-30
28723,0,13,48,-35
28724,0,5244,2577,2667
28725,0,126,150,-24
28726,0,5,49,-44
28727,0,45,42,3
28728,0,17,39,-22
28729,0,67,280,-213
28730,0,22,40,-18
28731,0,43,78,-35
28732,0,42,955,-913
28733,0,43,45,-2
28734,0,1,7,-6
28735,0,87,99,-12
28736,0,44,94,-50
28737,0,117,54,63
28738,0,5,18,-13
28739,0,37,8,29
28740,0,31,39,-8
28741,0,10,16,-6
28742,0,44,13,31
28744,0,13,23,-10
28745,0,75,12,63
28746,0,42,141,-99
28747,0,43,35,8
28748,0,78,39,39
28749,0,99,106,-7
28750,0,10,0,10
28751,0,32,153,-121
28752,0,1477,1117,360
28753,0,75,270,-195
28754,0,96,207,-111
28755,0,38,60,-22
28756,0,12,20,-8
28757,0,15,48,-33
28758,0,67,51,16
28759,0,5,2,3
28760,0,97,46,51
28761,0,335,372,-37
28762,0,30,24,6
28763,0,25,22,3
28764,0,605,369,236
28765,0,51,49,2
28766,0,7,4,3
28767,0,16,1,15
28768,0,18,8,10
28769,0,6,2,4
28770,0,337,52,285
28771,0,192,1055,-863
28772,0,197,62,135
28773,0,23,4,19
28774,0,5,11,-6
28775,0,27,22,5
28776,0,5,33,-28
28777,0,2,0,2
28778,0,65,51,14
28779,0,9,11,-2
28780,0,8,10,-2
28781,0,610,146,464
28782,0,12,3,9
28783,0,68,112,-44
28784,0,3,9,-6
28785,0,12,3,9
28787,0,70,190,-120
28788,0,587,1151,-564
28789,0,201,119,82
28790,0,2,16,-14
28791,0,56,70,-14
28792,0,8,12,-4
28793,0,347,625,-278
28794,0,189,219,-30
28796,0,3,11,-8
28797,0,193,53,140
28798,0,57,17,40
28799,0,236,431,-195
28800,0,18,26,-8
28801,0,52,128,-76
28802,0,113,169,-56
28803,0,9,5,4
28804,0,6934,6399,535
28805,0,25,3,22
28806,0,3,3,0
28807,0,12,17,-5
28809,0,11852,864,10988
28810,0,8,48,-40
28811,0,277,206,71
28812,0,48,284,-236
28813,0,97,74,23
28814,0,7,21,-14
28815,0,228,167,61
28816,0,95,91,4
28817,0,2,17,-15
28818,0,95,122,-27
28819,0,9,40,-31
28820,0,252,355,-103
28821,0,66,120,-54
28822,0,51,26,25
28823,0,141,362,-221
28824,0,62,100,-38
28825,0,414,137,277
28826,0,25,15,10
28827,0,8479,9189,-710
28828,0,1,31,-30
28829,0,1340,2017,-677
28830,0,775,716,59
28832,0,241,426,-185
28833,0,28,32,-4
28834,0,430,153,277
28835,0,88,95,-7
28836,0,8,5,3
28837,0,105,130,-25
28838,0,190,432,-242
28839,0,139,106,33
28840,0,13,2,11
28841,0,95,151,-56
28842,0,634,474,160
28843,0,537,101,436
28844,0,556,1607,-1051
28845,0,58,130,-72
28847,0,21,68,-47
28848,0,8,34,-26
28849,0,45,32,13
28850,0,16,2,14
28851,0,209,175,34
28852,0,809,1474,-665
28853,0,24,35,-11
28854,0,15,53,-38
28855,0,632,195,437
28856,0,68,66,2
28858,0,3312,1289,2023
28859,0,2860,6741,-3881
28860,0,48,198,-150
28861,0,1582,1631,-49
28864,0,8,38,-30
28865,0,3715,3388,327
28866,0,237,229,8
28867,0,81,112,-31
28868,0,176,224,-48
28869,0,42,81,-39
28870,0,111,34,77
28871,0,14,39,-25
28873,0,1,3,-2
28874,0,101,59,42
28875,0,12,10,2
28876,0,22,9,13
28877,0,25,8,17
28878,0,21,30,-9
28879,0,37,72,-35
28880,0,7,9,-2
28881,0,179,216,-37
28883,0,413,625,-212
28884,0,85,232,-147
28885,0,9,2,7
28887,0,58,58,0
28888,0,6,41,-35
28889,0,102,29,73
28890,0,47,188,-141
28891,0,61,123,-62
28893,0,425,27,398
28894,0,107,229,-122
28895,0,70,71,-1
28896,0,3361,12,3349
28897,0,14,7,7
28898,0,44,71,-27
28900,0,52,30,22
28901,0,42,8,34
28902,0,5504,1058,4446
28903,0,5,7,-2
28904,0,96,65,31
28905,0,29,64,-35
28906,0,49,110,-61
28907,0,1654,3289,-1635
28908,0,190,328,-138
28909,0,32,42,-10
28910,0,2,15,-13
28911,0,228,200,28
28912,0,159,66,93
28913,0,9,70,-61
28914,0,115,153,-38
28916,0,88,75,13
28918,0,134,322,-188
28919,0,144,116,28
28920,0,159,149,10
28922,0,237,128,109
28923,0,19,6,13
28924,0,751,418,333
28925,0,42,118,-76
28926,0,5,2,3
28927,0,7,42,-35
28928,0,19,52,-33
28929,0,13,11,2
28930,0,51,112,-61
28931,0,64,297,-233
28932,0,666,140,526
28933,0,140,13,127
28934,0,258,15,243
28935,0,28,24,4
28936,0,922,951,-29
28937,0,2550,2109,441
28938,0,129,141,-12
28939,0,74,32,42
28940,0,254,94,160
28941,0,57,25,32
28942,0,68,303,-235
28943,0,15,12,3
28944,0,200,261,-61
28945,0,2634,5827,-3193
28946,0,100,63,37
28947,0,56,62,-6
28948,0,42,19,23
28949,0,12,7,5
28950,0,20,124,-104
28951,0,117,52,65
28952,0,81,82,-1
28953,0,7,45,-38
28954,0,154,34,120
28955,0,38,47,-9
28956,0,2,18,-16
28957,0,3627,3952,-325
28958,0,3,23,-20
28959,0,198,210,-12
28960,0,39,55,-16
28961,0,4,1,3
28962,0,9,52,-43
28963,0,36,57,-21
28964,0,2,37,-35
28965,0,54,43,11
28967,0,664,800,-136
28968,0,42,15,27
28969,0,538,1374,-836
28970,0,9,7,2
28971,0,345,289,56
28972,0,21,11,10
28973,0,55,26,29
28974,0,52,75,-23
28975,0,14,16,-2
28976,0,2,8,-6
28977,0,227,142,85
28978,0,7,18,-11
28979,0,47,100,-53
28980,0,349,321,28
28981,0,43,25,18
28982,0,1153,911,242
28983,0,56,57,-1
28984,0,100,16,84
28985,0,85,102,-17
28986,0,1,37,-36
28987,0,128,177,-49
28988,0,3,2,1
28989,0,143,106,37
28990,0,4,13,-9
28992,0,983,543,440
28993,0,20,31,-11
28994,0,16,8,8
28995,0,7397,2062,5335
28996,0,10,39,-29
28997,0,40,38,2
28998,0,2,2,0
28999,0,33,38,-5
29000,0,3,3,0
29001,0,12,43,-31
29002,0,49,78,-29
29003,0,809,1165,-356
29004,0,62,85,-23
29006,0,491,542,-51
29007,0,28,37,-9
29008,0,63,75,-12
29009,0,1237,316,921
29010,0,16,62,-46
29011,0,1246,2535,-1289
29013,0,37,43,-6
29014,0,208,194,14
29015,0,80,656,-576
29016,0,6775,3558,3217
29017,0,13,8,5
29018,0,18,15,3
29019,0,12,13,-1
29020,0,35,35,0
29021,0,32,4,28
29022,0,97,141,-44
29023,0,16,52,-36
29024,0,22,66,-44
29025,0,33,52,-19
29026,0,142,259,-117
29027,0,15,20,-5
29028,0,162,3056,-2894
29029,0,17,23,-6
29030,0,76,4,72
29031,0,3,17,-14
29032,0,3,22,-19
29033,0,91,209,-118
29034,0,10425,11074,-649
29035,0,30,27,3
29036,0,72,68,4
29037,0,370,261,109
29038,0,33,102,-69
29039,0,399,877,-478
29040,0,181,158,23
29041,0,51,162,-111
29042,0,2780,3780,-1000
29043,0,56,118,-62
29044,0,549,794,-245
29045,0,24,35,-11
29046,0,35,16,19
29047,0,234,418,-184
29048,0,118,202,-84
29049,0,344,446,-102
29050,0,7,19,-12
29051,0,23,54,-31
29053,0,30,34,-4
29054,0,7,25,-18
29055,0,8,13,-5
29056,0,144,94,50
29057,0,5,43,-38
29058,0,182,181,1
29059,0,646,616,30
29060,0,710,486,224
29061,0,19,19,0
29062,0,9576,19640,-10064
29063,0,7,7,0
29064,0,2,6,-4
29065,0,213,260,-47
29066,0,62,61,1
29067,0,1280,1682,-402
29068,0,17,24,-7
29069,0,23,41,-18
29070,0,58,18,40
29071,0,15,87,-72
29072,0,41,188,-147
29073,0,66,110,-44
29075,0,39,46,-7
29076,0,14,22,-8
29078,0,129,157,-28
29079,0,223,131,92
29080,0,17,12,5
29081,0,356,308,48
29082,0,7,12,-5
29083,0,11,13,-2
29084,0,118,115,3
29085,0,2,16,-14
29086,0,57,112,-55
29087,0,387,116,271
29088,0,3,1,2
29089,0,57,152,-95
29091,0,830,381,449
29092,0,8,116,-108
29093,0,165,349,-184
29094,0,328,45,283
29095,0,174,297,-123
29096,0,27,43,-16
29097,0,4,33,-29
29098,0,14,17,-3
29099,0,18,21,-3
29100,0,21,77,-56
29101,0,311,2211,-1900
29102,0,16,31,-15
29103,0,65,107,-42
29104,0,7,27,-20
29105,0,56,90,-34
29106,0,85,84,1
29107,0,2952,2820,132
29109,0,25,47,-22
29110,0,58,33,25
29111,0,226,126,100
29112,0,122,47,75
29113,0,155,174,-19
29114,0,149,254,-105
29115,0,117,241,-124
29116,0,2380,5229,-2849
29117,0,10,13,-3
29118,0,33,254,-221
29119,0,200,316,-116
29120,0,58,37,21
29121,0,306,98,208
29122,0,13,28,-15
29123,0,20,38,-18
29124,0,927,478,449
29125,0,16,0,16
29126,0,46,122,-76
29127,0,28,9,19
29128,0,29,48,-19
29129,0,850,242,608
29130,0,394,929,-535
29131,0,2,7,-5
29132,0,272,1606,-1334
29133,0,1,2,-1
29134,0,268,185,83
29135,0,31,70,-39
29136,0,6,5,1
29137,0,4139,2539,1600
29138,0,2,6,-4
29139,0,4,5,-1
29140,0,175,329,-154
29141,0,77,128,-51
29142,0,143,235,-92
29143,0,29,23,6
29144,0,485,97,388
29145,0,85,32,53
29146,0,176,20,156
29147,0,2,14,-12
29148,0,36,26,10
29149,0,149,34,115
29150,0,336,236,100
29151,0,99,15,84
29152,0,466,489,-23
29154,0,32,60,-28
29155,0,36,28,8
29156,0,521,773,-252
29157,0,67,24,43
29158,0,39,28,11
29160,0,3023,3900,-877
29161,0,9,9,0
29162,0,193,172,21
29163,0,240,13,227
29164,0,76,47,29
29165,0,3154,2484,670
29166,0,8,109,-101
29167,0,531,809,-278
29168,0,18,107,-89
29169,0,30,17,13
29170,0,15,27,-12
29171,0,158,1772,-1614
29172,0,87,67,20
29173,0,19,11,8
29174,0,6,26,-20
29175,0,94,166,-72
29176,0,50,101,-51
29177,0,3,1,2
29178,0,15,3,12
29179,0,51,45,6
29180,0,15,15,0
29181,0,36,16,20
29182,0,38,6,32
29183,0,148,120,28
29184,0,789,512,277
29185,0,55,25,30
29186,0,12,3,9
29187,0,4,8,-4
29188,0,3,11,-8
29189,0,14129,8327,5802
29190,0,7,59,-52
29191,0,375,203,172
29192,0,1808,1163,645
29193,0,58,102,-44
29194,0,227,173,54
29195,0,7,13,-6
29196,0,298,198,100
29197,0,30,49,-19
29198,0,180,79,101
29199,0,655,783,-128
29200,0,5,13,-8
29202,0,63,66,-3
29203,0,3527,4474,-947
29204,0,34,38,-4
29205,0,6,4,2
29206,0,7673,10468,-2795
29208,0,6353,4368,1985
29209,0,20,57,-37
29210,0,11,27,-16
29211,0,212,73,139
29212,0,37,97,-60
29214,0,43,23,20
29215,0,11,1,10
29216,0,3,10,-7
29217,0,139,331,-192
29218,0,79,26,53
29219,0,953,1596,-643
29220,0,5,7,-2
29221,0,510,116,394
29222,0,61,112,-51
29223,0,25,9,16
29224,0,1211,3133,-1922
29225,0,105,24,81
29226,0,29,69,-40
29227,0,76,56,20
29228,0,255,54,201
29229,0,16,87,-71
29230,0,20,47,-27
29231,0,336,407,-71
29232,0,41,62,-21
29233,0,29,66,-37
29234,0,2,5,-3
29235,0,56,70,-14
29236,0,43,52,-9
29237,0,67,72,-5
29238,0,788,1494,-706
29239,0,362,1011,-649
29240,0,1083,2120,-1037
29241,0,190,187,3
29242,0,17,63,-46
29243,0,5,1,4
29244,0,81,98,-17
29245,0,7,19,-12
29246,0,10,5,5
29247,0,5,44,-39
29248,0,1318,1592,-274
29249,0,5,11,-6
29250,0,31,102,-71
29251,0,1208,1083,125
29252,0,267,232,35
29253,0,25,47,-22
29254,0,9,18,-9
29255,0,48,7,41
29256,0,365,603,-238
29257,0,100,91,9
29258,0,349,508,-159
29259,0,13872,321925,-308053
29260,0,3,8,-5
29261,0,27,23,4
29262,0,3,26,-23
29263,0,5,17,-12
29264,0,154,383,-229
29265,0,141,94,47
29266,0,23,28,-5
29267,0,3,6,-3
29268,0,29,58,-29
29269,0,4,2,2
29270,0,12,24,-12
29271,0,31,22,9
29272,0,2146,5257,-3111
29273,0,41,128,-87
29274,0,199,105,94
29275,0,22,25,-3
29276,0,355,113,242
29277,0,31,88,-57
29278,0,20,33,-13
29279,0,4326,930,3396
29280,0,22,40,-18
29281,0,5,11,-6
29282,0,249,199,50
29283,0,2800,2578,222
29284,0,8,9,-1
29285,0,1035,991,44
29286,0,203,1347,-1144
29287,0,87,318,-231
29288,0,731,1242,-511
29289,0,36,104,-68
29291,0,59,31,28
29292,0,11,9,2
29293,0,6,14,-8
29294,0,426,398,28
29295,0,256,285,-29
29297,0,20,106,-86
29298,0,26,105,-79
29299,0,6,24,-18
29300,0,209,163,46
29301,0,63,77,-14
29302,0,1550,327,1223
29303,0,29,20,9
29304,0,34,13,21
29305,0,58,28,30
29306,0,282,340,-58
29307,0,66,22,44
29308,0,5,9,-4
29309,0,48,24,24
29310,0,221,473,-252
29311,0,26,60,-34
29312,0,19,17,2
29313,0,1162,178,984
29314,0,705,1253,-548
29315,0,27,98,-71
29316,0,9695,8981,714
29317,0,69,175,-106
29319,0,163,177,-14
29320,0,12,403,-391
29321,0,24,6,18
29322,0,11,4,7
29323,0,209,321,-112
29324,0,1,17,-16
29325,0,152,88,64
29326,0,5,46,-41
29327,0,29,22,7
29328,0,26,5,21
29329,0,45,42,3
29330,0,62,107,-45
29331,0,549,222,327
29333,0,36,39,-3
29334,0,117,11,106
29335,0,4,1,3
29336,0,34,33,1
29337,0,1,41,-40
29338,0,81,104,-23
29340,0,65,27,38
29341,0,26,83,-57
29342,0,57,30,27
29343,0,25,67,-42
29344,0,87,148,-61
29345,0,3,31,-28
29346,0,70,59,11
29347,0,155,26,129
29348,0,1348,1020,328
29349,0,3,21,-18
29350,0,62,289,-227
29351,0,129,58,71
29352,0,14,18,-4
29353,0,113,198,-85
29355,0,7,8,-1
29356,0,24,25,-1
29357,0,5,10,-5
29358,0,47,17,30
29359,0,7,7,0
29360,0,56,547,-491
29361,0,20,47,-27
29362,0,2118,4255,-2137
29363,0,49,58,-9
29364,0,10,46,-36
29365,0,61,129,-68
29367,0,514,24,490
29368,0,171,188,-17
29369,0,227,269,-42
29370,0,2105,1270,835
29371,0,68,138,-70
29372,0,115,95,20
29373,0,286,359,-73
29374,0,55,97,-42
29375,0,34,36,-2
29376,0,258,190,68
29377,0,1571,1342,229
29378,0,79,163,-84
29380,0,123,59,64
29381,0,411,1661,-1250
29382,0,15,18,-3
29383,0,20,8,12
29384,0,292,209,83
29385,0,89,37,52
29386,0,14,16,-2
29387,0,16,32,-16
29388,0,111,398,-287
29389,0,57,68,-11
29390,0,251,334,-83
29391,0,86,119,-33
29392,0,29,49,-20
29393,0,86,23,63
29394,0,35,22,13
29395,0,96,237,-141
29396,0,49,118,-69
29397,0,39,21,18
29398,0,3134,2763,371
29399,0,957,1203,-246
29400,0,14,32,-18
29401,0,23,13,10
29402,0,89,43,46
29403,0,2311,167,2144
29404,0,23,54,-31
29405,0,57,50,7
29406,0,78,92,-14
29407,0,20,31,-11
29408,0,34,28,6
29409,0,65,87,-22
29411,0,25,33,-8
29412,0,7,7,0
29413,0,35,20,15
29414,0,19,128,-109
29415,0,183,292,-109
29416,0,17,8,9
29417,0,22,15,7
29418,0,9,346,-337
29420,0,21,20,1
29421,0,28,25,3
29422,0,108,75,33
29423,0,174,75,99
29424,0,671,107,564
29425,0,109,127,-18
29426,0,4,53,-49
29427,0,143,249,-106
29428,0,138,17,121
29429,0,65,44,21
29430,0,9,6,3
29431,0,51,94,-43
29432,0,12,1,11
29433,0,4,9,-5
29434,0,389,270,119
29435,0,14,28,-14
29436,0,625,384,241
29437,0,141,896,-755
29438,0,152,54,98
29439,0,13,17,-4
29440,0,368,170,198
29442,0,23,12,11
29443,0,252,334,-82
29444,0,28,10,18
29445,0,128,417,-289
29446,0,29,41,-12
29447,0,15,28,-13
29448,0,1574,264,1310
29449,0,29,132,-103
29450,0,73,45,28
29451,0,73,19,54
29452,0,7,2,5
29453,0,79,77,2
29454,0,371,1867,-1496
29455,0,189,222,-33
29457,0,417,63,354
29458,0,27,48,-21
29459,0,1242,1053,189
29460,0,84,415,-331
29461,0,8,66,-58
29462,0,178,112,66
29463,0,11,16,-5
29464,0,481,704,-223
29465,0,72,112,-40
29466,0,7,13,-6
29467,0,22,22,0
29468,0,452,2903,-2451
29469,0,1078,1471,-393
29470,0,112,590,-478
29471,0,2,105,-103
29472,0,120,94,26
29473,0,36,56,-20
29474,0,145,372,-227
29475,0,11,25,-14
29476,0,5,10,-5
29477,0,128,108,20
29478,0,14,32,-18
29479,0,780,708,72
29480,0,200,212,-12
29481,0,14,17,-3
29482,0,1890,1583,307
29483,0,7,51,-44
29484,0,19,33,-14
29485,0,559,154,405
29486,0,24,10,14
29487,0,25,50,-25
29488,0,20,23,-3
29491,0,20,100,-80
29492,0,383,61,322
29493,0,1,4,-3
29494,0,6481,7515,-1034
29495,0,72,38,34
29496,0,511,708,-197
29497,0,29,84,-55
29498,0,31,12,19
29499,0,53,37,16
29500,0,84,203,-119
29501,0,960,945,15
29502,0,53,69,-16
29503,0,28,29,-1
29504,0,73,304,-231
29505,0,536,230,306
29506,0,72,160,-88
29507,0,104,48,56
29508,0,5,62,-57
29509,0,18,8,10
29510,0,291,431,-140
29511,0,5,9,-4
29512,0,1133,1343,-210
29513,0,5,3,2
29514,0,36,16,20
29515,0,2625,3944,-1319
29516,0,120,1461,-1341
29517,0,295,279,16
29518,0,84,55,29
29519,0,165,233,-68
29520,0,34,44,-10
29521,0,1,8,-7
29522,0,6,98,-92
29523,0,3,4,-1
29524,0,16,7,9
29525,0,22,41,-19
29526,0,50,46,4
29527,0,86,120,-34
29528,0,1,26,-25
29529,0,4636,3710,926
29530,0,3,21,-18
29531,0,29,19,10
29532,0,158,465,-307
29533,0,2739,2560,179
29534,0,65,11,54
29535,0,6,26,-20
29536,0,38,53,-15
29537,0,32,65,-33
29538,0,17,10,7
29539,0,24,18,6
29540,0,45,3,42
29541,0,156,109,47
29542,0,10,5,5
29543,0,5682,779,4903
29544,0,165,58,107
29547,0,36,20,16
29548,0,11,10,1
29549,0,181,668,-487
29550,0,62,178,-116
29552,0,559,369,190
29554,0,213,529,-316
29555,0,29,13,16
29556,0,6,2,4
29557,0,107,56,51
29558,0,6,32,-26
29560,0,11,44,-33
29561,0,25,13,12
29562,0,46,13,33
29563,0,3,10,-7
29564,0,975,179,796
29565,0,43,2,41
29566,0,36,103,-67
29567,0,50,49,1
29568,0,53,25,28
29569,0,9,3,6
29570,0,445,388,57
29571,0,11,41,-30
29572,0,6,15,-9
29573,0,53,11,42
29574,0,8,157,-149
29575,0,12,83,-71
29577,0,11,9,2
29579,0,11,14,-3
29580,0,11,33,-22
29581,0,488,210,278
29582,0,96,256,-160
29583,0,77,43,34
29584,0,112,60,52
29585,0,139,23,116
29587,0,1917,5570,-3653
29588,0,12,14,-2
29589,0,5,0,5
29590,0,9,48,-39
29591,0,24,28,-4
29592,0,174,137,37
29593,0,83,156,-73
29594,0,1496,434,1062
29595,0,138,98,40
29596,0,36,1,35
29597,0,346,26,320
29598,0,15,14,1
29599,0,2416,3172,-756
29600,0,7568,17040,-9472
29601,0,3,33,-30
29602,0,1986,2924,-938
29603,0,157,34,123
29604,0,662,695,-33
29605,0,9,21,-12
29607,0,12,59,-47
29608,0,16,76,-60
29609,0,97,279,-182
29611,0,195,186,9
29612,0,13,1,12
29613,0,443,541,-98
29614,0,35,75,-40
29615,0,632,126,506
29616,0,28,2,26
29618,0,1174,401,773
29619,0,47,44,3
29620,0,9,61,-52
29621,0,48,5,43
29623,0,115,490,-375
29624,0,58,56,2
29625,0,91,69,22
29626,0,81,75,6
29627,0,927,1412,-485
29628,0,28,43,-15
29629,0,27,49,-22
29631,0,82,647,-565
29632,0,7655,4374,3281
29633,0,69,38,31
29634,0,13,259,-246
29635,0,8,6,2
29636,0,12,12,0
29637,0,1226,969,257
29638,0,479,588,-109
29639,0,47,85,-38
29640,0,40,49,-9
29642,0,1077,320,757
29643,0,61,16,45
29644,0,6,10,-4
29645,0,54,13,41
29646,0,15,128,-113
29647,0,924,429,495
29648,0,3,14,-11
29649,0,38,105,-67
29651,0,20,35,-15
29652,0,41,48,-7
29653,0,127,10,117
29655,0,141,93,48
29657,0,22,28,-6
29658,0,21,33,-12
29659,0,30,31,-1
29660,0,224,106,118
29661,0,84,794,-710
29662,0,112,139,-27
29663,0,39,13,26
29664,0,286,382,-96
29666,0,8385,10559,-2174
29667,0,257,752,-495
29668,0,4719,1619,3100
29669,0,4,2,2
29670,0,357,1391,-1034
29671,0,921,1178,-257
29673,0,2,11,-9
29674,0,33,15,18
29675,0,968,753,215
29676,0,306,194,112
29677,0,274,377,-103
29678,0,3,15,-12
29679,0,35,89,-54
29681,0,39,88,-49
29682,0,710,14,696
29684,0,19,13,6
29685,0,11,21,-10
29687,0,38,22,16
29688,0,35,6,29
29689,0,3687,4119,-432
29691,0,58,47,11
29692,0,306,557,-251
29693,0,1,12,-11
29694,0,1930,1685,245
29695,0,127,68,59
29696,0,394,221,173
29698,0,31,28,3
29699,0,328,488,-160
29700,0,133,271,-138
29701,0,164,161,3
29702,0,3023,3824,-801
29704,0,6,2,4
29705,0,6,67,-61
29706,0,85,294,-209
29707,0,35,31,4
29708,0,45,66,-21
29709,0,36,49,-13
29710,0,29,63,-34
29711,0,73,34,39
29712,0,34,41,-7
29713,0,3021,1664,1357
29714,0,4,14,-10
29715,0,299,355,-56
29716,0,11,14,-3
29717,0,2947,4094,-1147
29718,0,2,9,-7
29719,0,13,56,-43
29720,0,124,144,-20
29721,0,3094,1981,1113
29722,0,5119,5691,-572
29723,0,2,4,-2
29724,0,228,352,-124
29725,0,8,21,-13
29726,0,2,64,-62
29728,0,33,38,-5
29729,0,24,99,-75
29730,0,63,104,-41
29731,0,11,25,-14
29732,0,41,47,-6
29733,0,12,25,-13
29734,0,21,51,-30
29735,0,51,17,34
29736,0,100,85,15
29737,0,66,40,26
29738,0,712,338,374
29739,0,13,24,-11
29740,0,11,24,-13
29741,0,117,35,82
29742,0,6,358,-352
29743,0,59,183,-124
29744,0,170,342,-172
29745,0,220,1874,-1654
29747,0,53,91,-38
29748,0,259,985,-726
29749,0,6,15,-9
29750,0,2,22,-20
29751,0,46,49,-3
29752,0,233,457,-224
29753,0,65,149,-84
29754,0,44,16,28
29755,0,47,114,-67
29756,0,90,36,54
29757,0,1,1,0
29758,0,27,15,12
29759,0,18,11,7
29760,0,30,26,4
29761,0,47,19,28
29762,0,326,139,187
29763,0,8,53,-45
29764,0,6,7,-1
29766,0,26,27,-1
29767,0,6,22,-16
29768,0,5,8,-3
29769,0,82,89,-7
29770,0,9,17,-8
29771,0,688,167,521
29772,0,79,212,-133
29773,0,48,61,-13
29774,0,15,47,-32
29775,0,8,15,-7
29776,0,167,804,-637
29777,0,303,479,-176
29778,0,137,177,-40
29779,0,37,56,-19
29780,0,309,780,-471
29781,0,606,1071,-465
29782,0,99,187,-88
29783,0,140,12,128
29784,0,16,2,14
29785,0,146,11,135
29786,0,15,4,11
29788,0,69,209,-140
29789,0,899,260,639
29790,0,187,285,-98
29791,0,40,11,29
29792,0,12,5,7
29793,0,76,57,19
29794,0,16,387,-371
29795,0,208,127,81
29796,0,270,288,-18
29797,0,4,2,2
29798,0,28,2,26
29799,0,45,86,-41
29800,0,28,93,-65
29801,0,73,25,48
29802,0,4238,6128,-1890
29803,0,96,140,-44
29804,0,64,31,33
29805,0,509,348,161
29806,0,85,81,4
29807,0,185,397,-212
29808,0,15,31,-16
29809,0,26,23,3
29810,0,53,19,34
29811,0,3,1,2
29812,0,124,87,37
29813,0,74,94,-20
29814,0,149,182,-33
29815,0,129,67,62
29816,0,1052,1241,-189
29817,0,566,649,-83
29818,0,138,9,129
29819,0,2,4,-2
29820,0,117,181,-64
29821,0,4,13,-9
29822,0,163,210,-47
29823,0,104,62,42
29824,0,11,155,-144
29825,0,23,12,11
29826,0,9,35,-26
29827,0,38,81,-43
29828,0,74,227,-153
29829,0,2437,2390,47
29830,0,63,580,-517
29831,0,2,2,0
29832,0,42,11,31
29833,0,122,9,113
29834,0,53,184,-131
29835,0,309,383,-74
29836,0,7,47,-40
29837,0,77,77,0
29838,0,24,25,-1
29839,0,417,461,-44
29840,0,2,45,-43
29841,0,14,24,-10
29842,0,933,51,882
29844,0,20,8,12
29845,0,106,45,61
29846,0,34,64,-30
29847,0,47,127,-80
29848,0,225,156,69
29849,0,314,635,-321
29850,0,256,733,-477
29851,0,1279,802,477
29852,0,25,117,-92
29853,0,93,128,-35
29854,0,52,35,17
29855,0,4003,6159,-2156
29856,0,29,101,-72
29857,0,67,151,-84
29858,0,95,354,-259
29860,0,7,183,-176
29861,0,246,279,-33
29862,0,33,53,-20
29864,0,10,14,-4
29865,0,4,4,0
29866,0,45,31,14
29867,0,236,351,-115
29868,0,846,2139,-1293
29869,0,11,24,-13
29870,0,2,0,2
29873,0,17,99,-82
29874,0,46,60,-14
29875,0,7,49,-42
29876,0,79,15,64
29877,0,174,83,91
29878,0,292,277,15
29880,0,73,207,-134
29881,0,10,18,-8
29882,0,7,5,2
29883,0,33,27,6
29884,0,17,17,0
29885,0,22,49,-27
29886,0,514,106,408
29887,0,59,88,-29
29888,0,2536,3817,-1281
29889,0,10,177,-167
29890,0,26,66,-40
29891,0,60,80,-20
29892,0,1346,246,1100
29893,0,18,21,-3
29894,0,22,31,-9
29895,0,19,13,6
29896,0,42,46,-4
29898,0,10,14,-4
29899,0,512,20,492
29900,0,325,276,49
29901,0,106,45,61
29902,0,101,74,27
29903,0,70,59,11
29904,0,305,201,104
29905,0,1612,2048,-436
29906,0,231,444,-213
29907,0,44,61,-17
29908,0,7,1,6
29909,0,947,1114,-167
29910,0,135,78,57
29911,0,430,170,260
29912,0,1960,2378,-418
29913,0,2812,965,1847
29915,0,56,29,27
29916,0,4,16,-12
29917,0,4,9,-5
29918,0,38,13,25
29919,0,2,38,-36
29920,0,5,62,-57
29921,0,18,8,10
29922,0,49,120,-71
29923,0,533,402,131
29924,0,3,8,-5
29925,0,26,80,-54
29927,0,305,214,91
29928,0,48,53,-5
29929,0,232,36,196
29930,0,75,68,7
29931,0,41,17,24
29932,0,1878,536,1342
29933,0,1,14,-13
29934,0,48,80,-32
29935,0,4,6,-2
29936,0,111,98,13
29937,0,1839,3189,-1350
29938,0,186,95,91
29939,0,2,1,1
29940,0,10,14,-4
29941,0,62,53,9
29942,0,34,22,12
29943,0,305,85,220
29944,0,79,29,50
29945,0,40,8,32
29946,0,95,15,80
29947,0,14,52,-38
29948,0,27,9,18
29950,0,97,54,43
29951,0,1256,922,334
29952,0,24,29,-5
29953,0,98,301,-203
29955,0,8842,15761,-6919
29956,0,401,393,8
29958,0,64,11,53
29959,0,145,152,-7
29961,0,20,93,-73
29962,0,85,90,-5
29963,0,80,54,26
29964,0,15,15,0
29965,0,170,180,-10
29966,0,92,49,43
29967,0,137,108,29
29968,0,2,2,0
29969,0,48,101,-53
29970,0,196,161,35
29971,0,72,7,65
29972,0,43,24,19
29973,0,18,181,-163
29974,0,365,611,-246
29975,0,187,238,-51
29976,0,16,3,13
29977,0,20,7,13
29978,0,2,7,-5
29979,0,18,61,-43
29980,0,12,24,-12
29981,0,174,30,144
29982,0,1676,2955,-1279
29983,0,16,48,-32
29984,0,39,210,-171
29985,0,3,3,0
29986,0,4,77,-73
29987,0,21,17,4
29988,0,2,16,-14
29989,0,68,168,-100
29990,0,61,64,-3
29991,0,53,118,-65
29992,0,7,22,-15
29994,0,34,24,10
29995,0,4,1,3
29996,0,29,115,-86
29997,0,15,11,4
29998,0,144,201,-57
29999,0,75,144,-69
30000,0,125762,125679,83
30001,0,170,61,109
30003,0,1793,332,1461
30004,0,112,87,25
30005,0,122,74,48
30006,0,112,69,43
30007,0,130,350,-220
30008,0,114,330,-216
30009,0,5,24,-19
30010,0,5,9,-4
30011,0,16,31,-15
30012,0,107,58,49
30013,0,10,30,-20
30014,0,105,44,61
30015,0,1010,3259,-2249
30016,0,38,35,3
30017,0,94,51,43
30018,0,14,14,0
30019,0,106,145,-39
30020,0,2,50,-48
30021,0,38,80,-42
30022,0,3113,722,2391
30023,0,10,36,-26
30024,0,2,1,1
30025,0,194,99,95
30026,0,41,104,-63
30027,0,40,40,0
30028,0,47,90,-43
30029,0,40,13,27
30030,0,14,19,-5
30031,0,114,125,-11
30032,0,237,396,-159
30033,0,64,88,-24
30034,0,415,424,-9
30035,0,17,70,-53
30036,0,339,61,278
30037,0,1397,668,729
30038,0,44,49,-5
30039,0,20,3,17
30040,0,8,1,7
30041,0,17,63,-46
30042,0,400,959,-559
30043,0,51,54,-3
30044,0,2776,1091,1685
30045,0,358,90,268
30046,0,28,50,-22
30047,0,40,8,32
30048,0,215,133,82
30049,0,26,54,-28
30050,0,18,38,-20
30051,0,47,2,45
30052,0,73,215,-142
30053,0,12,40,-28
30055,0,128,220,-92
30056,0,290,943,-653
30057,0,40,53,-13
30058,0,1,30,-29
30059,0,20,78,-58
30060,0,84,53,31
30061,0,7210,5066,2144
30062,0,4,2,2
30063,0,24,20,4
30064,0,280,782,-502
30065,0,244,177,67
30066,0,760,614,146
30067,0,51,108,-57
30069,0,18,33,-15
30070,0,6,83,-77
30072,0,21,180,-159
30073,0,356,742,-386
30074,0,32,19,13
30075,0,25,73,-48
30076,0,3746,5319,-1573
30077,0,69,34,35
30078,0,1,17,-16
30079,0,1,17,-16
30080,0,662,595,67
30081,0,77,195,-118
30082,0,120,122,-2
30083,0,7,13,-6
30084,0,36,11,25
30085,0,247,250,-3
30086,0,2326,2749,-423
30087,0,8,78,-70
30088,0,3,49,-46
30089,0,1713,3374,-1661
30090,0,4,23,-19
30091,0,112,180,-68
30092,0,1129,621,508
30093,0,31,44,-13
30094,0,6,5,1
30095,0,49,44,5
30096,0,89,6,83
30097,0,1008,946,62
30099,0,1,5,-4
30100,0,6,52,-46
30101,0,101,6,95
30102,0,11,39,-28
30103,0,11,27,-16
30104,0,4,4,0
30105,0,370,219,151
30106,0,99,77,22
30108,0,9,7,2
30110,0,119,68,51
30111,0,23,56,-33
30112,0,9,3,6
30113,0,6023,7465,-1442
30115,0,600,771,-171
30116,0,15,26,-11
30117,0,204,133,71
30118,0,21,12,9
30119,0,2,10,-8
30120,0,550,868,-318
30121,0,25,46,-21
30122,0,6,18,-12
30123,0,26,19,7
30124,0,197,227,-30
30125,0,167,219,-52
30126,0,4,33,-29
30127,0,7,15,-8
30128,0,97,163,-66
30129,0,56,31,25
30131,0,43,190,-147
30132,0,3,43,-40
30133,0,431,340,91
30134,0,152,36,116
30135,0,58,66,-8
30136,0,748,1194,-446
30137,0,11,14,-3
30138,0,91,81,10
30139,0,38,54,-16
30140,0,55,87,-32
30141,0,2,15,-13
30142,0,5,51,-46
30143,0,22,85,-63
30144,0,94,215,-121
30145,0,8,1,7
30146,0,24,18,6
30148,0,23,48,-25
30149,0,11,25,-14
30151,0,13,4,9
30152,0,340,372,-32
30153,0,13,87,-74
30155,0,42,35,7
30156,0,122,107,15
30157,0,391,1393,-1002
30158,0,19,21,-2
30159,0,25,36,-11
30160,0,897,759,138
30161,0,51,60,-9
30162,0,61,166,-105
30163,0,32,12,20
30164,0,98,164,-66
30165,0,3190,6063,-2873
30166,0,22,16,6
30167,0,57,227,-170
30168,0,56,46,10
30169,0,87,133,-46
30170,0,1,50,-49
30171,0,191,87,104
30173,0,76,24,52
30174,0,122,110,12
30175,0,90,192,-102
30176,0,2,7,-5
30177,0,129,327,-198
30178,0,17,17,0
30179,0,16,11,5
30180,0,195,335,-140
30181,0,6,21,-15
30182,0,25,24,1
30184,0,140,163,-23
30185,0,40,113,-73
30186,0,94,160,-66
30187,0,44,57,-13
30188,0,10,9,1
30189,0,996,959,37
30190,0,10,63,-53
30191,0,1395,67,1328
30192,0,15,21,-6
30193,0,145,96,49
30194,0,4433,6307,-1874
30195,0,3327,4721,-1394
30197,0,109,97,12
30199,0,11,18,-7
30200,0,10,23,-13
30201,0,51,1,50
30202,0,17,44,-27
30203,0,107,89,18
30204,0,3439,3032,407
30206,0,16,41,-25
30207,0,42,126,-84
30208,0,477,192,285
30209,0,41,31,10
30210,0,989,304,685
30211,0,62,51,11
30212,0,6,13,-7
30213,0,12,16,-4
30214,0,6,12,-6
30215,0,18,45,-27
30216,0,23,15,8
30217,0,31,56,-25
30218,0,539,208,331
30219,0,13,143,-130
30220,0,14,55,-41
30221,0,151,19,132
30222,0,26,20,6
30223,0,24,4,20
30224,0,25,6,19
30225,0,43,33,10
30226,0,540,1358,-818
30227,0,120,125,-5
30228,0,18,55,-37
30229,0,56,56,0
30230,0,91,71,20
30231,0,33,69,-36
30232,0,27,45,-18
30233,0,29,72,-43
30234,0,2,60,-58
30235,0,8,38,-30
30236,0,123,40,83
30237,0,43,73,-30
30238,0,211,1224,-1013
30239,0,27,44,-17
30240,0,39,1,38
30241,0,4233,5986,-1753
30242,0,24,14,10
30243,0,2443,3118,-675
30244,0,1,3,-2
30245,0,171,290,-119
30246,0,30,30,0
30247,0,150,54,96
30248,0,15,1,14
30249,0,20,18,2
30250,0,260,275,-15
30251,0,72,10,62
30252,0,63,76,-13
30253,0,12,7,5
30254,0,44,109,-65
30255,0,231,76,155
30256,0,29,25,4
30257,0,7,29,-22
30258,0,25,17,8
30259,0,212,105,107
30260,0,22,18,4
30261,0,24,51,-27
30262,0,21,32,-11
30263,0,427,289,138
30264,0,45,40,5
30265,0,12,15,-3
30266,0,3,12,-9
30267,0,19,39,-20
30268,0,13,45,-32
30269,0,56,95,-39
30270,0,69,54,15
30272,0,106,91,15
30273,0,30,13,17
30274,0,94,56,38
30275,0,4,6,-2
30276,0,86,27,59
30277,0,21,45,-24
30278,0,176,435,-259
30279,0,23,19,4
30280,0,36,14,22
30281,0,10,28,-18
30282,0,163,111,52
30283,0,1,18,-17
30284,0,478,42,436
30285,0,24,40,-16
30286,0,45,69,-24
30287,0,6,3,3
30288,0,55,17,38
30289,0,3,3,0
30290,0,1704,2515,-811
30291,0,10,4,6
30292,0,44,87,-43
30293,0,12,5,7
30294,0,37,47,-10
30295,0,49,58,-9
30296,0,56,60,-4
30297,0,172,18,154
30298,0,4,8,-4
30299,0,120,113,7
30300,0,2,8,-6
30301,0,476,735,-259
30302,0,577,500,77
30303,0,109,356,-247
30304,0,48,44,4
30305,0,8,6,2
30306,0,163,456,-293
30308,0,720,1619,-899
30309,0,72,193,-121
30310,0,2,29,-27
30311,0,26,7,19
30312,0,339,129,210
30313,0,61,51,10
30314,0,183,162,21
30315,0,102,148,-46
30316,0,1,4,-3
30317,0,150,20,130
30319,0,4,14,-10
30320,0,65,75,-10
30321,0,221,478,-257
30322,0,1120,3483,-2363
30323,0,62,124,-62
30324,0,10,36,-26
30325,0,74,71,3
30327,0,329,158,171
30328,0,52,26,26
30329,0,86,97,-11
30330,0,59,84,-25
30331,0,21,96,-75
30332,0,11,12,-1
30333,0,687,591,96
30334,0,2011,2004,7
30335,0,59,29,30
30336,0,25,33,-8
30337,0,29,17,12
30338,0,1706,2491,-785
30339,0,28,67,-39
30340,0,12,55,-43
30342,0,1128,1833,-705
30343,0,248,100,148
30344,0,580,63,517
30345,0,28,48,-20
30346,0,9,42,-33
30347,0,16,4,12
30348,0,1,1,0
30349,0,2880,3062,-182
30350,0,40,28,12
30351,0,84,29,55
30352,0,73,150,-77
30353,0,7357,7521,-164
30354,0,20,8,12
30355,0,299,34,265
30356,0,25,18,7
30357,0,249,541,-292
30358,0,20,80,-60
30359,0,65,14,51
30361,0,22,8,14
30362,0,22,3,19
30363,0,609,344,265
30364,0,4,13,-9
30366,0,77,80,-3
30367,0,130,43,87
30368,0,116,1058,-942
30369,0,505,196,309
30370,0,64,78,-14
30371,0,11,64,-53
30372,0,14,76,-62
30373,0,129,112,17
30374,0,4,20,-16
30375,0,2,19,-17
30376,0,45,124,-79
30377,0,162,101,61
30378,0,6568,4882,1686
30380,0,184,109,75
30381,0,368,682,-314
30383,0,3,56,-53
30384,0,12,14,-2
30385,0,12,9,3
30386,0,7,103,-96
30387,0,10,28,-18
30388,0,1,4,-3
30389,0,4,7,-3
30390,0,7,6,1
30391,0,33,658,-625
30392,0,12,7,5
30393,0,8,21,-13
30394,0,5019,1659,3360
30395,0,52,13,39
30396,0,3,38,-35
30397,0,1252,3019,-1767
30398,0,229,34,195
30399,0,54,80,-26
30400,0,204,155,49
30401,0,375,225,150
30402,0,244,65,179
30403,0,925,163,762
30404,0,22,5,17
30405,0,21,28,-7
30406,0,558,1877,-1319
30407,0,92,133,-41
30408,0,112,131,-19
30409,0,401,3527,-3126
30411,0,46,80,-34
30413,0,3,12,-9
30414,0,6,9,-3
30415,0,7,22,-15
30416,0,234,87,147
30417,0,14,12,2
30418,0,29,3,26
30420,0,8,36,-28
30421,0,467,228,239
30423,0,3,13,-10
30424,0,2,5,-3
30425,0,122,782,-660
30426,0,3,102,-99
30427,0,358,61,297
30428,0,342,235,107
30429,0,48,50,-2
30430,0,875,625,250
30431,0,1,32,-31
30432,0,3,14,-11
30433,0,2035,2095,-60
30434,0,2118,869,1249
30435,0,24,35,-11
30436,0,62,42,20
30437,0,69,55,14
30438,0,16871,14208,2663
30439,0,53,39,14
30440,0,8,11,-3
30441,0,40,44,-4
30442,0,73,155,-82
30443,0,92,94,-2
30444,0,41,28,13
30445,0,3,13,-10
30446,0,27,85,-58
30448,0,225,65,160
30449,0,7,121,-114
30450,0,46,36,10
30451,0,68,55,13
30452,0,102,234,-132
30453,0,6,14,-8
30454,0,82,147,-65
30455,0,163,198,-35
30456,0,26,43,-17
30457,0,6,36,-30
30459,0,3252,4405,-1153
30460,0,167,49,118
30462,0,368,582,-214
30463,0,4,8,-4
30464,0,37,63,-26
30465,0,347,778,-431
30466,0,45,20,25
30467,0,38,7,31
30468,0,467,873,-406
30469,0,53,45,8
30470,0,2862,1146,1716
30471,0,124,106,18
30472,0,2,33,-31
30473,0,19,94,-75
30474,0,8,5,3
30475,0,1954,2004,-50
30476,0,868,1200,-332
30477,0,40,297,-257
30478,0,44,41,3
30479,0,159,57,102
30480,0,42,96,-54
30481,0,10,12,-2
30482,0,5725,283,5442
30483,0,23,69,-46
30484,0,116,50,66
30485,0,113,13,100
30486,0,1,36,-35
30487,0,5,1,4
30488,0,200,100,100
30489,0,13,9,4
30490,0,240,136,104
30492,0,36,27,9
30493,0,3788,1538,2250
30494,0,1220,906,314
30497,0,22,35,-13
30498,0,26,46,-20
30499,0,295,70,225
30500,0,34,23,11
30501,0,40,75,-35
30502,0,2,1,1
30503,0,205,1759,-1554
30504,0,633,3667,-3034
30505,0,285,660,-375
30506,0,44,108,-64
30507,0,421,222,199
30508,0,24,41,-17
30509,0,9,4,5
30510,0,6028,6926,-898
30511,0,511,1002,-491
30512,0,13,47,-34
30513,0,32,55,-23
30514,0,47,24,23
30515,0,416,222,194
30516,0,213,349,-136
30517,0,5,9,-4
30520,0,88,122,-34
30521,0,1146,1778,-632
30522,0,168,140,28
30523,0,33,61,-28
30524,0,13,10,3
30525,0,12,18,-6
30526,0,1,1,0
30527,0,437,377,60
30528,0,73,247,-174
30529,0,23,45,-22
30530,0,7,12,-5
30531,0,149,228,-79
30532,0,46,89,-43
30533,0,21,15,6
30535,0,17,16,1
30536,0,9,43,-34
30537,0,453,197,256
30538,0,7,11,-4
30539,0,260,166,94
30540,0,2355,5771,-3416
30541,0,730,1058,-328
30542,0,42,8,34
30543,0,7,5,2
30545,0,16,31,-15
30546,0,61,75,-14
30547,0,235,231,4
30548,0,76,72,4
30549,0,2267,4455,-2188
30550,0,1521,3290,-1769
30551,0,8,3,5
30552,0,78,226,-148
30553,0,582,804,-222
30554,0,47,22,25
30555,0,4,25,-21
30556,0,75,58,17
30557,0,433,557,-124
30558,0,370,435,-65
30559,0,288,32,256
30560,0,27,477,-450
30561,0,632,532,100
30562,0,317,364,-47
30563,0,8,7,1
30564,0,49,58,-9
30565,0,1614,73,1541
30566,0,608,945,-337
30567,0,7,87,-80
30568,0,16,24,-8
30569,0,1450,1041,409
30570,0,6,19,-13
30571,0,113,20,93
30572,0,32,104,-72
30573,0,39,36,3
30574,0,2,2,0
30575,0,13,17,-4
30576,0,1537,214,1323
30577,0,31,4,27
30578,0,5,6,-1
30579,0,76,96,-20
30580,0,183,255,-72
30582,0,28,12,16
30583,0,34,31,3
30584,0,100,74,26
30585,0,243,244,-1
30586,0,57,69,-12
30587,0,213,131,82
30588,0,39,73,-34
30589,0,30,62,-32
30590,0,117,136,-19
30591,0,96,23,73
30592,0,318,303,15
30593,0,14,20,-6
30594,0,66,193,-127
30595,0,17,52,-35
30596,0,467,273,194
30597,0,137,176,-39
30598,0,74,32,42
30599,0,156,167,-11
30600,0,27,47,-20
30601,0,22,70,-48
30602,0,95,144,-49
30603,0,134,70,64
30604,0,333,366,-33
30605,0,11,13,-2
30606,0,42,308,-266
30607,0,132,312,-180
30608,0,25,38,-13
30609,0,6,7,-1
30610,0,144,304,-160
30611,0,85,76,9
30612,0,3,9,-6
30613,0,5267,5631,-364
30614,0,11,8,3
30615,0,23,111,-88
30616,0,5,0,5
30617,0,2,20,-18
30618,0,315,341,-26
30619,0,13,2,11
30620,0,443,200,243
30621,0,21,17,4
30622,0,1,2,-1
30623,0,15,19,-4
30624,0,105,160,-55
30625,0,10,36,-26
30626,0,43,26,17
30627,0,40,86,-46
30628,0,61,46,15
30629,0,31,4,27
30630,0,12,12,0
30631,0,1,28,-27
30632,0,675,200,475
30634,0,166,239,-73
30635,0,448,378,70
30636,0,27,32,-5
30637,0,1,4,-3
30638,0,107,66,41
30639,0,12,33,-21
30640,0,15,37,-22
30641,0,64,15,49
30642,0,6,19,-13
30643,0,43,26,17
30644,0,26,55,-29
30645,0,251,263,-12
30646,0,5282,4842,440
30647,0,78,72,6
30648,0,42,95,-53
30649,0,4,10,-6
30650,0,67,41,26
30652,0,18,24,-6
30653,0,31,158,-127
30654,0,103,16,87
30656,0,12,62,-50
30657,0,121,67,54
30658,0,128,115,13
30659,0,11,4,7
30660,0,140,156,-16
30661,0,22,23,-1
30662,0,72,11,61
30663,0,58,69,-11
30664,0,124,138,-14
30665,0,40,119,-79
30666,0,20,38,-18
30667,0,13,32,-19
30668,0,8,4,4
30669,0,5,9,-4
30670,0,32,59,-27
30671,0,1,3,-2
30672,0,639,1409,-770
30673,0,11,23,-12
30674,0,224,90,134
30675,0,131,274,-143
30676,0,13,13,0
30677,0,502,304,198
30678,0,105,29,76
30680,0,31,63,-32
30681,0,577,647,-70
30682,0,13,12,1
30683,0,32,22,10
30684,0,33,48,-15
30686,0,31,54,-23
30687,0,43,18,25
30688,0,1,24,-23
30689,0,15,12,3
30690,0,50,52,-2
30691,0,93,244,-151
30692,0,8,5,3
30693,0,412,413,-1
30694,0,9641,7831,1810
30695,0,88,103,-15
30696,0,19,11,8
30697,0,11,13,-2
30698,0,265,523,-258
30699,0,5,57,-52
30700,0,13,24,-11
30701,0,51,21,30
30702,0,292,1153,-861
30704,0,70,66,4
30705,0,17,65,-48
30707,0,63,67,-4
30708,0,530,237,293
30709,0,15,48,-33
30710,0,448,48,400
30711,0,20,20,0
30712,0,5,28,-23
30713,0,4,20,-16
30714,0,19,50,-31
30715,0,6,13,-7
30716,0,108,406,-298
30717,0,9,32,-23
30718,0,14,33,-19
30719,0,29,544,-515
30720,0,69,35,34
30721,0,176,131,45
30722,0,46,123,-77
30723,0,2,29,-27
30724,0,2818,2828,-10
30725,0,38,210,-172
30726,0,12,7,5
30727,0,75,154,-79
30728,0,25,25,0
30729,0,5,20,-15
30730,0,117,91,26
30731,0,214,74,140
30732,0,86,19,67
30733,0,87,83,4
30734,0,6,13,-7
30735,0,7,4,3
30736,0,193,163,30
30737,0,41,361,-320
30738,0,406,119,287
30740,0,137,17,120
30741,0,55,70,-15
30742,0,1428,1785,-357
30743,0,14,10,4
30744,0,2,10,-8
30745,0,163,73,90
30746,0,37,54,-17
30747,0,50,35,15
30748,0,23,7,16
30749,0,2,6,-4
30750,0,913,198,715
30751,0,3003,3571,-568
30753,0,22,176,-154
30755,0,19,22,-3
30756,0,163,139,24
30757,0,182,222,-40
30758,0,4,1,3
30759,0,30,56,-26
30760,0,41,16,25
30761,0,25,98,-73
30762,0,7,28,-21
30763,0,155,273,-118
30764,0,216,27,189
30765,0,476,188,288
30766,0,49,72,-23
30767,0,16,38,-22
30768,0,31,19,12
30770,0,76,262,-186
30771,0,490,872,-382
30772,0,41,96,-55
30773,0,9,6,3
30774,0,70,34,36
30775,0,36,133,-97
30776,0,9,9,0
30777,0,309,206,103
30778,0,14,3,11
30779,0,9,78,-69
30780,0,14,162,-148
30781,0,170,116,54
30782,0,242,303,-61
30783,0,100,325,-225
30784,0,907,1035,-128
30785,0,39,63,-24
30786,0,135,19,116
30787,0,573,4282,-3709
30788,0,10,42,-32
30789,0,105,59,46
30790,0,56,151,-95
30791,0,1180,872,308
30793,0,1,15,-14
30794,0,137,70,67
30795,0,198,152,46
30796,0,190,66,124
30797,0,60,82,-22
30798,0,374,3,371
30799,0,114,147,-33
30800,0,29,14,15
30802,0,11,14,-3
30803,0,4,2,2
30804,0,21,12,9
30806,0,14,100,-86
30807,0,21,33,-12
30808,0,695,518,177
30809,0,39,84,-45
30810,0,7,25,-18
30811,0,2,48,-46
30812,0,5,8,-3
30813,0,9,2,7
30814,0,20,59,-39
30815,0,593,715,-122
30816,0,515,1050,-535
30817,0,85,37,48
30818,0,114,67,47
30819,0,31,24,7
30820,0,82,150,-68
30821,0,183,5,178
30823,0,124,24,100
30824,0,206,77,129
30825,0,3,18,-15
30826,0,80,46,34
30827,0,35,60,-25
30830,0,920,280,640
30831,0,17,12,5
30832,0,34,8,26
30833,0,46,221,-175
30835,0,5,11,-6
30836,0,1,2,-1
30837,0,82,29,53
30838,0,12,23,-11
30839,0,48,43,5
30840,0,1101,1518,-417
30841,0,1522,1743,-221
30842,0,60,105,-45
30843,0,18,8,10
30844,0,74,357,-283
30845,0,46,244,-198
30846,0,16,27,-11
30847,0,46,326,-280
30848,0,525,1159,-634
30850,0,30,27,3
30851,0,6440,10777,-4337
30852,0,1,10,-9
30853,0,70,55,15
30854,0,17,37,-20
30855,0,1924,99,1825
30856,0,2755,232,2523
30857,0,4174,20343,-16169
30858,0,5,24,-19
30859,0,33,13,20
30860,0,258,14,244
30861,0,6152,9686,-3534
30862,0,1406,525,881
30864,0,70,186,-116
30865,0,45,50,-5
30866,0,117,130,-13
30867,0,30,32,-2
30868,0,3114,4964,-1850
30869,0,9,2,7
30871,0,30,33,-3
30872,0,2108,2523,-415
30873,0,132,82,50
30874,0,63,54,9
30875,0,3873,4252,-379
30876,0,697,187,510
30877,0,1,8,-7
30878,0,132,114,18
30879,0,254,178,76
30880,0,2909,7781,-4872
30881,0,23,16,7
30882,0,115,654,-539
30883,0,71,8,63
30884,0,13,74,-61
30885,0,15,38,-23
30886,0,2344,6084,-3740
30887,0,19,39,-20
30888,0,407,349,58
30890,0,260,219,41
30891,0,42,30,12
30892,0,20,28,-8
30893,0,4093,2439,1654
30894,0,3,13,-10
30895,0,25,25,0
30896,0,252,456,-204
30898,0,17,59,-42
30899,0,21,20,1
30900,0,3,4,-1
30901,0,1668,308,1360
30902,0,69,159,-90
30903,0,67,60,7
30904,0,20,137,-117
30906,0,35,96,-61
30907,0,662,37,625
30908,0,57,43,14
30909,0,16,288,-272
30910,0,20,28,-8
30911,0,2,4,-2
30912,0,144,137,7
30913,0,185,296,-111
30914,0,1066,713,353
30915,0,66,69,-3
30917,0,35,3,32
30918,0,633,769,-136
30919,0,9,17,-8
30920,0,111,139,-28
30921,0,33,11,22
30922,0,46,46,0
30923,0,1501,907,594
30924,0,41,15,26
30925,0,156,147,9
30926,0,48,28,20
30927,0,99,231,-132
30928,0,31,41,-10
30929,0,288,319,-31
30930,0,130,2101,-1971
30931,0,3,4,-1
30932,0,105,113,-8
30933,0,126,122,4
30934,0,1,7,-6
30936,0,4,5,-1
30937,0,36,19,17
30938,0,147,90,57
30939,0,311,26,285
30940,0,154,67,87
30941,0,17,112,-95
30942,0,9,30,-21
30943,0,127,102,25
30944,0,1550,2155,-605
30945,0,3,4,-1
30946,0,21,23,-2
30947,0,67,94,-27
30949,0,1,7,-6
30950,0,52,301,-249
30951,0,12,17,-5
30952,0,68,102,-34
30953,0,3,12,-9
30954,0,57,36,21
30955,0,4,22,-18
30956,0,3,23,-20
30957,0,1484,1011,473
30958,0,10,67,-57
30959,0,32,24,8
30960,0,1235,1712,-477
30961,0,88,2389,-2301
30962,0,6,15,-9
30963,0,11,4,7
30964,0,5556,5163,393
30965,0,39,28,11
30966,0,273,308,-35
30967,0,24,49,-25
30968,0,69,71,-2
30969,0,125,178,-53
30970,0,133,128,5
30971,0,6,13,-7
30972,0,278,993,-715
30973,0,36,21,15
30974,0,12,9,3
30975,0,253,56,197
30976,0,5014,5677,-663
30977,0,14,29,-15
30978,0,234,12,222
30979,0,2,57,-55
30980,0,40,66,-26
30981,0,345,306,39
30982,0,154,121,33
30983,0,112,327,-215
30984,0,33,53,-20
30985,0,118,80,38
30986,0,3,23,-20
30987,0,234,319,-85
30988,0,3,21,-18
30989,0,96,109,-13
30990,0,77,4,73
30991,0,9,62,-53
30992,0,28,54,-26
30993,0,473,858,-385
30995,0,7,13,-6
30997,0,164,37,127
30998,0,248,234,14
30999,0,159,485,-326
31000,0,13,9,4
31001,0,942,72,870
31003,0,90,81,9
31004,0,615,686,-71
31006,0,226,202,24
31007,0,39,124,-85
31008,0,14,70,-56
31009,0,108,6,102
31010,0,5,43,-38
31011,0,16,53,-37
31012,0,86,110,-24
31013,0,161,106,55
31014,0,21,25,-4
31015,0,236,296,-60
31016,0,44,76,-32
31017,0,188,318,-130
31018,0,66,34,32
31019,0,27,65,-38
31020,0,1,7,-6
31021,0,40,5,35
31022,0,86,130,-44
31023,0,119,165,-46
31024,0,32,78,-46
31025,0,374,675,-301
31026,0,26,447,-421
31027,0,677,848,-171
31028,0,47,44,3
31029,0,1142,7025,-5883
31030,0,7,1,6
31031,0,1982,1097,885
31033,0,8,22,-14
31034,0,114,77,37
31035,0,210,1370,-1160
31036,0,18,27,-9
31037,0,68,111,-43
31038,0,63,43,20
31039,0,38,47,-9
31042,0,193,127,66
31043,0,118,90,28
31044,0,142,66,76
31045,0,64,96,-32
31046,0,142,550,-408
31047,0,39,41,-2
31048,0,6,148,-142
31049,0,93,67,26
31051,0,2927,2800,127
31052,0,20,21,-1
31053,0,855,882,-27
31054,0,106,82,24
31055,0,171,30,141
31056,0,12,56,-44
31057,0,129,78,51
31058,0,98,1404,-1306
31059,0,12,19,-7
31060,0,414712,6410,408302
31061,0,8,54,-46
31062,0,64,103,-39
31063,0,12,5,7
31064,0,150,115,35
31065,0,17,16,1
31066,0,368,244,124
31067,0,1151,2394,-1243
31068,0,22,2,20
31069,0,240,110,130
31070,0,1,44,-43
31071,0,175,309,-134
31072,0,81,50,31
31073,0,49,27,22
31074,0,32,30,2
31075,0,538,209,329
31076,0,48,32,16
31077,0,435,461,-26
31078,0,19,46,-27
31080,0,242,146,96
31081,0,125,318,-193
31082,0,710,802,-92
31083,0,37,36,1
31084,0,16,40,-24
31085,0,7,8,-1
31086,0,54,12,42
31087,0,56,78,-22
31088,0,58,48,10
31089,0,746,4,742
31090,0,50,8,42
31091,0,26,15,11
31092,0,21,104,-83
31093,0,3,6,-3
31094,0,33,7,26
31095,0,27,18,9
31096,0,1729,2073,-344
31097,0,164,456,-292
31098,0,3063,3440,-377
31099,0,84,57,27
31100,0,58,19,39
31102,0,6,238,-232
31103,0,15,5,10
31104,0,925,879,46
31105,0,706,1078,-372
31106,0,3,4,-1
31107,0,10,5,5
31108,0,121,776,-655
31110,0,197,16,181
31111,0,1270,1217,53
31112,0,110,81,29
31113,0,59,20,39
31114,0,865,821,44
31115,0,1103,109,994
31116,0,66,24,42
31117,0,2,14,-12
31119,0,206,149,57
31120,0,164,151,13
31121,0,12,15,-3
31123,0,193,117,76
31124,0,1092,1154,-62
31125,0,44,45,-1
31126,0,13,238,-225
31127,0,270,120,150
31128,0,4,38,-34
31129,0,65,99,-34
31130,0,69,202,-133
31131,0,41,62,-21
31132,0,12,55,-43
31133,0,139,1318,-1179
31134,0,40,32,8
31135,0,133,61,72
31136,0,284,284,0
31137,0,51,53,-2
31138,0,89,84,5
31139,0,50,20,30
31140,0,30,123,-93
31141,0,363,297,66
31143,0,50,38,12
31144,0,19,245,-226
31145,0,245,190,55
31146,0,50,52,-2
31147,0,173,78,95
31148,0,12,12,0
31149,0,26,23,3
31150,0,4415,3826,589
31151,0,227,169,58
31152,0,132,22,110
31153,0,83,47,36
31154,0,6,14,-8
31155,0,2,2,0
31156,0,2,24,-22
31157,0,63,95,-32
31158,0,29,78,-49
31159,0,51,124,-73
31160,0,30,29,1
31161,0,78,51,27
31162,0,53,65,-12
31163,0,66,164,-98
31164,0,10,5,5
31166,0,16,88,-72
31167,0,294,181,113
31168,0,57,397,-340
31170,0,99,51,48
31171,0,8,7,1
31172,0,2089,1693,396
31173,0,385,186,199
31174,0,50,193,-143
31175,0,55,113,-58
31176,0,243,30,213
31177,0,468,55,413
31178,0,40,23,17
31179,0,1233,203,1030
31180,0,21,29,-8
31181,0,221,50,171
31182,0,65,51,14
31183,0,96,32,64
31184,0,86,39,47
31185,0,10,4,6
31186,0,42,70,-28
31187,0,49,40,9
31188,0,160,43,117
31189,0,650,312,338
31190,0,239,86,153
31192,0,698,388,310
31193,0,15,18,-3
31194,0,23,27,-4
31195,0,46,14,32
31196,0,25,32,-7
31197,0,13,36,-23
31198,0,21,11,10
31199,0,55,9,46
31200,0,671,488,183
31201,0,230,183,47
31202,0,423,376,47
31203,0,387,398,-11
31204,0,111,194,-83
31205,0,31,8,23
31206,0,43,32,11
31207,0,13,2,11
31208,0,150,121,29
31209,0,115,204,-89
31210,0,766,794,-28
31211,0,20,80,-60
31212,0,4,36,-32
31213,0,55,7,48
31214,0,4,25,-21
31215,0,143,92,51
31216,0,20,23,-3
31217,0,27,424,-397
31218,0,25,54,-29
31219,0,4,21,-17
31220,0,83,44,39
31221,0,820,449,371
31222,0,24,63,-39
31223,0,16,17,-1
31225,0,46,29,17
31226,0,132,130,2
31227,0,9,14,-5
31228,0,15,56,-41
31229,0,25,213,-188
31230,0,36,10,26
31231,0,10,40,-30
31232,0,17,1,16
31233,0,487,2658,-2171
31234,0,3,7,-4
31235,0,249,20,229
31237,0,54,63,-9
31238,0,85,43,42
31239,0,8,7,1
31241,0,40,60,-20
31242,0,12,6,6
31243,0,410,266,144
31244,0,2270,620,1650
31245,0,113,163,-50
31246,0,6,17,-11
31247,0,175,53,122
31248,0,4,35,-31
31249,0,4417,814,3603
31250,0,6,10,-4
31251,0,1139,918,221
31252,0,16,13,3
31253,0,844,424,420
31254,0,8,5,3
31255,0,801,573,228
31256,0,32,36,-4
31257,0,141,104,37
31258,0,11,11,0
31259,0,21,13,8
31260,0,11,1,10
31261,0,321,296,25
31262,0,122,37,85
31263,0,5970,6883,-913
31264,0,17,8,9
31265,0,163,69,94
31266,0,12,51,-39
31267,0,27,29,-2
31268,0,4,35,-31
31269,0,49,67,-18
31270,0,4,0,4
31271,0,55,121,-66
31272,0,591,345,246
31273,0,2782,1818,964
31274,0,62,8,54
31275,0,283,111,172
31276,0,13,52,-39
31277,0,2,10,-8
31278,0,1151,810,341
31279,0,8770,3905,4865
31280,0,42,51,-9
31281,0,5204,5434,-230
31282,0,75,53,22
31284,0,136,54,82
31285,0,23,37,-14
31287,0,32,18,14
31288,0,72,173,-101
31289,0,4,43,-39
31290,0,47,8,39
31291,0,34,7,27
31292,0,4,34,-30
31293,0,194,158,36
31294,0,234,275,-41
31295,0,153,906,-753
31296,0,20,5362,-5342
31297,0,102,20,82
31298,0,99,129,-30
31299,0,31,7,24
31300,0,26,13,13
31301,0,300,690,-390
31302,0,15,21,-6
31303,0,236,262,-26
31304,0,10,42,-32
31305,0,2373,2986,-613
31306,0,61,99,-38
31307,0,6,10,-4
31308,0,284,292,-8
31309,0,2,3,-1
31310,0,400,111,289
31311,0,19,27,-8
31312,0,175,249,-74
31313,0,7,16,-9
31314,0,31,46,-15
31315,0,6,13,-7
31316,0,284,186,98
31320,0,41,240,-199
31321,0,74,18,56
31322,0,2541,1521,1020
31323,0,550,2551,-2001
31324,0,235,241,-6
31325,0,5,13,-8
31326,0,384,1407,-1023
31327,0,104,32,72
31328,0,14,33,-19
31329,0,4,13,-9
31330,0,13,382,-369
31331,0,117,291,-174
31332,0,193,209,-16
31333,0,3,8,-5
31334,0,6,14,-8
31335,0,24,48,-24
31336,0,669,225,444
31337,0,115,82,33
31338,0,1,2,-1
31339,0,79,38,41
31340,0,32,47,-15
31341,0,166,302,-136
31342,0,152,98,54
31343,0,63,1043,-980
31344,0,20,46,-26
31346,0,23,33,-10
31347,0,23,39,-16
31348,0,18,11,7
31349,0,13,8,5
31350,0,31,10,21
31351,0,881,344,537
31352,0,47,52,-5
31353,0,78,128,-50
31354,0,166,50,116
31355,0,30,11,19
31357,0,5,24,-19
31358,0,10,9,1
31359,0,494,1543,-1049
31360,0,16,43,-27
31361,0,16,8,8
31362,0,687,3470,-2783
31363,0,16,6,10
31364,0,41,446,-405
31365,0,31,65,-34
31366,0,14,15,-1
31367,0,96,30,66
31368,0,8,3,5
31369,0,95,14,81
31370,0,63,52,11
31371,0,20,35,-15
31372,0,46,63,-17
31373,0,27,33,-6
31374,0,14,32,-18
31375,0,60,313,-253
31376,0,6,13,-7
31377,0,116,568,-452
31378,0,32,7,25
31379,0,202,259,-57
31380,0,1,8,-7
31381,0,65,125,-60
31382,0,49,123,-74
31383,0,6,19,-13
31384,0,367,335,32
31385,0,49,13,36
31386,0,31,42,-11
31387,0,21,311,-290
31389,0,64,43,21
31390,0,241,163,78
31391,0,2,3,-1
31392,0,20,21,-1
31393,0,109,15,94
31394,0,52,118,-66
31395,0,245,614,-369
31396,0,239,51,188
31397,0,148,211,-63
31398,0,219,337,-118
31399,0,64,22,42
31400,0,13,86,-73
31401,0,8,16,-8
31402,0,41,8,33
31403,0,26,13,13
31404,0,129,116,13
31405,0,71,348,-277
31408,0,1118,357,761
31410,0,1,43,-42
31411,0,8,49,-41
31412,0,2801,3224,-423
31413,0,8,6,2
31414,0,789,2221,-1432
31415,0,164,37,127
31416,0,2213,4448,-2235
31418,0,6679,7484,-805
31419,0,16,17,-1
31420,0,19,39,-20
31421,0,7,42,-35
31422,0,84,88,-4
31423,0,40,80,-40
31424,0,3540,5770,-2230
31425,0,2371,1012,1359
31426,0,6,31,-25
31428,0,32,29,3
31429,0,36,41,-5
31430,0,15,19,-4
31431,0,144,55,89
31432,0,2,280,-278
31433,0,4,8,-4
31434,0,8,26,-18
31435,0,2,9,-7
31436,0,3,16,-13
31437,0,2,12,-10
31438,0,32,24,8
31439,0,87,45,42
31440,0,1087,635,452
31441,0,16,71,-55
31442,0,13,47,-34
31443,0,23,17,6
31444,0,35,73,-38
31446,0,2759,4223,-1464
31447,0,5,82,-77
31448,0,144,1031,-887
31449,0,374,315,59
31450,0,23,42,-19
31451,0,99,32,67
31452,0,13,45,-32
31453,0,58,32,26
31454,0,2,10,-8
31455,0,41,26,15
31456,0,51,25,26
31457,0,2574,3349,-775
31458,0,1,5,-4
31459,0,28,1,27
31460,0,71,225,-154
31461,0,25,24,1
31462,0,315,139,176
31463,0,82,175,-93
31464,0,46,160,-114
31465,0,178,65,113
31466,0,18,9,9
31467,0,76,56,20
31468,0,298,194,104
31469,0,63,55,8
31470,0,677,954,-277
31471,0,81,100,-19
31472,0,8,12,-4
31473,0,90,112,-22
31474,0,8,63,-55
31476,0,374,7593,-7219
31477,0,55,71,-16
31478,0,23,3,20
31479,0,10,11,-1
31480,0,690,362,328
31481,0,61,30,31
31483,0,4,7,-3
31484,0,2034,2577,-543
31485,0,801,592,209
31486,0,14,1,13
31487,0,3,1,2
31488,0,105,98,7
31489,0,11,6,5
31490,0,53,124,-71
31491,0,2,5,-3
31492,0,145,188,-43
31493,0,56,10,46
31494,0,16,5,11
31495,0,125,245,-120
31496,0,14,91,-77
31497,0,72,17,55
31498,0,72,923,-851
31499,0,73,48,25
31500,0,16,29,-13
31501,0,81,104,-23
31502,0,104,493,-389
31503,0,19,10,9
31504,0,20,29,-9
31505,0,155,34,121
31506,0,27,29,-2
31507,0,21,46,-25
31508,0,111,21,90
31510,0,153,36,117
31511,0,79,42,37
31512,0,625,213,412
31513,0,16,6,10
31514,0,42,14,28
31515,0,73,159,-86
31516,0,15,15,0
31517,0,27,73,-46
31518,0,14,74,-60
31519,0,44,16,28
31520,0,3,100,-97
31521,0,18,54,-36
31522,0,141,421,-280
31523,0,46,38,8
31524,0,109,105,4
31525,0,13,3,10
31526,0,137,62,75
31527,0,22,29,-7
31528,0,196,118,78
31529,0,53,41,12
31530,0,796,525,271
31531,0,26,2,24
31532,0,23,3,20
31533,0,28,130,-102
31534,0,78,55,23
31535,0,2,25,-23
31536,0,28,12,16
31537,0,117,141,-24
31538,0,18,91,-73
31539,0,32,58,-26
31540,0,88,4,84
31541,0,2,2,0
31542,0,3,16,-13
31543,0,13,7,6
31545,0,2,5,-3
31546,0,29,9,20
31547,0,242,42,200
31548,0,11,138,-127
31549,0,261,126,135
31550,0,637,640,-3
31551,0,243,16,227
31552,0,6505,7773,-1268
31553,0,5,8,-3
31554,0,1560,787,773
31555,0,29,5,24
31556,0,40,16,24
31557,0,159,17,142
31558,0,51,23,28
31559,0,2940,2597,343
31560,0,600,300,300
31561,0,90,275,-185
31562,0,97,59,38
31563,0,1,12,-11
31564,0,51,87,-36
31565,0,43,342,-299
31566,0,59,48,11
31567,0,352,2,350
31568,0,27,14,13
31569,0,127,60,67
31570,0,39,153,-114
31571,0,25,52,-27
31572,0,15,15,0
31573,0,51,20,31
31574,0,1118,918,200
31575,0,4,9,-5
31576,0,15,28,-13
31577,0,204,115,89
31578,0,10138,3385,6753
31579,0,20,132,-112
31580,0,85,67,18
31581,0,3,30,-27
31582,0,25,70,-45
31583,0,15,26,-11
31584,0,442,797,-355
31585,0,2876,6552,-3676
31586,0,289,261,28
31587,0,111,499,-388
31588,0,3,1,2
31589,0,9,28,-19
31590,0,477,189,288
31591,0,49,2,47
31592,0,988,14,974
31593,0,129,64,65
31594,0,2,11,-9
31595,0,1374,1151,223
31596,0,6386,3873,2513
31597,0,690,880,-190
31598,0,10,36,-26
31599,0,25,5,20
31600,0,137,455,-318
31601,0,491,112,379
31602,0,46,13,33
31603,0,31,210,-179
31604,0,332,79,253
31605,0,86,76,10
31606,0,4577,118,4459
31607,0,137,93,44
31608,0,2697,1823,874
31609,0,8,24,-16
31610,0,180,296,-116
31611,0,71,25,46
31612,0,20,94,-74
31614,0,1230,1754,-524
31615,0,358,274,84
31616,0,67,111,-44
31617,0,672,206,466
31618,0,68,80,-12
31619,0,4,26,-22
31620,0,72,79,-7
31621,0,16,24,-8
31622,0,5271,9222,-3951
31624,0,2,15,-13
31625,0,22,25,-3
31626,0,32,10,22
31627,0,39,16,23
31628,0,41,84,-43
31629,0,65,268,-203
31630,0,6,38,-32
31631,0,24,17,7
31632,0,31,16,15
31633,0,88,60,28
31634,0,27,23,4
31635,0,142,253,-111
31636,0,7,4,3
31637,0,12,79,-67
31638,0,90,35,55
31639,0,72,18,54
31640,0,39,50,-11
31642,0,114,155,-41
31643,0,296,190,106
31644,0,404,482,-78
31645,0,45,56,-11
31646,0,1,10,-9
31648,0,53,135,-82
31650,0,6194,6563,-369
31651,0,48,234,-186
31652,0,4,10,-6
31653,0,3,28,-25
31654,0,39,39,0
31655,0,70,59,11
31656,0,187,313,-126
31658,0,10,33,-23
31659,0,102,108,-6
31660,0,73,430,-357
31661,0,147,36,111
31662,0,23,6,17
31663,0,25,7,18
31664,0,58,39,19
31667,0,14,70,-56
31668,0,8,55,-47
31669,0,46,40,6
31670,0,1192,11992,-10800
31671,0,23,334,-311
31672,0,190,86,104
31673,0,25,15,10
31674,0,39,80,-41
31675,0,20,9,11
31676,0,4806,3048,1758
31677,0,1164,1022,142
31678,0,61,191,-130
31679,0,12,6,6
31680,0,3,18,-15
31681,0,1500,2807,-1307
31682,0,20,73,-53
31683,0,858,316,542
31684,0,114,177,-63
31685,0,60,69,-9
31686,0,9,105,-96
31688,0,403,412,-9
31689,0,131,129,2
31690,0,52,46,6
31692,0,306,851,-545
31693,0,203,665,-462
31694,0,178,71,107
31695,0,48,81,-33
31696,0,222,52,170
31697,0,9,8,1
31698,0,6,30,-24
31699,0,13,19,-6
31700,0,225,88,137
31701,0,1,21,-20
31702,0,3,4,-1
31704,0,60,79,-19
31706,0,17,32,-15
31707,0,580,2020,-1440
31708,0,59,58,1
31709,0,96,166,-70
31710,0,44,63,-19
31711,0,35,41,-6
31712,0,424,802,-378
31713,0,4254,1658,2596
31714,0,108,207,-99
31715,0,2079,1090,989
31716,0,127,71,56
31717,0,64,298,-234
31718,0,24,128,-104
31719,0,362,662,-300
31720,0,228,1984,-1756
31721,0,11,28,-17
31723,0,54,51,3
31724,0,22,8,14
31725,0,2718,2536,182
31726,0,97,211,-114
31727,0,213,556,-343
31728,0,618,344,274
31730,0,5,9,-4
31731,0,4,31,-27
31732,0,524,735,-211
31733,0,2198,2850,-652
31734,0,332993,132364,200629
31735,0,131,88,43
31736,0,133,315,-182
31737,0,15,49,-34
31738,0,16,50,-34
31739,0,4,1,3
31740,0,20,35,-15
31741,0,20,465,-445
31742,0,4,131,-127
31743,0,21,25,-4
31744,0,315,616,-301
31745,0,43,247,-204
31746,0,1334,15,1319
31747,0,9,31,-22
31748,0,1698,3271,-1573
31749,0,320,106,214
31750,0,15,50,-35
31751,0,24,47,-23
31752,0,93,73,20
31753,0,104,57,47
31754,0,954,388,566
31755,0,42,6864,-6822
31756,0,11,46,-35
31757,0,73,2,71
31758,0,34,46,-12
31759,0,9,11,-2
31760,0,436,440,-4
31761,0,138,97,41
31762,0,1160,397,763
31763,0,8,23,-15
31764,0,4,14,-10
31765,0,41,102,-61
31766,0,1804,5036,-3232
31767,0,17,32,-15
31768,0,1749,1651,98
31769,0,243,77,166
31770,0,243,196,47
31771,0,116,124,-8
31772,0,3,20,-17
31773,0,219,251,-32
31774,0,39,203,-164
31775,0,21,48,-27
31776,0,488,1556,-1068
31777,0,182,127,55
31778,0,69,28,41
31779,0,38,4,34
31780,0,197,27,170
31781,0,14,42,-28
31782,0,32,138,-106
31783,0,74,157,-83
31784,0,20,32,-12
31785,0,884,256,628
31786,0,42,12,30
31787,0,251,693,-442
31788,0,81,23,58
31789,0,16,15,1
31790,0,25,25,0
31791,0,31,127,-96
31792,0,202,446,-244
31793,0,380,147,233
31794,0,61,190,-129
31795,0,66,49,17
31796,0,8,33,-25
31798,0,71,25,46
31799,0,3,13,-10
31800,0,88,190,-102
31801,0,113,297,-184
31802,0,52,138,-86
31804,0,274,138,136
31806,0,4920,8866,-3946
31807,0,85,41,44
31808,0,93,90,3
31809,0,51,52,-1
31810,0,29,58,-29
31812,0,19,28,-9
31813,0,11,20,-9
31814,0,420,322,98
31815,0,93,49,44
31817,0,28,102,-74
31819,0,194,76,118
31820,0,117,138,-21
31821,0,48,243,-195
31822,0,7,20,-13
31823,0,37,3,34
31824,0,152,263,-111
31825,0,4,2,2
31826,0,329,496,-167
31827,0,102,130,-28
31828,0,513,284,229
31829,0,34,61,-27
31830,0,133,173,-40
31831,0,126,220,-94
31832,0,22,8,14
31833,0,58,130,-72
31834,0,17,83,-66
31835,0,22,34,-12
31836,0,256,115,141
31837,0,227,327,-100
31838,0,8,14,-6
31839,0,41,24,17
31840,0,185,40,145
31841,0,520,1416,-896
31842,0,8,6,2
31844,0,9,3,6
31845,0,124,60,64
31846,0,19,9,10
31847,0,2052,2509,-457
31848,0,34,55,-21
31849,0,13,21,-8
31851,0,59,130,-71
31852,0,15,4,11
31853,0,3,7,-4
31854,0,32,80,-48
31855,0,512,81,431
31856,0,9,14,-5
31857,0,4,77,-73
31858,0,23,31,-8
31859,0,118,126,-8
31860,0,141,155,-14
31862,0,76,87,-11
31863,0,159,280,-121
31864,0,4,4,0
31865,0,150,210,-60
31866,0,64,105,-41
31867,0,24,38,-14
31868,0,44,221,-177
31869,0,25,29,-4
31870,0,2,6,-4
31871,0,1,2,-1
31872,0,573,137,436
31873,0,4,7,-3
31874,0,92,206,-114
31875,0,225,205,20
31876,0,8,7,1
31878,0,23,33,-10
31879,0,2,9,-7
31880,0,28,46,-18
31881,0,28,14,14
31882,0,1130,248,882
31883,0,66,96,-30
31884,0,8340,10091,-1751
31886,0,23,59,-36
31887,0,21,25,-4
31888,0,3,2,1
31889,0,2111,3641,-1530
31890,0,1866,2448,-582
31891,0,38,13,25
31892,0,112,32,80
31893,0,50,49,1
31894,0,3,6,-3
31896,0,3,1,2
31897,0,10,17,-7
31898,0,2,4,-2
31899,0,603,644,-41
31900,0,157,267,-110
31901,0,212,55,157
31902,0,455,141,314
31903,0,89,189,-100
31904,0,91,10,81
31905,0,433,99,334
31906,0,62,127,-65
31907,0,60,2,58
31908,0,71,17,54
31909,0,32,47,-15
31910,0,124,26,98
31911,0,41,178,-137
31912,0,24,76,-52
31913,0,103,189,-86
31914,0,28,31,-3
31915,0,16,38,-22
31916,0,139,170,-31
31917,0,51,46,5
31918,0,1,59,-58
31919,0,38,82,-44
31920,0,65,98,-33
31921,0,119,14,105
31922,0,4971,2837,2134
31923,0,1220,1834,-614
31924,0,65,220,-155
31925,0,140,224,-84
31926,0,7,13,-6
31927,0,81,62,19
31928,0,46,30,16
31929,0,6,10,-4
31930,0,24,20,4
31931,0,848,167,681
31933,0,90,73,17
31934,0,20,89,-69
31935,0,63,159,-96
31936,0,5,14,-9
31937,0,55,13,42
31938,0,43,70,-27
31939,0,83,41,42
31940,0,8,16,-8
31941,0,45,1,44
31942,0,14,65,-51
31943,0,206,211,-5
31944,0,107,158,-51
31945,0,68,116,-48
31946,0,115,172,-57
31947,0,335,2391,-2056
31948,0,4,5,-1
31949,0,67,112,-45
31950,0,11,18,-7
31951,0,32,26,6
31952,0,55,18,37
31953,0,151,332,-181
31954,0,9,18,-9
31955,0,20,8,12
31956,0,133,22,111
31957,0,729,827,-98
31958,0,2,9,-7
31959,0,39,30,9
31960,0,30,24,6
31961,0,4,44,-40
31962,0,80,113,-33
31964,0,38,45,-7
31965,0,33,16,17
31966,0,122,145,-23
31967,0,448,680,-232
31968,0,5,8,-3
31969,0,61,28,33
31970,0,41,7,34
31971,0,322,230,92
31972,0,14,12,2
31973,0,7,22,-15
31975,0,41,48,-7
31976,0,8,46,-38
31977,0,18,10,8
31978,0,3,10,-7
31979,0,143,168,-25
31982,0,293,279,14
31983,0,995,127,868
31984,0,86,95,-9
31985,0,88,584,-496
31986,0,5,7,-2
31987,0,55,80,-25
31988,0,95,35,60
31989,0,8,9,-1
31990,0,94,73,21
31991,0,420,729,-309
31992,0,3,6,-3
31993,0,61,56,5
31994,0,3,13,-10
31995,0,35,36,-1
31996,0,98,120,-22
31997,0,59,60,-1
31998,0,7,12,-5
31999,0,9,22,-13
32000,0,15,11,4
32001,0,50,55,-5
32002,0,12,10,2
32003,0,47,66,-19
32004,0,240,173,67
32005,0,9,7,2
32006,0,76,80,-4
32008,0,4,5,-1
32009,0,180,58,122
32010,0,16,1,15
32011,0,25,83,-58
32012,0,11,98,-87
32013,0,1175,3003,-1828
32014,0,102,57,45
32015,0,2,3,-1
32016,0,5,8,-3
32017,0,21,17,4
32019,0,470,649,-179
32020,0,51,65,-14
32021,0,674,97,577
32023,0,1662,657,1005
32024,0,3,0,3
32025,0,1415,1320,95
32026,0,16,16,0
32027,0,2223,414,1809
32028,0,30,28,2
32029,0,25,401,-376
32032,0,24,19,5
32033,0,119,252,-133
32034,0,12,45,-33
32035,0,5,33,-28
32036,0,160,134,26
32037,0,7,52,-45
32038,0,72,126,-54
32039,0,13,12,1
32040,0,37,66,-29
32041,0,19,1,18
32042,0,38,456,-418
32044,0,35,5,30
32045,0,7,52,-45
32046,0,5,7,-2
32047,0,101,152,-51
32048,0,106,726,-620
32049,0,18,20,-2
32050,0,6,3,3
32051,0,735,556,179
32052,0,4,4,0
32054,0,64,32,32
32055,0,7,15,-8
32056,0,14,25,-11
32057,0,410,147,263
32058,0,2529,4537,-2008
32059,0,17,29,-12
32060,0,8,31,-23
32061,0,37,117,-80
32062,0,8,106,-98
32063,0,1807,1167,640
32064,0,10,7,3
32065,0,34,41,-7
32066,0,290,78,212
32067,0,393,292,101
32068,0,546,365,181
32069,0,6207,819,5388
32070,0,659,784,-125
32071,0,555,732,-177
32072,0,15,31,-16
32073,0,4933,6122,-1189
32074,0,68,53,15
32075,0,4,1,3
32076,0,4,11,-7
32077,0,18,41,-23
32078,0,81,34,47
32079,0,332,416,-84
32080,0,4,0,4
32081,0,439,1618,-1179
32082,0,6,12,-6
32083,0,182,165,17
32084,0,10,35,-25
32085,0,45,27,18
32086,0,67,31,36
32087,0,93,273,-180
32088,0,34,48,-14
32089,0,79,113,-34
32090,0,1333,1758,-425
32091,0,203,272,-69
32092,0,137,94,43
32093,0,239,233,6
32094,0,1098,1341,-243
32095,0,2303,4670,-2367
32096,0,6,5,1
32097,0,80,11,69
32098,0,4,4,0
32100,0,17,37,-20
32101,0,4,11,-7
32102,0,39,47,-8
32103,0,1,3,-2
32105,0,41,40,1
32106,0,25,16,9
32107,0,128,250,-122
32108,0,30,21,9
32109,0,25,38,-13
32110,0,158,37,121
32111,0,7,9,-2
32112,0,28,34,-6
32113,0,2304,103,2201
32114,0,9,6,3
32115,0,101,288,-187
32116,0,515,134,381
32117,0,479,820,-341
32118,0,192,71,121
32119,0,13,2,11
32120,0,9,12,-3
32121,0,5151,4105,1046
32122,0,113,81,32
32123,0,138,135,3
32124,0,2630,363,2267
32125,0,5,6,-1
32126,0,3,47,-44
32127,0,14,16,-2
32128,0,57,37,20
32129,0,36,39,-3
32130,0,44,59,-15
32131,0,77,64,13
32132,0,887,188,699
32133,0,18,109,-91
32134,0,7,23,-16
32135,0,92,47,45
32136,0,22,1,21
32137,0,87,102,-15
32138,0,38,5,33
32139,0,1948,4341,-2393
32141,0,11,9,2
32142,0,13,14,-1
32143,0,1322,885,437
32144,0,46,41,5
32145,0,2502,1662,840
32146,0,27,18,9
32147,0,4,6,-2
32148,0,183,123,60
32149,0,3610,3273,337
32150,0,25,1,24
32151,0,31,25,6
32152,0,24,26,-2
32153,0,4,28,-24
32154,0,96,35,61
32155,0,14,31,-17
32157,0,1968,980,988
32158,0,61,114,-53
32159,0,726,120,606
32160,0,4,7,-3
32161,0,14,34,-20
32162,0,6,5,1
32163,0,92,63,29
32164,0,322,342,-20
32165,0,459,110,349
32166,0,64,35,29
32167,0,103,112,-9
32169,0,49,36,13
32170,0,2,11,-9
32171,0,7,115,-108
32172,0,106,53,53
32173,0,156,601,-445
32174,0,67,57,10
32175,0,12,11,1
32176,0,18,57,-39
32177,0,6,7,-1
32178,0,25,15,10
32179,0,824,956,-132
32180,0,321,173,148
32181,0,11,6,5
32182,0,537,452,85
32183,0,69,175,-106
32184,0,32,42,-10
32185,0,115,55,60
32186,0,103,150,-47
32187,0,117,63,54
32188,0,59,19,40
32189,0,18,22,-4
32190,0,82,178,-96
32191,0,33,25,8
32192,0,9,12,-3
32193,0,823,652,171
32194,0,6,137,-131
32195,0,178,138,40
32196,0,3,17,-14
32197,0,73,101,-28
32198,0,43,65,-22
32199,0,37,19,18
32200,0,262,527,-265
32201,0,199,188,11
32202,0,120,73,47
32203,0,437,408,29
32205,0,52,29,23
32206,0,38,19,19
32207,0,2024,3047,-1023
32208,0,26,19,7
32209,0,74,116,-42
32210,0,12,13,-1
32211,0,352,6,346
32212,0,4,7,-3
32213,0,30,111,-81
32214,0,12,96,-84
32215,0,29,41,-12
32216,0,3483,4854,-1371
32217,0,333,541,-208
32218,0,220,286,-66
32219,0,83,161,-78
32220,0,18,39,-21
32221,0,40,57,-17
32222,0,172,364,-192
32223,0,64,1071,-1007
32224,0,61,48,13
32226,0,427,98,329
32227,0,1,5,-4
32228,0,1210,1174,36
32229,0,23,7,16
32230,0,47,297,-250
32231,0,1802,2889,-1087
32232,0,5,27,-22
32233,0,3,39,-36
32234,0,481,140,341
32235,0,71,89,-18
32236,0,955,1418,-463
32237,0,51,15,36
32238,0,56,77,-21
32239,0,937,35,902
32240,0,1360,852,508
32241,0,59,426,-367
32242,0,318,386,-68
32243,0,1410,6623,-5213
32244,0,91,101,-10
32245,0,2834,2106,728
32246,0,245,735,-490
32248,0,4,3,1
32249,0,32,20,12
32250,0,85,57,28
32251,0,307,330,-23
32252,0,4,9,-5
32253,0,40,50,-10
32254,0,2,15,-13
32255,0,68,256,-188
32256,0,37,53,-16
32257,0,2909,3040,-131
32258,0,21,47,-26
32259,0,22,6,16
32261,0,19,42,-23
32262,0,48,79,-31
32263,0,18,26,-8
32264,0,80,39,41
32266,0,92,48,44
32267,0,352,134,218
32268,0,96,205,-109
32269,0,6,15,-9
32270,0,2,15,-13
32271,0,7,38,-31
32272,0,5443,10608,-5165
32273,0,18,58,-40
32274,0,26,57,-31
32275,0,52,137,-85
32276,0,122,309,-187
32277,0,796,363,433
32278,0,54,323,-269
32279,0,112,410,-298
32280,0,33,32,1
32281,0,2831,5148,-2317
32282,0,103,69,34
32283,0,80,167,-87
32284,0,113,44,69
32285,0,14,102,-88
32286,0,13,10,3
32287,0,186,245,-59
32288,0,144,140,4
32289,0,2968,2580,388
32290,0,7,17,-10
32291,0,7,2,5
32292,0,93,16,77
32293,0,72,36,36
32294,0,47,50,-3
32295,0,4,16,-12
32296,0,56,109,-53
32297,0,43,108,-65
32298,0,288,76,212
32299,0,28,59,-31
32300,0,39,42,-3
32301,0,44,9,35
32302,0,302,207,95
32303,0,176,81,95
32304,0,1294,784,510
32305,0,4,24,-20
32306,0,9,42,-33
32307,0,396,491,-95
32308,0,10,28,-18
32309,0,53,125,-72
32310,0,41,133,-92
32311,0,62,33,29
32312,0,119,74,45
32314,0,19,30,-11
32315,0,43,43,0
32316,0,820,1585,-765
32317,0,112,144,-32
32318,0,7,14,-7
32319,0,82,54,28
32320,0,130,89,41
32321,0,112,24,88
32322,0,30,75,-45
32323,0,24,67,-43
32324,0,4,7,-3
32326,0,4409,8547,-4138
32327,0,173,325,-152
32328,0,1204,309,895
32329,0,151,111,40
32330,0,69,159,-90
32332,0,93,7,86
32333,0,37,28,9
32334,0,47,743,-696
32335,0,24,4,20
32336,0,20,22,-2
32337,0,744,333,411
32338,0,9,5,4
32340,0,8,19,-11
32341,0,5498,8533,-3035
32342,0,2,11,-9
32343,0,25,24,1
32344,0,1,15,-14
32345,0,15,47,-32
32346,0,5,6,-1
32347,0,215,677,-462
32348,0,116,1024,-908
32349,0,595,126,469
32350,0,65,16,49
32351,0,2,2,0
32352,0,11,9,2
32353,0,49,56,-7
32354,0,60,58,2
32356,0,19,46,-27
32357,0,2155,2028,127
32358,0,48,14,34
32359,0,6516,14216,-7700
32360,0,84,210,-126
32361,0,8,18,-10
32363,0,342,266,76
32364,0,37,26,11
32366,0,19,15,4
32368,0,14,10,4
32369,0,27,50,-23
32370,0,32,116,-84
32371,0,54,42,12
32372,0,52,23,29
32373,0,165,84,81
32374,0,32,26,6
32375,0,104,89,15
32376,0,5,15,-10
32377,0,47,390,-343
32378,0,2,4,-2
32379,0,176,60,116
32380,0,16,22,-6
32382,0,3495,557,2938
32383,0,8,8,0
32384,0,7,13,-6
32385,0,1185,102,1083
32386,0,133,44,89
32388,0,2,22,-20
32389,0,84,23,61
32390,0,140,543,-403
32391,0,169,132,37
32392,0,20,719,-699
32393,0,5,14,-9
32394,0,109,247,-138
32395,0,40,44,-4
32396,0,113,137,-24
32397,0,420,654,-234
32398,0,2225,2620,-395
32399,0,229,128,101
32400,0,283,117,166
32401,0,27,119,-92
32402,0,32,22,10
32403,0,384,398,-14
32404,0,279,261,18
32405,0,60,20,40
32406,0,48,54,-6
32407,0,1567,176,1391
32408,0,1070,1556,-486
32409,0,16,9,7
32410,0,4,0,4
32411,0,24,61,-37
32412,0,13,26,-13
32413,0,4,1,3
32414,0,2138,503,1635
32416,0,12,22,-10
32417,0,18,38,-20
32418,0,135,240,-105
32420,0,18,42,-24
32421,0,54,128,-74
32422,0,79,103,-24
32423,0,5,18,-13
32424,0,248,145,103
32425,0,24,14,10
32426,0,115,354,-239
32427,0,26,58,-32
32428,0,10,3,7
32429,0,41,24,17
32430,0,38,17,21
32431,0,721,1430,-709
32432,0,33,25,8
32433,0,290,691,-401
32434,0,105,36,69
32435,0,242,128,114
32436,0,31,28,3
32437,0,194,523,-329
32438,0,123,134,-11
32439,0,34,53,-19
32440,0,101,256,-155
32441,0,11,8,3
32442,0,2181,1867,314
32443,0,3939,3452,487
32444,0,16,58,-42
32445,0,10,31,-21
32446,0,38,63,-25
32447,0,1,15,-14
32448,0,51,56,-5
32449,0,241,80,161
32450,0,18,2,16
32451,0,85,19,66
32452,0,84,27,57
32453,0,21,14,7
32454,0,8017,9268,-1251
32456,0,60,45,15
32457,0,3,41,-38
32458,0,114,143,-29
32459,0,1321,1057,264
32460,0,18,17,1
32461,0,132,187,-55
32462,0,48,38,10
32463,0,208,806,-598
32464,0,255,567,-312
32465,0,1,4,-3
32466,0,271,376,-105
32467,0,126,92,34
32469,0,1454,51,1403
32470,0,77,136,-59
32471,0,26,80,-54
32472,0,143,52,91
32473,0,1,1,0
32475,0,3667,2683,984
32476,0,113,11,102
32477,0,3,8,-5
32478,0,43,47,-4
32479,0,93,176,-83
32480,0,19,16,3
32481,0,105,149,-44
32482,0,621,291,330
32483,0,6,6,0
32484,0,102,251,-149
32485,0,378,357,21
32486,0,56,22,34
32487,0,47,73,-26
32488,0,24,11,13
32490,0,1015,568,447
32491,0,25,26,-1
32492,0,11,6,5
32493,0,2494,64,2430
32494,0,67,82,-15
32495,0,9,21,-12
32496,0,859,1170,-311
32497,0,212,369,-157
32499,0,77,44,33
32500,0,21,59,-38
32501,0,48,237,-189
32502,0,42,25,17
32503,0,37,37,0
32504,0,98,300,-202
32505,0,198,86,112
32506,0,2502,1712,790
32507,0,1,1,0
32508,0,232,91,141
32509,0,99,41,58
32510,0,102,337,-235
32511,0,59,62,-3
32512,0,496,300,196
32513,0,11,23,-12
32514,0,36,32,4
32515,0,495,390,105
32516,0,78,59,19
32518,0,107,37,70
32519,0,33,31,2
32520,0,13,36,-23
32521,0,13,20,-7
32522,0,38,113,-75
32523,0,75,44,31
32524,0,145,191,-46
32525,0,108,192,-84
32526,0,59,87,-28
32527,0,184,326,-142
32528,0,7,3,4
32529,0,9,12,-3
32530,0,17,130,-113
32531,0,2126,703,1423
32532,0,1547,1730,-183
32533,0,15,13,2
32534,0,175,121,54
32535,0,284,216,68
32536,0,5,7,-2
32537,0,252,104,148
32538,0,144,106,38
32539,0,3,4,-1
32541,0,49,244,-195
32542,0,34,28,6
32543,0,6,11,-5
32544,0,32,34,-2
32545,0,576,242,334
32546,0,251,202,49
32547,0,164,164,0
32548,0,101,178,-77
32549,0,73,52,21
32550,0,50,67,-17
32551,0,86,84,2
32552,0,202,317,-115
32553,0,17,135,-118
32554,0,60,5,55
32555,0,2318,469,1849
32556,0,33,9,24
32557,0,2569,2279,290
32558,0,144,60,84
32559,0,39,133,-94
32560,0,933,328,605
32561,0,18,8,10
32564,0,37,24,13
32565,0,466,2135,-1669
32566,0,121,92,29
32567,0,43,24,19
32568,0,113,94,19
32569,0,3,4,-1
32570,0,112,213,-101
32571,0,60,55,5
32572,0,439,36,403
32573,0,46,19,27
32574,0,50,24,26
32575,0,12,4,8
32577,0,174,173,1
32578,0,107,8,99
32579,0,109,48,61
32580,0,54,48,6
32581,0,1046,299,747
32582,0,4,15,-11
32583,0,32,24,8
32584,0,16,38,-22
32585,0,57,100,-43
32586,0,16,11,5
32587,0,13,14,-1
32588,0,44,218,-174
32589,0,305,370,-65
32590,0,5,36,-31
32592,0,35,115,-80
32593,0,48,85,-37
32594,0,29,32,-3
32595,0,144,357,-213
32596,0,98,197,-99
32597,0,24,45,-21
32598,0,83,74,9
32599,0,32,4,28
32600,0,22,7,15
32601,0,22,11,11
32602,0,32,41,-9
32603,0,10,25,-15
32604,0,16,4,12
32605,0,60,15,45
32606,0,507,49,458
32607,0,16,47,-31
32608,0,347,6,341
32609,0,73,76,-3
32610,0,85,44,41
32611,0,10,40,-30
32612,0,72,32,40
32613,0,2233,675,1558
32615,0,5,93,-88
32617,0,80,81,-1
32618,0,12,252,-240
32619,0,535,301,234
32620,0,145,45,100
32621,0,49,68,-19
32622,0,2,147,-145
32623,0,3,15,-12
32624,0,17,12,5
32625,0,36,35,1
32626,0,42,68,-26
32627,0,620,659,-39
32628,0,391,237,154
32629,0,8,14,-6
32630,0,557,704,-147
32631,0,65,105,-40
32632,0,52,113,-61
32633,0,12,51,-39
32634,0,58,96,-38
32635,0,64,24,40
32636,0,65,71,-6
32637,0,182,134,48
32638,0,70,34,36
32639,0,71,30,41
32640,0,2545,1363,1182
32641,0,27,7,20
32642,0,2551,2716,-165
32643,0,40,41,-1
32644,0,320,56,264
32645,0,387,329,58
32646,0,15,29,-14
32647,0,44,53,-9
32649,0,151,107,44
32650,0,93,117,-24
32651,0,3079,4270,-1191
32652,0,1,6,-5
32653,0,32,571,-539
32654,0,8,231,-223
32655,0,917,1060,-143
32656,0,186,12,174
32658,0,52,63,-11
32659,0,8,54,-46
32660,0,533,44,489
32661,0,13,21,-8
32662,0,17,126,-109
32663,0,11,18,-7
32664,0,17,54,-37
32665,0,55,230,-175
32666,0,49,79,-30
32667,0,1978,1452,526
32668,0,42,243,-201
32669,0,69,108,-39
32671,0,562,621,-59
32672,0,183,242,-59
32673,0,4813,6496,-1683
32674,0,7,97,-90
32675,0,291,204,87
32677,0,2,9,-7
32678,0,6722,8004,-1282
32679,0,72,221,-149
32680,0,77,173,-96
32681,0,9,11,-2
32682,0,26,80,-54
32683,0,13,1,12
32684,0,119,177,-58
32685,0,185,68,117
32686,0,228,225,3
32688,0,137,983,-846
32689,0,9,7,2
32690,0,192,195,-3
32691,0,34,6,28
32692,0,656,404,252
32693,0,18358,16153,2205
32694,0,785,973,-188
32695,0,13,16,-3
32696,0,1980,1583,397
32697,0,2370,4892,-2522
32698,0,7,5,2
32699,0,25,10,15
32700,0,2,4,-2
32701,0,133,84,49
32702,0,28,29,-1
32703,0,150,67,83
32704,0,10,24,-14
32705,0,43,96,-53
32706,0,33,32,1
32707,0,46,228,-182
32708,0,397,539,-142
32709,0,3563,5901,-2338
32710,0,269,20,249
32711,0,1018,187,831
32712,0,226,69,157
32713,0,10,16,-6
32714,0,788,4074,-3286
32715,0,13,12,1
32716,0,2,22,-20
32717,0,17,39,-22
32718,0,5,2,3
32719,0,65,221,-156
32720,0,346,251,95
32722,0,8,12,-4
32723,0,299,184,115
32724,0,15,55,-40
32725,0,510,398,112
32726,0,62,38,24
32727,0,24,20,4
32728,0,85,35,50
32729,0,5026,8659,-3633
32730,0,86,73,13
32731,0,144,477,-333
32732,0,32,0,32
32734,0,181,376,-195
32735,0,30,73,-43
32736,0,1229,51,1178
32737,0,293,406,-113
32738,0,91,82,9
32739,0,12,45,-33
32740,0,190,165,25
32742,0,128,213,-85
32743,0,12842,10432,2410
32744,0,6,12,-6
32745,0,29,48,-19
32746,0,375,359,16
32747,0,27,32,-5
32748,0,4,2,2
32749,0,177,527,-350
32750,0,979,905,74
32751,0,230,121,109
32752,0,107,218,-111
32753,0,155,64,91
32756,0,133,162,-29
32757,0,546,502,44
32758,0,54,50,4
32760,0,16,33,-17
32761,0,1,4,-3
32762,0,6,44,-38
32763,0,3,6,-3
32764,0,43,100,-57
32765,0,355,221,134
32766,0,176,447,-271
32767,0,200,116,84
32768,0,12,10,2
32769,0,38,33,5
32770,0,129,105,24
32771,0,3,12,-9
32772,0,228,360,-132
32773,0,14,32,-18
32774,0,22,7,15
32775,0,1146,1551,-405
32776,0,162,360,-198
32777,0,122,86,36
32778,0,86,105,-19
32779,0,39,128,-89
32780,0,297,306,-9
32781,0,90,22,68
32782,0,49,60,-11
32783,0,17513,12001,5512
32784,0,15,23,-8
32785,0,326,604,-278
32786,0,183,187,-4
32787,0,638,279,359
32788,0,7484,6536,948
32789,0,123,121,2
32790,0,220,282,-62
32791,0,1,0,1
32792,0,90,261,-171
32793,0,461,243,218
32794,0,83,79,4
32795,0,432,197,235
32796,0,1,2,-1
32797,0,2,1,1
32798,0,56,23,33
32799,0,26,128,-102
32800,0,6,3,3
32801,0,335,402,-67
32802,0,74,751,-677
32803,0,12,7,5
32804,0,21,8,13
32805,0,29,73,-44
32806,0,57,42,15
32807,0,57,110,-53
32808,0,11,24,-13
32809,0,46,73,-27
32810,0,20,2,18
32811,0,138,303,-165
32812,0,681,1259,-578
32813,0,55,120,-65
32814,0,969,110,859
32815,0,176,515,-339
32816,0,33,43,-10
32817,0,26,14,12
32818,0,1464,221,1243
32819,0,58,20,38
32820,0,211,131,80
32822,0,55,94,-39
32823,0,2925,5858,-2933
32824,0,5981,5121,860
32826,0,8532,7032,1500
32827,0,21,7,14
32828,0,7,11,-4
32829,0,12,17,-5
32830,0,12,36,-24
32831,0,219,115,104
32832,0,376,105,271
32833,0,18,128,-110
32834,0,505,689,-184
32835,0,2,5,-3
32836,0,1505,1740,-235
32837,0,98,21,77
32838,0,50,11,39
32839,0,69,666,-597
32840,0,14,3,11
32841,0,94,53,41
32842,0,29,20,9
32843,0,32,36,-4
32844,0,21,11,10
32845,0,15,30,-15
32846,0,40,84,-44
32848,0,9,15,-6
32849,0,96,191,-95
32850,0,16,3,13
32851,0,23,29,-6
32852,0,130,91,39
32853,0,2,17,-15
32854,0,252,237,15
32855,0,465,44,421
32857,0,41,168,-127
32858,0,2907,2123,784
32859,0,30,102,-72
32860,0,108,71,37
32861,0,134,116,18
32862,0,75,123,-48
32863,0,1941,1817,124
32864,0,481,423,58
32865,0,60,158,-98
32866,0,24,18,6
32867,0,10,7,3
32868,0,46,36,10
32870,0,29,55,-26
32871,0,44,118,-74
32873,0,122,160,-38
32875,0,363,497,-134
32876,0,141,147,-6
32877,0,77,98,-21
32878,0,85,17,68
32879,0,164,64,100
32880,0,1,1,0
32881,0,41,88,-47
32882,0,6594,9587,-2993
32883,0,6,9,-3
32884,0,665,945,-280
32885,0,10588,3148,7440
32886,0,2375,4927,-2552
32887,0,6,38,-32
32888,0,15,61,-46
32889,0,3,4,-1
32890,0,72,190,-118
32891,0,559,2707,-2148
32892,0,22,3,19
32894,0,66,356,-290
32895,0,22,6,16
32896,0,386,772,-386
32897,0,992,18,974
32898,0,274,441,-167
32899,0,10,6,4
32900,0,251,125,126
32901,0,49,18,31
32902,0,9,8,1
32903,0,2689,962,1727
32905,0,13,53,-40
32906,0,5,14,-9
32907,0,125,125,0
32908,0,179,201,-22
32909,0,2,3,-1
32911,0,1,9,-8
32912,0,14,30,-16
32915,0,238,243,-5
32916,0,15,73,-58
32918,0,84,73,11
32919,0,143,235,-92
32920,0,122,261,-139
32921,0,6,182,-176
32922,0,32,6,26
32923,0,710,949,-239
32924,0,9,2,7
32925,0,471,426,45
32926,0,6,6,0
32927,0,246,19,227
32928,0,144,21,123
32929,0,23,28,-5
32930,0,232,117,115
32931,0,7,14,-7
32932,0,1,3,-2
32933,0,41,25,16
32935,0,187,128,59
32936,0,17,19,-2
32937,0,39,8,31
32938,0,95,197,-102
32939,0,86,70,16
32940,0,121,138,-17
32941,0,44,60,-16
32942,0,17,52,-35
32943,0,2,21,-19
32944,0,4,19,-15
32945,0,303,473,-170
32946,0,48,95,-47
32947,0,17,44,-27
32948,0,126,7,119
32949,0,133,182,-49
32950,0,380,752,-372
32951,0,217,483,-266
32952,0,11,4,7
32953,0,1,5,-4
32954,0,6,2,4
32956,0,13,22,-9
32957,0,55,48,7
32958,0,1082,228,854
32959,0,333,545,-212
32960,0,326,694,-368
32961,0,70,40,30
32962,0,149,511,-362
32963,0,30,17,13
32964,0,15,39,-24
32965,0,2782,2025,757
32966,0,34,24,10
32967,0,1127,1984,-857
32968,0,2,16,-14
32969,0,1341,87,1254
32970,0,17,10,7
32972,0,182,315,-133
32973,0,35,33,2
32974,0,30,20,10
32975,0,28,8,20
32976,0,6874,2103,4771
32977,0,241,265,-24
32978,0,76,11,65
32979,0,12,20,-8
32980,0,2627,4485,-1858
32981,0,367,82,285
32982,0,189,2436,-2247
32983,0,193,116,77
32984,0,25,13,12
32985,0,4015,1624,2391
32986,0,2,5,-3
32987,0,425,92,333
32988,0,15,18,-3
32989,0,363,152,211
32990,0,52,67,-15
32991,0,480,107,373
32992,0,2382,3523,-1141
32994,0,724,787,-63
32995,0,90,151,-61
32996,0,7601,8579,-978
32997,0,17,2,15
32998,0,68,88,-20
32999,0,56,70,-14
33000,0,33,30,3
33001,0,1672,1616,56
33002,0,107,129,-22
33003,0,24,72,-48
33005,0,265,730,-465
33006,0,64,52,12
33007,0,25,10,15
33008,0,35,13,22
33009,0,126,626,-500
33010,0,153,244,-91
33011,0,213,97,116
33012,0,17,115,-98
33013,0,53,47,6
33014,0,10306,9401,905
33015,0,11,11,0
33016,0,131,38,93
33018,0,29,17,12
33019,0,76,10,66
33020,0,362,83,279
33021,0,30,3,27
33022,0,13,17,-4
33023,0,41,233,-192
33024,0,364,287,77
33025,0,74,175,-101
33026,0,16,88,-72
33027,0,16,65,-49
33028,0,17,7,10
33029,0,73,468,-395
33030,0,4,21,-17
33031,0,69,326,-257
33033,0,17,11,6
33035,0,18,40,-22
33036,0,11,61,-50
33037,0,11,56,-45
33038,0,109,127,-18
33039,0,1623,864,759
33040,0,4,8,-4
33041,0,14,6,8
33042,0,1288,1343,-55
33043,0,82,112,-30
33044,0,857,238,619
33045,0,1129,1317,-188
33046,0,93,81,12
33047,0,30,43,-13
33049,0,25,185,-160
33051,0,16,75,-59
33052,0,8,5,3
33054,0,144,147,-3
33055,0,16,46,-30
33056,0,28,65,-37
33057,0,47,19,28
33058,0,7,76,-69
33059,0,2,15,-13
33060,0,12,40,-28
33061,0,247,442,-195
33062,0,9,32,-23
33063,0,53,18,35
33064,0,74,91,-17
33065,0,708,349,359
33066,0,52,70,-18
33067,0,1115,1022,93
33068,0,23,28,-5
33069,0,216,403,-187
33070,0,11,43,-32
33072,0,683,452,231
33073,0,47,226,-179
33074,0,30,107,-77
33075,0,5,42,-37
33076,0,1884,899,985
33077,0,7,4,3
33078,0,1,9,-8
33079,0,9,7,2
33080,0,5,21,-16
33081,0,52,22,30
33082,0,5,1,4
33083,0,15,21,-6
33084,0,5,16,-11
33085,0,16,7,9
33086,0,35,23,12
33087,0,162,189,-27
33088,0,28,27,1
33090,0,12281,9175,3106
33091,0,441,571,-130
33092,0,130,98,32
33093,0,1,18,-17
33094,0,503,800,-297
33095,0,784,1159,-375
33096,0,2,148,-146
33097,0,68,78,-10
33098,0,97,102,-5
33099,0,1,5,-4
33100,0,6,10,-4
33101,0,109,154,-45
33102,0,280,2304,-2024
33103,0,430,292,138
33104,0,9,18,-9
33105,0,9,135,-126
33106,0,2418,5588,-3170
33107,0,118,117,1
33108,0,1,3,-2
33109,0,31,14,17
33110,0,7,2,5
33111,0,78,905,-827
33112,0,9,15,-6
33113,0,34,29,5
33114,0,3,25,-22
33115,0,38,22,16
33116,0,7,30,-23
33117,0,48,7,41
33118,0,37,68,-31
33119,0,49,56,-7
33120,0,21,40,-19
33121,0,3,74,-71
33122,0,166,240,-74
33123,0,128,215,-87
33124,0,956,369,587
33125,0,2168,1839,329
33126,0,56,17,39
33127,0,7,1,6
33128,0,69,85,-16
33129,0,53,36,17
33130,0,6,2,4
33131,0,3,20,-17
33132,0,230,105,125
33133,0,35,32,3
33134,0,21,8,13
33135,0,33,15,18
33136,0,23,23,0
33137,0,131,273,-142
33138,0,27,30,-3
33139,0,253,172,81
33140,0,11,12,-1
33141,0,93,130,-37
33142,0,183,163,20
33143,0,72,153,-81
33144,0,20,44,-24
33145,0,6,83,-77
33147,0,77,26,51
33148,0,6,4,2
33149,0,2,7,-5
33150,0,6,22,-16
33151,0,105,99,6
33152,0,47,17,30
33153,0,8046,1538,6508
33154,0,2,8,-6
33155,0,88,235,-147
33156,0,14,84,-70
33157,0,812,28,784
33158,0,40,41,-1
33159,0,701,542,159
33160,0,376,271,105
33161,0,68,83,-15
33162,0,14,188,-174
33163,0,401,137,264
33164,0,3,10,-7
33165,0,6,52,-46
33166,0,7,31,-24
33167,0,76,57,19
33168,0,25,6,19
33169,0,45,83,-38
33170,0,16,27,-11
33173,0,42,112,-70
33174,0,7,60,-53
33175,0,9,22,-13
33176,0,5,18,-13
33177,0,59,118,-59
33178,0,542,51,491
33179,0,31,37,-6
33180,0,16,32,-16
33181,0,19,18,1
33182,0,75,44,31
33183,0,144,154,-10
33184,0,67,22,45
33185,0,62,220,-158
33186,0,1,31,-30
33187,0,35,330,-295
33188,0,11,18,-7
33189,0,51,41,10
33190,0,482,270,212
33191,0,807,154,653
33192,0,13,4,9
33193,0,59,31,28
33194,0,28,105,-77
33195,0,10,25,-15
33196,0,78,19,59
33197,0,31,7,24
33198,0,344,267,77
33199,0,92,176,-84
33200,0,3,911,-908
33201,0,82,319,-237
33202,0,26,55,-29
33203,0,1809,903,906
33204,0,110,96,14
33205,0,74,124,-50
33206,0,49,0,49
33207,0,17,28,-11
33208,0,1,59,-58
33209,0,21,26,-5
33210,0,37,28,9
33211,0,198,155,43
33212,0,214,289,-75
33213,0,217,102,115
33214,0,7553,6888,665
33215,0,351,154,197
33216,0,37,16,21
33217,0,614,756,-142
33218,0,158,234,-76
33219,0,46,14,32
33220,0,520,262,258
33222,0,4,13,-9
33223,0,9,2,7
33224,0,6,400,-394
33225,0,9,14,-5
33227,0,375,389,-14
33228,0,15,32,-17
33229,0,8,44,-36
33230,0,18,57,-39
33232,0,464,1596,-1132
33233,0,672,350,322
33234,0,57,184,-127
33235,0,99,69,30
33236,0,511,121,390
33237,0,7,21,-14
33238,0,20,11,9
33239,0,51,31,20
33240,0,212,256,-44
33242,0,9376,7824,1552
33243,0,724,1178,-454
33244,0,25,51,-26
33245,0,36,89,-53
33246,0,12,10,2
33247,0,47,37,10
33248,0,8,16,-8
33249,0,136,146,-10
33250,0,5,17,-12
33251,0,296,403,-107
33253,0,682,389,293
33254,0,523,1518,-995
33255,0,1475,944,531
33256,0,9,54,-45
33257,0,38,25,13
33258,0,74,88,-14
33259,0,28,30,-2
33260,0,14,14,0
33261,0,250,216,34
33262,0,56,42,14
33263,0,120,171,-51
33264,0,54,58,-4
33265,0,13,9,4
33266,0,45,7,38
33267,0,11,27,-16
33268,0,17,19,-2
33269,0,38,38,0
33270,0,12,15,-3
33271,0,9,44,-35
33272,0,9,15,-6
33273,0,4,13,-9
33274,0,71,65,6
33275,0,241,1671,-1430
33276,0,32,2,30
33277,0,384,1023,-639
33278,0,669,77,592
33279,0,424,215,209
33280,0,17,17,0
33281,0,11385,6500,4885
33282,0,41,785,-744
33283,0,20,11,9
33284,0,162,88,74
33285,0,56,32,24
33286,0,11,10,1
33287,0,368,321,47
33288,0,180,270,-90
33289,0,8,35,-27
33290,0,3,26,-23
33291,0,1513,782,731
33292,0,1675,286,1389
33293,0,27,13,14
33294,0,146,285,-139
33295,0,18,10,8
33296,0,133,119,14
33297,0,23,93,-70
33298,0,13,58,-45
33299,0,48,71,-23
33300,0,115,92,23
33301,0,302,702,-400
33303,0,21,37,-16
33305,0,23,33,-10
33306,0,25,94,-69
33307,0,54,70,-16
33308,0,4,359,-355
33309,0,17,2,15
33310,0,55,277,-222
33311,0,68,382,-314
33312,0,179,101,78
33313,0,33,68,-35
33314,0,42,50,-8
33315,0,30,22,8
33316,0,19,110,-91
33317,0,18,45,-27
33318,0,148,212,-64
33321,0,269,134,135
33322,0,51,18,33
33323,0,109,34,75
33324,0,541,489,52
33325,0,1214,1502,-288
33326,0,106,96,10
33327,0,2,3,-1
33328,0,128,164,-36
33329,0,102,40,62
33330,0,575,832,-257
33332,0,44,64,-20
33333,0,5,57,-52
33334,0,12136,8445,3691
33335,0,170,304,-134
33336,0,211,48,163
33337,0,447,533,-86
33338,0,61,124,-63
33339,0,10,18,-8
33340,0,6,37,-31
33341,0,12,10,2
33342,0,20,43,-23
33343,0,10,10,0
33344,0,2,239,-237
33345,0,201,585,-384
33346,0,16,29,-13
33347,0,26,73,-47
33348,0,5,1,4
33349,0,6,9,-3
33350,0,7,5,2
33351,0,29,104,-75
33354,0,10,12,-2
33355,0,60,70,-10
33356,0,2,139,-137
33357,0,239,31,208
33358,0,118,141,-23
33359,0,55,304,-249
33361,0,111,11,100
33362,0,20,19,1
33363,0,196,162,34
33364,0,473,995,-522
33365,0,4,76,-72
33366,0,7,7,0
33367,0,41,39,2
33368,0,26,94,-68
33369,0,10,13,-3
33370,0,189,132,57
33371,0,81,45,36
33372,0,57,81,-24
33373,0,137,145,-8
33374,0,127,73,54
33375,0,101,192,-91
33376,0,52,1,51
33377,0,27,18,9
33378,0,54,43,11
33379,0,9,19,-10
33380,0,15,89,-74
33381,0,10,6,4
33382,0,52,26,26
33383,0,24,512,-488
33384,0,7,2,5
33385,0,42,14,28
33386,0,3,17,-14
33387,0,1822,345,1477
33388,0,36,22,14
33389,0,30,6,24
33390,0,59,46,13
33391,0,195,132,63
33392,0,200,86,114
33393,0,150,79,71
33394,0,24,35,-11
33395,0,87,85,2
33396,0,103,131,-28
33397,0,20,25,-5
33398,0,41,51,-10
33399,0,3,23,-20
33400,0,42,28,14
33401,0,1333,890,443
33402,0,128,117,11
33403,0,26,81,-55
33404,0,1513,1102,411
33405,0,54,28,26
33406,0,63,209,-146
33407,0,255,309,-54
33408,0,4661,2046,2615
33409,0,5,15,-10
33410,0,102,73,29
33411,0,36,22,14
33412,0,32,58,-26
33413,0,32,77,-45
33414,0,18,72,-54
33416,0,133,60,73
33417,0,1651,3408,-1757
33418,0,175,4,171
33419,0,42,78,-36
33420,0,138,158,-20
33421,0,2987,3384,-397
33422,0,69,36,33
33423,0,66,102,-36
33424,0,3,4,-1
33425,0,39,18,21
33426,0,310,825,-515
33427,0,28,504,-476
33428,0,41,29,12
33429,0,10,18,-8
33430,0,18,47,-29
33432,0,10,28,-18
33433,0,107,79,28
33434,0,5412,121897,-116485
33435,0,1806,1346,460
33436,0,2548,2281,267
33437,0,100,41,59
33438,0,9,41,-32
33439,0,347,173,174
33440,0,35,30,5
33441,0,79,43,36
33443,0,847,2488,-1641
33444,0,19,19,0
33445,0,140,12,128
33446,0,25,54,-29
33447,0,979,821,158
33448,0,21,3,18
33449,0,4363,7016,-2653
33450,0,226,233,-7
33451,0,247,108,139
33452,0,40,18,22
33453,0,9,24,-15
33455,0,5478,5305,173
33456,0,33,19,14
33457,0,5,9,-4
33458,0,30,35,-5
33459,0,37,9,28
33460,0,323,87,236
33461,0,95,107,-12
33462,0,53,57,-4
33463,0,152,1608,-1456
33465,0,39,14,25
33466,0,20,13,7
33467,0,13,14,-1
33468,0,33,113,-80
33470,0,55,70,-15
33471,0,1575,1511,64
33472,0,45,215,-170
33473,0,34,40,-6
33474,0,617,574,43
33475,0,1679,929,750
33476,0,5,17,-12
33477,0,57,50,7
33478,0,32,38,-6
33479,0,2,3,-1
33480,0,11,15,-4
33481,0,297,177,120
33482,0,13036,17995,-4959
33483,0,69,17,52
33484,0,33,191,-158
33485,0,3638,728,2910
33486,0,22,24,-2
33487,0,363,281,82
33489,0,6,22,-16
33490,0,340,4,336
33491,0,80,57,23
33492,0,30,27,3
33493,0,5,10,-5
33494,0,28,324,-296
33495,0,12,14,-2
33496,0,10,26,-16
33497,0,9,36,-27
33498,0,2619,1762,857
33499,0,72,96,-24
33500,0,400,1083,-683
33501,0,62,36,26
33502,0,228,30,198
33503,0,9,3,6
33504,0,28,9,19
33506,0,821,698,123
33507,0,6821,4784,2037
33508,0,3051,2375,676
33509,0,2,5,-3
33510,0,9,15,-6
33511,0,6,75,-69
33512,0,58,28,30
33513,0,1193,611,582
33514,0,1578,855,723
33515,0,2,4,-2
33517,0,4,6,-2
33518,0,3,249,-246
33519,0,32,64,-32
33520,0,1,12,-11
33522,0,22,14,8
33523,0,48,91,-43
33524,0,5581,1538,4043
33525,0,12244,4536,7708
33526,0,495,1729,-1234
33527,0,21,24,-3
33528,0,136,453,-317
33529,0,25,27,-2
33530,0,41,21,20
33531,0,28,34,-6
33532,0,86,4,82
33533,0,103,63,40
33534,0,1998,2005,-7
33535,0,3,4,-1
33536,0,61,68,-7
33537,0,11,17,-6
33538,0,2067,61,2006
33539,0,60,96,-36
33540,0,62,65,-3
33541,0,2,15,-13
33542,0,114,241,-127
33544,0,1,1,0
33545,0,8,10,-2
33546,0,25,22,3
33547,0,22,43,-21
33548,0,7,25,-18
33549,0,383,262,121
33550,0,354,19,335
33551,0,163,287,-124
33552,0,8,13,-5
33554,0,17,12,5
33555,0,11,23,-12
33556,0,323,1120,-797
33557,0,13,22,-9
33558,0,32,47,-15
33559,0,19,39,-20
33560,0,96,30,66
33561,0,2203,655,1548
33562,0,11,13,-2
33563,0,104,177,-73
33564,0,81,39,42
33565,0,49,32,17
33567,0,12,13,-1
33568,0,134,45,89
33569,0,12,9,3
33570,0,58,45,13
33571,0,33,37,-4
33572,0,250,184,66
33573,0,7,24,-17
33574,0,39,27,12
33575,0,24,66,-42
33576,0,1,3,-2
33577,0,34,174,-140
33578,0,37,153,-116
33579,0,73,122,-49
33580,0,63,104,-41
33581,0,58,78,-20
33582,0,9,1068,-1059
33583,0,6,27,-21
33584,0,1524,528,996
33585,0,22,70,-48
33586,0,145,79,66
33587,0,39,18,21
33588,0,9,49,-40
33589,0,390,54,336
33590,0,5478,4886,592
33592,0,315,2773,-2458
33593,0,15,124,-109
33594,0,923,1189,-266
33595,0,35,236,-201
33596,0,64,291,-227
33597,0,16,61,-45
33598,0,5,13,-8
33599,0,83,232,-149
33600,0,21,9,12
33601,0,144,90,54
33602,0,156,107,49
33603,0,34,52,-18
33604,0,68,173,-105
33605,0,20,19,1
33606,0,394,618,-224
33607,0,62,190,-128
33608,0,20,60,-40
33609,0,7,3,4
33610,0,8,79,-71
33611,0,15,20,-5
33612,0,32,21,11
33613,0,7,16,-9
33614,0,919,1053,-134
33615,0,162,60,102
33616,0,41,32,9
33617,0,19,38,-19
33618,0,49,142,-93
33619,0,331,352,-21
33620,0,22,54,-32
33621,0,58,69,-11
33622,0,67,123,-56
33623,0,846,996,-150
33624,0,11,41,-30
33625,0,21,71,-50
33626,0,33,76,-43
33627,0,175,216,-41
33628,0,19,3,16
33629,0,1786,217,1569
33630,0,11,30,-19
33631,0,28,4,24
33633,0,11,6,5
33634,0,22,157,-135
33635,0,25,8,17
33636,0,171,30,141
33637,0,11,47,-36
33638,0,69,38,31
33640,0,178,163,15
33641,0,83,99,-16
33642,0,11,12,-1
33643,0,17,59,-42
33644,0,39,33,6
33645,0,4,19,-15
33647,0,71,91,-20
33648,0,14,11,3
33649,0,53,7,46
33650,0,26,9,17
33651,0,51,149,-98
33652,0,227,113,114
33653,0,3,16,-13
33655,0,25,1,24
33656,0,26,53,-27
33657,0,24,28,-4
33658,0,62,107,-45
33659,0,1714,4400,-2686
33660,0,80,560,-480
33661,0,11,20,-9
33662,0,71,16,55
33663,0,20,22,-2
33664,0,5,20,-15
33665,0,282,568,-286
33666,0,316,353,-37
33667,0,302,1081,-779
33669,0,914,1400,-486
33670,0,14,30,-16
33671,0,1327,432,895
33672,0,4054,2205,1849
33673,0,939,1917,-978
33674,0,49,45,4
33675,0,18,16,2
33676,0,153,200,-47
33677,0,4060,5901,-1841
33678,0,57,72,-15
33679,0,25,10,15
33680,0,11,13,-2
33681,0,115,56,59
33682,0,517,468,49
33683,0,62,81,-19
33684,0,276,1091,-815
33685,0,54,39,15
33686,0,320,265,55
33687,0,77,10,67
33688,0,15,12,3
33689,0,60,63,-3
33690,0,3,9,-6
33691,0,46,11,35
33692,0,18,98,-80
33693,0,1598,3076,-1478
33694,0,46,33,13
33695,0,7,4,3
33696,0,10,14,-4
33697,0,19,66,-47
33698,0,74,78,-4
33699,0,30,14,16
33700,0,49,276,-227
33701,0,3,1,2
33702,0,151,1301,-1150
33703,0,256,221,35
33705,0,14,37,-23
33706,0,12,36,-24
33707,0,870,951,-81
33708,0,646,48,598
33709,0,66,56,10
33710,0,131,151,-20
33711,0,15,47,-32
33712,0,4,5,-1
33713,0,135,9,126
33714,0,8,7,1
33715,0,332,1444,-1112
33716,0,84,511,-427
33717,0,5,23,-18
33718,0,866,814,52
33719,0,161,494,-333
33720,0,30,42,-12
33721,0,12,2,10
33722,0,10,10,0
33723,0,44,75,-31
33725,0,87,16,71
33726,0,2257,4233,-1976
33727,0,80,80,0
33728,0,27,35,-8
33729,0,2,1,1
33730,0,64,61,3
33731,0,112,122,-10
33732,0,1020,1228,-208
33733,0,499,619,-120
33734,0,58,115,-57
33736,0,177,528,-351
33737,0,3307,4658,-1351
33738,0,33,30,3
33739,0,19,29,-10
33740,0,97,61,36
33742,0,340,217,123
33743,0,248,207,41
33744,0,59,102,-43
33745,0,11,45,-34
33746,0,45,27,18
33747,0,19,27,-8
33748,0,95,40,55
33749,0,23,36,-13
33750,0,8,18,-10
33751,0,232,235,-3
33752,0,26,30,-4
33753,0,51,37,14
33755,0,6,11,-5
33756,0,9,1,8
33757,0,221,192,29
33758,0,104,24,80
33759,0,17,9,8
33760,0,8,24,-16
33761,0,3,9,-6
33762,0,47,87,-40
33763,0,63,81,-18
33764,0,4,5,-1
33765,0,95,208,-113
33766,0,7,2,5
33767,0,124,41,83
33768,0,51,157,-106
33769,0,167,254,-87
33770,0,14,28,-14
33771,0,96,183,-87
33772,0,21,39,-18
33773,0,42,58,-16
33774,0,200,100,100
33775,0,106,152,-46
33776,0,12,67,-55
33777,0,489,273,216
33778,0,29,95,-66
33779,0,206,410,-204
33780,0,107,83,24
33781,0,27,34,-7
33782,0,220,185,35
33783,0,3624,3742,-118
33784,0,5,3,2
33786,0,3,5,-2
33787,0,36,300,-264
33788,0,4807,6971,-2164
33789,0,170,107,63
33790,0,291,507,-216
33791,0,45,36,9
33793,0,79,41,38
33794,0,1256,399,857
33795,0,1206,1433,-227
33796,0,2,13,-11
33797,0,50,711,-661
33798,0,72,35,37
33799,0,221,179,42
33800,0,56,79,-23
33801,0,145,259,-114
33802,0,1,12,-11
33803,0,826,3227,-2401
33804,0,49,59,-10
33805,0,54,103,-49
33806,0,42,79,-37
33807,0,110,36,74
33808,0,8,36,-28
33809,0,85,60,25
33810,0,9,4,5
33811,0,74,171,-97
33812,0,33,148,-115
33813,0,109,243,-134
33814,0,532,540,-8
33815,0,179,529,-350
33816,0,1,1,0
33818,0,182,115,67
33819,0,1689,350,1339
33820,0,14,14,0
33822,0,45,152,-107
33823,0,429,646,-217
33824,0,49,57,-8
33825,0,39,33,6
33827,0,42,153,-111
33828,0,19,15,4
33829,0,2603,830,1773
33830,0,144,164,-20
33831,0,429,167,262
33832,0,18,13,5
33833,0,10,33,-23
33834,0,7,9,-2
33835,0,4042,2630,1412
33836,0,126316,240072,-113756
33837,0,29,275,-246
33838,0,3,4,-1
33839,0,66,10,56
33840,0,175,417,-242
33841,0,2,15,-13
33842,0,2385,3428,-1043
33843,0,206,297,-91
33844,0,83,103,-20
33845,0,1230,960,270
33846,0,1,2,-1
33847,0,15,26,-11
33848,0,55,94,-39
33849,0,18,165,-147
33850,0,63,154,-91
33851,0,367,600,-233
33852,0,8168,11627,-3459
33853,0,73,78,-5
33854,0,340,281,59
33855,0,33,40,-7
33856,0,11,18,-7
33857,0,13,24,-11
33858,0,4,4,0
33860,0,2,8,-6
33861,0,466,97,369
33862,0,445,53,392
33863,0,10,10,0
33864,0,74,42,32
33865,0,123,6,117
33866,0,143,207,-64
33867,0,53,69,-16
33868,0,96,79,17
33869,0,1,10,-9
33871,0,51,67,-16
33872,0,2,4,-2
33873,0,2,6,-4
33874,0,23,16,7
33875,0,66,126,-60
33876,0,3,1,2
33877,0,8,23,-15
33878,0,12,22,-10
33880,0,26,40,-14
33881,0,22,12,10
33882,0,230,4743,-4513
33883,0,9,7,2
33884,0,452,357,95
33885,0,69,116,-47
33886,0,77,26,51
33887,0,9,1,8
33888,0,1649,1968,-319
33889,0,14,2,12
33890,0,48,75,-27
33891,0,643,1565,-922
33892,0,3034,1739,1295
33893,0,41,137,-96
33894,0,23,26,-3
33895,0,4,8,-4
33896,0,368,288,80
33897,0,87,35,52
33898,0,256,332,-76
33899,0,126,34,92
33900,0,3,26,-23
33901,0,839,2132,-1293
33902,0,860,1218,-358
33903,0,78,67,11
33905,0,63,78,-15
33906,0,8,43,-35
33907,0,2,8,-6
33908,0,79,316,-237
33909,0,5,21,-16
33910,0,72,225,-153
33911,0,875,673,202
33912,0,78,276,-198
33913,0,497,3019,-2522
33914,0,82,100,-18
33915,0,2744,2604,140
33916,0,18,57,-39
33917,0,32,85,-53
33918,0,1787,1509,278
33919,0,190,22,168
33920,0,4,4,0
33921,0,69,73,-4
33922,0,2,7,-5
33923,0,40,31,9
33924,0,892,3419,-2527
33925,0,78,28,50
33926,0,38,44,-6
33927,0,55,8,47
33928,0,5,52,-47
33929,0,335,159,176
33930,0,52,57,-5
33931,0,285,188,97
33932,0,27,54,-27
33933,0,131,319,-188
33934,0,338,542,-204
33935,0,9,8,1
33936,0,112,184,-72
33937,0,92,36,56
33938,0,14,4,10
33939,0,47,28,19
33940,0,27,38,-11
33941,0,20,60,-40
33943,0,11,2,9
33944,0,103,20,83
33945,0,6314,3232,3082
33946,0,610,680,-70
33947,0,52,58,-6
33948,0,12,32,-20
33949,0,4358,4560,-202
33950,0,20,13,7
33951,0,9,16,-7
33953,0,138,60,78
33954,0,357,474,-117
33955,0,119,4,115
33956,0,23,27,-4
33957,0,527,514,13
33958,0,47,42,5
33959,0,189,218,-29
33960,0,15,103,-88
33962,0,127,96,31
33963,0,29,4,25
33964,0,20,29,-9
33965,0,31,62,-31
33966,0,1,2,-1
33967,0,47,40,7
33968,0,63,65,-2
33969,0,51,56,-5
33970,0,1515,649,866
33971,0,33,50,-17
33972,0,225,171,54
33973,0,963,1357,-394
33974,0,17,28,-11
33975,0,1992,3311,-1319
33976,0,15,37,-22
33978,0,1,9,-8
33979,0,125,172,-47
33980,0,38,70,-32
33981,0,1576,2844,-1268
33982,0,45,62,-17
33983,0,15,7,8
33984,0,127,23,104
33985,0,681,1528,-847
33987,0,1188,723,465
33989,0,16,18,-2
33991,0,259,454,-195
33992,0,24,122,-98
33993,0,102,54,48
33994,0,21,176,-155
33995,0,3871,5511,-1640
33996,0,6576,8008,-1432
33997,0,540,147,393
33998,0,92,134,-42
33999,0,106,268,-162
34000,0,1335,832,503
34001,0,820,453,367
34003,0,65,94,-29
34004,0,66,39,27
34005,0,1017,1458,-441
34006,0,22,26,-4
34007,0,1211,1287,-76
34008,0,8,46,-38
34009,0,156,312,-156
34010,0,13,25,-12
34011,0,21,13,8
34012,0,45,2,43
34013,0,40,12,28
34015,0,7,9,-2
34016,0,175,234,-59
34017,0,9,11,-2
34018,0,125,99,26
34019,0,69,18,51
34020,0,15,5,10
34021,0,80,46,34
34022,0,281,125,156
34023,0,8,26,-18
34024,0,6286,3806,2480
34025,0,4,19,-15
34026,0,33,415,-382
34027,0,70,47,23
34028,0,1689,2209,-520
34029,0,815,922,-107
34030,0,7,45,-38
34031,0,12,25,-13
34032,0,30,6,24
34033,0,1606,2048,-442
34034,0,102,106,-4
34035,0,1072,1060,12
34036,0,367,443,-76
34037,0,2,769,-767
34038,0,10,4,6
34039,0,2,41,-39
34040,0,63,96,-33
34041,0,6,46,-40
34042,0,393,433,-40
34043,0,229,35,194
34044,0,19,14,5
34046,0,160,120,40
34047,0,13,19,-6
34048,0,4,8,-4
34049,0,190,112,78
34051,0,3,8,-5
34053,0,264,8240,-7976
34054,0,286,471,-185
34055,0,6,5,1
34056,0,36,55,-19
34058,0,321,162,159
34059,0,60,50,10
34060,0,535,260,275
34061,0,80,48,32
34062,0,80,15,65
34063,0,41,47,-6
34064,0,48,76,-28
34065,0,901,475,426
34067,0,33,80,-47
34068,0,64,155,-91
34069,0,3134,4295,-1161
34070,0,2319,2946,-627
34071,0,46,71,-25
34072,0,895,1066,-171
34073,0,58,39,19
34074,0,19,13,6
34075,0,1000,10205,-9205
34076,0,11,50,-39
34077,0,84,29,55
34078,0,2,10,-8
34079,0,14,3,11
34080,0,273,26,247
34081,0,5,12,-7
34082,0,21,98,-77
34083,0,110,50,60
34084,0,3894,6897,-3003
34085,0,200,29,171
34087,0,57,128,-71
34088,0,9,3,6
34089,0,3,17,-14
34090,0,2,21,-19
34091,0,17,11,6
34092,0,1189,371,818
34093,0,8,20,-12
34094,0,8,58,-50
34095,0,26,25,1
34096,0,106,178,-72
34097,0,161,300,-139
34098,0,34,7,27
34099,0,35,69,-34
34100,0,201,120,81
34101,0,13,160,-147
34102,0,8,0,8
34103,0,2125,4320,-2195
34104,0,2,33,-31
34105,0,658,832,-174
34106,0,40,29,11
34107,0,2,23,-21
34108,0,29,40,-11
34109,0,69,224,-155
34110,0,173,253,-80
34111,0,2,5,-3
34112,0,394,5181,-4787
34113,0,28,50,-22
34114,0,220,7,213
34115,0,3,14,-11
34116,0,9,3,6
34117,0,86,213,-127
34118,0,19,11,8
34119,0,100,164,-64
34120,0,2010,2563,-553
34121,0,41,254,-213
34122,0,112,289,-177
34123,0,94,30,64
34124,0,60,89,-29
34125,0,7,15,-8
34126,0,591,59,532
34127,0,22,20,2
34128,0,93,34,59
34129,0,9,24,-15
34130,0,308,391,-83
34131,0,387,96,291
34132,0,72,67,5
34133,0,85,46,39
34134,0,134,326,-192
34135,0,180,222,-42
34136,0,11,19,-8
34137,0,11,23,-12
34138,0,5,5,0
34139,0,93,201,-108
34140,0,3,8,-5
34141,0,11,6,5
34142,0,9,12,-3
34143,0,93,91,2
34144,0,21,75,-54
34145,0,23,66,-43
34146,0,195,232,-37
34147,0,7,11,-4
34148,0,2,2,0
34149,0,150,32,118
34150,0,156,345,-189
34151,0,200,387,-187
34152,0,31,116,-85
34153,0,231,97,134
34154,0,23,110,-87
34155,0,292,321,-29
34156,0,691,867,-176
34157,0,28,92,-64
34158,0,1908,1251,657
34159,0,48,49,-1
34160,0,9,1,8
34161,0,15,9,6
34162,0,260,127,133
34163,0,8,12,-4
34164,0,41,74,-33
34165,0,30,235,-205
34166,0,212,381,-169
34167,0,76,93,-17
34168,0,44,21,23
34169,0,608,84,524
34170,0,62,35,27
34171,0,24,46,-22
34172,0,13,7,6
34173,0,5784,6649,-865
34174,0,165,93,72
34175,0,27,34,-7
34176,0,157,42,115
34177,0,59,15,44
34178,0,5,7,-2
34179,0,192,193,-1
34180,0,10,92,-82
34181,0,27,35,-8
34182,0,12,42,-30
34183,0,70,93,-23
34184,0,34,57,-23
34185,0,2,2,0
34186,0,673,403,270
34187,0,57,68,-11
34189,0,160,210,-50
34190,0,78,35,43
34191,0,876,864,12
34192,0,1842,1716,126
34193,0,76,78,-2
34194,0,311,1099,-788
34195,0,19,4,15
34196,0,7,3,4
34197,0,128,220,-92
34198,0,44,64,-20
34199,0,14,77,-63
34200,0,2069,2284,-215
34201,0,149,9,140
34202,0,55,224,-169
34203,0,64,22,42
34204,0,64,200,-136
34205,0,72,96,-24
34206,0,113,46,67
34207,0,1320,3886,-2566
34208,0,583,859,-276
34209,0,582,604,-22
34210,0,2,6,-4
34211,0,5,25,-20
34212,0,339,420,-81
34213,0,52,132,-80
34214,0,1566,722,844
34215,0,72,61,11
34216,0,946,1057,-111
34217,0,2,23,-21
34218,0,46,47,-1
34219,0,4,31,-27
34220,0,414,501,-87
34221,0,6,9,-3
34222,0,57,104,-47
34223,0,15,4,11
34224,0,123,607,-484
34225,0,19,19,0
34226,0,382,87,295
34227,0,192,362,-170
34228,0,59,104,-45
34229,0,21,106,-85
34230,0,388,1321,-933
34231,0,469,209,260
34232,0,55,84,-29
34233,0,5,26,-21
34234,0,4958,9193,-4235
34235,0,932,445,487
34236,0,4,5,-1
34237,0,182,103,79
34238,0,118,169,-51
34239,0,63,76,-13
34240,0,5,6,-1
34241,0,59,72,-13
34242,0,14,14,0
34243,0,70,47,23
34244,0,113,30,83
34245,0,3,5,-2
34246,0,18,36,-18
34247,0,115,129,-14
34249,0,45,79,-34
34250,0,22,17,5
34251,0,38,95,-57
34252,0,41,3,38
34253,0,17,6,11
34254,0,5,18,-13
34255,0,29,59,-30
34256,0,19,69,-50
34257,0,35,18,17
34258,0,14,12,2
34259,0,153,135,18
34260,0,298,240,58
34261,0,68,18,50
34262,0,49,84,-35
34264,0,1013,647,366
34265,0,15,66,-51
34266,0,16,10,6
34267,0,36,30,6
34268,0,7,10,-3
34269,0,67,136,-69
34270,0,34,5,29
34271,0,249,749,-500
34272,0,66,111,-45
34273,0,23,17,6
34274,0,79,33,46
34275,0,48,25,23
34276,0,11,87,-76
34277,0,81,42,39
34278,0,40,17,23
34279,0,21,26,-5
34280,0,2019,3172,-1153
34281,0,187,81,106
34282,0,59,62,-3
34283,0,6,31,-25
34284,0,47,33,14
34285,0,1,141,-140
34287,0,138,379,-241
34289,0,371,117,254
34290,0,139,74,65
34291,0,60,25,35
34294,0,6107,3156,2951
34295,0,8,13,-5
34296,0,174,157,17
34297,0,12,6,6
34299,0,75,28,47
34300,0,10,57,-47
34301,0,3072,2917,155
34302,0,5,3,2
34303,0,424,359,65
34304,0,376,737,-361
34305,0,15,99,-84
34306,0,28,118,-90
34307,0,52,46,6
34308,0,7,7,0
34309,0,64,252,-188
34310,0,94,34,60
34311,0,79,138,-59
34312,0,24,8,16
34313,0,16,6,10
34314,0,22,45,-23
34315,0,16,22,-6
34316,0,9,0,9
34317,0,29,38,-9
34318,0,68,65,3
34319,0,105,21,84
34320,0,6148,8085,-1937
34321,0,88,61,27
34322,0,3,28,-25
34323,0,25,92,-67
34324,0,55,216,-161
34325,0,54,74,-20
34326,0,1,17,-16
34328,0,25,29,-4
34329,0,33,24,9
34330,0,3,86,-83
34331,0,2,4,-2
34332,0,53,14,39
34333,0,393,385,8
34334,0,36,41,-5
34335,0,3,11,-8
34336,0,4,17,-13
34337,0,51,10,41
34338,0,27,37,-10
34339,0,17,28,-11
34340,0,169,155,14
34341,0,5,1,4
34342,0,68,43,25
34343,0,2,10,-8
34344,0,127,10,117
34346,0,14,11,3
34347,0,743,547,196
34348,0,32,3,29
34349,0,2,4,-2
34350,0,7653,10814,-3161
34351,0,725,1446,-721
34352,0,296,1221,-925
34353,0,9,4,5
34354,0,2969,1407,1562
34355,0,8,14,-6
34356,0,740,512,228
34357,0,8238,6215,2023
34358,0,15,31,-16
34359,0,396,282,114
34360,0,69,72,-3
34361,0,175,9,166
34362,0,2135,935,1200
34363,0,285,169,116
34364,0,1311,1304,7
34365,0,4,9,-5
34366,0,29,31,-2
34367,0,20,15,5
34368,0,96,131,-35
34369,0,106,74,32
34370,0,1,11,-10
34372,0,6,23,-17
34373,0,106,71,35
34374,0,56,89,-33
34375,0,7513,6740,773
34377,0,89,542,-453
34378,0,2519,3244,-725
34379,0,410,784,-374
34380,0,7,35,-28
34381,0,12,13,-1
34382,0,5,17,-12
34383,0,6,4,2
34384,0,26,56,-30
34385,0,58,45,13
34386,0,239,95,144
34387,0,2384,944,1440
34388,0,21,8,13
34389,0,178,877,-699
34390,0,196,196,0
34391,0,9,27,-18
34392,0,36,82,-46
34393,0,2246,2212,34
34394,0,5529,2620,2909
34396,0,37,64,-27
34397,0,34,11,23
34398,0,51,59,-8
34399,0,271,53,218
34400,0,68,87,-19
34401,0,247,64,183
34402,0,14,25,-11
34403,0,17,28,-11
34404,0,813,910,-97
34405,0,99,103,-4
34406,0,410,449,-39
34407,0,231,75,156
34408,0,32,14,18
34409,0,2,9,-7
34410,0,4054,3729,325
34411,0,47,40,7
34412,0,2134,576,1558
34413,0,9,63,-54
34414,0,9,6,3
34415,0,22,48,-26
34416,0,28,107,-79
34417,0,2062,935,1127
34418,0,39,19,20
34419,0,3,19,-16
34420,0,123,133,-10
34421,0,563,227,336
34423,0,13,23,-10
34424,0,28,35,-7
34425,0,201,128,73
34426,0,74,34,40
34427,0,189,66,123
34428,0,210,101,109
34429,0,17,290,-273
34430,0,28,9,19
34431,0,470,630,-160
34432,0,1160,1861,-701
34433,0,240,287,-47
34434,0,48,25,23
34435,0,46,125,-79
34436,0,22,105,-83
34438,0,16,29,-13
34439,0,490,234,256
34440,0,7,3,4
34441,0,243,561,-318
34442,0,14,4,10
34444,0,12,24,-12
34445,0,101,39,62
34446,0,459,544,-85
34447,0,3177,4303,-1126
34448,0,6192,1785,4407
34449,0,5,4,1
34450,0,37,40,-3
34451,0,1923,2297,-374
34452,0,16,75,-59
34453,0,21,7,14
34454,0,172,24,148
34455,0,770,497,273
34456,0,34,4,30
34457,0,47,24,23
34458,0,97,25,72
34459,0,361,281,80
34460,0,38,52,-14
34461,0,5,20,-15
34462,0,75,70,5
34463,0,4419,6077,-1658
34464,0,73,126,-53
34465,0,73,60,13
34466,0,129,58,71
34467,0,214,77,137
34468,0,3423,1427,1996
34469,0,14,1,13
34470,0,36,33,3
34471,0,3,11,-8
34472,0,10,6,4
34473,0,51,48,3
34474,0,37,32,5
34475,0,24,15,9
34476,0,3,1,2
34477,0,24,1,23
34479,0,13,4,9
34480,0,10,39,-29
34481,0,150,150,0
34482,0,11,21,-10
34483,0,1,10,-9
34484,0,84,540,-456
34485,0,12,11,1
34486,0,130,99,31
34490,0,110,214,-104
34491,0,52,76,-24
34492,0,120,100,20
34493,0,12,25,-13
34494,0,65,59,6
34495,0,61,63,-2
34496,0,200,5,195
34497,0,6,6,0
34498,0,704,291,413
34500,0,110,69,41
34501,0,31,62,-31
34502,0,576,604,-28
34503,0,13,42,-29
34504,0,5692,6597,-905
34505,0,255,1124,-869
34506,0,8,9,-1
34507,0,40,49,-9
34508,0,68,26,42
34509,0,59,12,47
34510,0,54,16,38
34511,0,18,4,14
34512,0,43,309,-266
34513,0,75,72,3
34514,0,403,153,250
34515,0,77,26,51
34516,0,197,38,159
34517,0,33,57,-24
34519,0,5,10,-5
34521,0,513,671,-158
34522,0,1,1,0
34523,0,13,24,-11
34524,0,58,9,49
34525,0,43,34,9
34526,0,2069,2298,-229
34527,0,122,181,-59
34528,0,211,297,-86
34530,0,2,25,-23
34531,0,147,60,87
34532,0,4,14,-10
34533,0,66,27,39
34534,0,167,206,-39
34535,0,24,17,7
34536,0,68,160,-92
34537,0,21,59,-38
34539,0,56,47,9
34540,0,10,28,-18
34542,0,148,97,51
34543,0,13,21,-8
34544,0,18,37,-19
34545,0,446,607,-161
34546,0,186,1393,-1207
34547,0,2104,1375,729
34548,0,340,380,-40
34550,0,18,46,-28
34551,0,40,75,-35
34552,0,39,45,-6
34553,0,1,2,-1
34554,0,31,22,9
34555,0,135,275,-140
34556,0,9,8,1
34557,0,3266,5094,-1828
34558,0,79,15,64
34559,0,62,40,22
34560,0,36,86,-50
34561,0,58,197,-139
34562,0,9,18,-9
34563,0,19,52,-33
34564,0,744,632,112
34565,0,329,144,185
34566,0,1050,1761,-711
34567,0,41,108,-67
34568,0,8518,10343,-1825
34569,0,58,124,-66
34570,0,39,38,1
34571,0,17,16,1
34572,0,50,10,40
34573,0,84,70,14
34574,0,116,77,39
34575,0,615,987,-372
34576,0,225,110,115
34577,0,107,167,-60
34578,0,934,619,315
34579,0,24,29,-5
34580,0,32,12,20
34581,0,114796,14635,100161
34582,0,125,207,-82
34584,0,33,27,6
34585,0,6,3,3
34586,0,764,1338,-574
34587,0,97,65,32
34588,0,157,299,-142
34589,0,7,13,-6
34590,0,5,17,-12
34591,0,66,14,52
34592,0,176,231,-55
34593,0,24,64,-40
34594,0,481,161,320
34595,0,21,37,-16
34596,0,28,82,-54
34597,0,36,38,-2
34599,0,282,170,112
34600,0,142,143,-1
34601,0,37,337,-300
34602,0,115,355,-240
34603,0,4,18,-14
34604,0,844,5785,-4941
34605,0,17,6,11
34606,0,8,3,5
34608,0,96,128,-32
34609,0,2937,4668,-1731
34611,0,51,38,13
34612,0,23,422,-399
34613,0,20,21,-1
34614,0,33,40,-7
34615,0,57,22,35
34616,0,63,19,44
34617,0,208,116,92
34619,0,46,40,6
34620,0,152,238,-86
34622,0,425,605,-180
34624,0,329,472,-143
34625,0,723,112,611
34626,0,447,452,-5
34627,0,88,140,-52
34628,0,2899,744,2155
34629,0,9701,1588,8113
34630,0,254,205,49
34631,0,25,78,-53
34632,0,25,0,25
34633,0,23377,20411,2966
34634,0,14,162,-148
34635,0,5,14,-9
34637,0,101,296,-195
34638,0,1,7,-6
34639,0,16,5,11
34640,0,16,39,-23
34641,0,174,180,-6
34642,0,88,54,34
34643,0,15,51,-36
34644,0,419,196,223
34645,0,95,58,37
34646,0,18,253,-235
34647,0,525,359,166
34648,0,215,230,-15
34649,0,17,17,0
34650,0,16,71,-55
34651,0,29,24,5
34652,0,89,40,49
34653,0,43,45,-2
34654,0,36,422,-386
34656,0,98,96,2
34657,0,65,8,57
34658,0,53,65,-12
34659,0,42,44,-2
34660,0,43,46,-3
34661,0,20,6,14
34662,0,5920,5322,598
34663,0,246,350,-104
34664,0,57,459,-402
34665,0,3,6,-3
34666,0,203,113,90
34667,0,33,183,-150
34668,0,18,12,6
34669,0,5,56,-51
34670,0,324,564,-240
34671,0,24,47,-23
34672,0,73,160,-87
34673,0,12,15,-3
34674,0,2044,5921,-3877
34675,0,347,69,278
34676,0,151,75,76
34678,0,6,16,-10
34679,0,172,16,156
34680,0,1522,3627,-2105
34681,0,51,33,18
34682,0,11,20,-9
34683,0,100,101,-1
34684,0,8,22,-14
34685,0,442,850,-408
34686,0,21,22,-1
34687,0,33,113,-80
34688,0,346,179,167
34689,0,15,8,7
34690,0,13,24,-11
34691,0,29,34,-5
34692,0,935,1237,-302
34693,0,7,64,-57
34694,0,18,30,-12
34695,0,17,18,-1
34696,0,311,428,-117
34697,0,118,140,-22
34698,0,3,8,-5
34699,0,1,9,-8
34700,0,151,172,-21
34701,0,90,88,2
34702,0,8,8,0
34703,0,7,5,2
34704,0,289,204,85
34705,0,2,27,-25
34707,0,2,90,-88
34708,0,186,26,160
34709,0,7,7,0
34710,0,15,142,-127
34711,0,2528,3091,-563
34712,0,78,93,-15
34713,0,333,620,-287
34714,0,1376,234,1142
34715,0,30,10,20
34716,0,164,200,-36
34717,0,44,66,-22
34718,0,20,5,15
34719,0,32,24,8
34720,0,6661,13168,-6507
34722,0,1750,1588,162
34723,0,22,53,-31
34724,0,162,163,-1
34725,0,44,22,22
34726,0,1467,29,1438
34727,0,32,68,-36
34728,0,3,34,-31
34729,0,53,41,12
34730,0,1084,998,86
34731,0,2442,2152,290
34732,0,12,32,-20
34733,0,41,109,-68
34734,0,7,12,-5
34736,0,2096,1971,125
34737,0,36,18,18
34738,0,6,1,5
34739,0,160,137,23
34740,0,136,126,10
34741,0,35,20,15
34742,0,30,42,-12
34743,0,35,67,-32
34744,0,644,825,-181
34745,0,609,683,-74
34746,0,70,68,2
34747,0,50,66,-16
34748,0,27,53,-26
34749,0,1423,117,1306
34750,0,17,15,2
34751,0,10,9,1
34752,0,13,11,2
34753,0,5233,5362,-129
34754,0,42,81,-39
34755,0,281,17,264
34756,0,14,15,-1
34757,0,64,132,-68
34758,0,7,8,-1
34759,0,14,12,2
34761,0,274,306,-32
34763,0,82,170,-88
34764,0,16,14,2
34765,0,32,20,12
34766,0,25,95,-70
34767,0,7,25,-18
34768,0,14,47,-33
34769,0,5,28,-23
34770,0,126,306,-180
34771,0,77,41,36
34772,0,135,75,60
34773,0,29,93,-64
34774,0,57,6,51
34775,0,148,384,-236
34776,0,148,163,-15
34777,0,351,394,-43
34778,0,2,7,-5
34779,0,137,193,-56
34780,0,23,31,-8
34781,0,46,121,-75
34782,0,28,36,-8
34783,0,24,51,-27
34784,0,133,40,93
34785,0,230,192,38
34786,0,16,18,-2
34787,0,1131,1187,-56
34788,0,16,38,-22
34789,0,52,54,-2
34790,0,2,27,-25
34791,0,3,13,-10
34793,0,29,16,13
34794,0,28,68,-40
34795,0,44,36,8
34798,0,2704,4382,-1678
34799,0,1,23,-22
34800,0,83,58,25
34801,0,49,107,-58
34802,0,771,495,276
34803,0,21,69,-48
34804,0,67,97,-30
34805,0,305,190,115
34806,0,36,43,-7
34807,0,4,11,-7
34808,0,7,2,5
34810,0,81,80,1
34811,0,37,35,2
34812,0,86,1209,-1123
34813,0,1527,736,791
34814,0,5901,3877,2024
34815,0,595,488,107
34817,0,154,463,-309
34818,0,7173,14918,-7745
34819,0,25,15,10
34820,0,172,306,-134
34821,0,148,208,-60
34822,0,21,10,11
34823,0,4,14,-10
34824,0,264,446,-182
34825,0,6,15,-9
34826,0,8282,8909,-627
34827,0,3,2,1
34828,0,30,99,-69
34830,0,2,19,-17
34831,0,6,12,-6
34832,0,17,44,-27
34833,0,424,671,-247
34834,0,10,1,9
34835,0,32,31,1
34836,0,99,12,87
34837,0,154,71,83
34838,0,22,102,-80
34839,0,2,34,-32
34840,0,38,340,-302
34841,0,17,28,-11
34842,0,177,815,-638
34843,0,42,61,-19
34844,0,39,69,-30
34845,0,3,10,-7
34846,0,27,80,-53
34847,0,842,639,203
34848,0,8,17,-9
34850,0,62,54,8
34851,0,12,5,7
34852,0,15,27,-12
34853,0,7,23,-16
34854,0,59,55,4
34855,0,95,180,-85
34856,0,11,31,-20
34857,0,200,104,96
34858,0,501,43,458
34859,0,17,18,-1
34860,0,101,80,21
34861,0,11,18,-7
34862,0,1858,2379,-521
34863,0,6,21,-15
34865,0,9322,890,8432
34866,0,1269,199,1070
34867,0,47,30,17
34868,0,167,57,110
34869,0,324,216,108
34870,0,2,0,2
34871,0,1,1,0
34873,0,2500,682,1818
34874,0,8322,17935,-9613
34875,0,8,12,-4
34876,0,67,160,-93
34878,0,3,1,2
34879,0,68,52,16
34880,0,8507,10770,-2263
34881,0,122,164,-42
34882,0,116,74,42
34883,0,4,36,-32
34884,0,2046,2327,-281
34885,0,15,25,-10
34886,0,331,228,103
34887,0,149,158,-9
34888,0,40,33,7
34889,0,31,23,8
34890,0,4,30,-26
34891,0,9010,12513,-3503
34892,0,57,115,-58
34893,0,7713,7993,-280
34894,0,247,194,53
34895,0,39,120,-81
34896,0,20,86,-66
34897,0,28,87,-59
34898,0,3498,4805,-1307
34899,0,41,50,-9
34900,0,2743,1543,1200
34901,0,8,22,-14
34902,0,42,105,-63
34903,0,5,4,1
34904,0,205,278,-73
34905,0,13,9,4
34906,0,5462,5288,174
34907,0,6108,9806,-3698
34908,0,40,498,-458
34909,0,197,251,-54
34910,0,214,391,-177
34911,0,8,45,-37
34912,0,1595,1893,-298
34913,0,26,32,-6
34914,0,28,55,-27
34915,0,57,26,31
34916,0,75,111,-36
34917,0,21,23,-2
34918,0,417,450,-33
34919,0,12,28,-16
34920,0,88,55,33
34921,0,150,117,33
34922,0,16,15,1
34923,0,2,45,-43
34924,0,7,14,-7
34925,0,10,9,1
34926,0,316,326,-10
34927,0,70,26,44
34928,0,37,3,34
34929,0,41,12,29
34931,0,23,63,-40
34932,0,28,30,-2
34933,0,1545,1998,-453
34934,0,241,25,216
34935,0,321,145,176
34936,0,21,23,-2
34937,0,28,29,-1
34938,0,5,39,-34
34939,0,131,6,125
34941,0,9,25,-16
34942,0,2791,5608,-2817
34943,0,499,469,30
34944,0,135,277,-142
34945,0,53,2,51
34946,0,6,9,-3
34947,0,468,395,73
34949,0,50,131,-81
34951,0,2253,2626,-373
34952,0,182,2,180
34953,0,171,529,-358
34954,0,18,29,-11
34955,0,2393,3401,-1008
34956,0,26,137,-111
34957,0,143,136,7
34958,0,59,9,50
34959,0,1895,2284,-389
34960,0,17,17,0
34961,0,16,29,-13
34963,0,16,40,-24
34964,0,12,7,5
34965,0,32,58,-26
34966,0,37,53,-16
34967,0,71,32,39
34969,0,6180,3769,2411
34970,0,69,318,-249
34971,0,362,256,106
34972,0,73,22,51
34973,0,23,36,-13
34974,0,3,20,-17
34975,0,134,19,115
34976,0,288,141,147
34977,0,154,47,107
34978,0,88,160,-72
34979,0,550,664,-114
34980,0,5232,4694,538
34981,0,80,193,-113
34982,0,51,114,-63
34983,0,434,629,-195
34984,0,40,67,-27
34985,0,4,46,-42
34986,0,407,589,-182
34987,0,1450,1195,255
34988,0,95,85,10
34989,0,55,9,46
34990,0,9,12,-3
34991,0,38,9,29
34992,0,79,127,-48
34993,0,33,78,-45
34994,0,15,23,-8
34995,0,2841,1561,1280
34997,0,36,1,35
34998,0,14,36,-22
34999,0,196,43,153
35000,0,12,9,3
35002,0,28,108,-80
35003,0,142,195,-53
35004,0,86,165,-79
35005,0,171,145,26
35006,0,165,249,-84
35007,0,54,297,-243
35008,0,55,70,-15
35009,0,2996,1702,1294
35010,0,143,154,-11
35011,0,12,11,1
35013,0,4512,5807,-1295
35014,0,393,345,48
35015,0,14,56,-42
35016,0,179,60,119
35017,0,41,83,-42
35018,0,19,75,-56
35019,0,350,199,151
35020,0,108,49,59
35021,0,55,63,-8
35022,0,154,153,1
35023,0,1180,1198,-18
35024,0,1600,1174,426
35025,0,729,9971,-9242
35027,0,112,158,-46
35028,0,17,18,-1
35029,0,8,0,8
35030,0,516,434,82
35031,0,1394,1117,277
35032,0,88,53,35
35033,0,116,66,50
35034,0,19,14,5
35035,0,5,30,-25
35036,0,95,72,23
35037,0,23,22,1
35039,0,40,11,29
35040,0,166,125,41
35041,0,84,51,33
35042,0,118,124,-6
35043,0,10,39,-29
35045,0,39,22,17
35048,0,7,16,-9
35049,0,1,6,-5
35050,0,55,57,-2
35051,0,1,19,-18
35052,0,785,1079,-294
35053,0,264,149,115
35054,0,20,15,5
35055,0,155,141,14
35056,0,109,156,-47
35057,0,439,380,59
35058,0,10,27,-17
35059,0,6,18,-12
35060,0,2542,2296,246
35061,0,9,17,-8
35062,0,109,4,105
35063,0,332,981,-649
35064,0,42,11,31
35065,0,616,38,578
35066,0,152,167,-15
35067,0,1,7,-6
35068,0,76,31,45
35069,0,67,78,-11
35070,0,231,720,-489
35071,0,71,104,-33
35072,0,367,350,17
35073,0,15,33,-18
35074,0,123,111,12
35075,0,7,14,-7
35076,0,151,59,92
35077,0,39,95,-56
35078,0,27,44,-17
35079,0,86,34,52
35080,0,101,116,-15
35081,0,107,119,-12
35082,0,1017,1425,-408
35083,0,3,20,-17
35084,0,780,873,-93
35085,0,699,92,607
35086,0,5,0,5
35087,0,134,132,2
35088,0,1031,597,434
35089,0,2332,2595,-263
35090,0,303,299,4
35091,0,401,194,207
35092,0,1,11,-10
35093,0,18,18,0
35094,0,25,29,-4
35095,0,161,426,-265
35096,0,175,101,74
35097,0,123,459,-336
35098,0,7638,5898,1740
35099,0,28,90,-62
35100,0,31,69,-38
35101,0,12,9,3
35102,0,12,31,-19
35103,0,2,6,-4
35104,0,25,22,3
35105,0,35,119,-84
35106,0,5,32,-27
35107,0,1834,2652,-818
35108,0,80,205,-125
35110,0,4738,7548,-2810
35111,0,48,54,-6
35112,0,4,25,-21
35113,0,2,2,0
35114,0,29,509,-480
35115,0,372,261,111
35116,0,37,56,-19
35117,0,4,15,-11
35118,0,662,667,-5
35120,0,56,86,-30
35121,0,3,12,-9
35122,0,50,72,-22
35123,0,131,57,74
35124,0,485,1120,-635
35125,0,27,59,-32
35126,0,281,547,-266
35127,0,1076,370,706
35128,0,106,46,60
35129,0,1739,1273,466
35130,0,16,19,-3
35131,0,197,104,93
35132,0,30,50,-20
35133,0,3,12,-9
35134,0,139,379,-240
35135,0,118,336,-218
35136,0,9,28,-19
35137,0,2833,3131,-298
35138,0,7,19,-12
35139,0,7,19,-12
35140,0,6370,17783,-11413
35141,0,42,30,12
35142,0,9674,5278,4396
35143,0,193,6240,-6047
35145,0,78,82,-4
35146,0,13,60,-47
35147,0,1,2,-1
35148,0,87,314,-227
35149,0,36,12,24
35150,0,11,50,-39
35152,0,40,160,-120
35153,0,60,206,-146
35154,0,16,29,-13
35155,0,11,48,-37
35156,0,25,129,-104
35157,0,64,216,-152
35159,0,146,156,-10
35160,0,95,157,-62
35161,0,291,221,70
35162,0,527,281,246
35163,0,347,268,79
35164,0,19,21,-2
35165,0,21,12,9
35166,0,1,1,0
35167,0,895,881,14
35168,0,77,4,73
35169,0,15,32,-17
35170,0,327,599,-272
35171,0,3,6,-3
35172,0,96,332,-236
35173,0,31,46,-15
35174,0,14,3,11
35175,0,10,3,7
35176,0,27,40,-13
35177,0,9,5,4
35179,0,33,165,-132
35180,0,18,1,17
35181,0,1,4,-3
35182,0,40,11,29
35183,0,444,1315,-871
35184,0,137,215,-78
35185,0,83,114,-31
35186,0,16,11,5
35187,0,20,29,-9
35188,0,35,36,-1
35189,0,1210,1042,168
35190,0,91,255,-164
35191,0,9166,20691,-11525
35193,0,36,112,-76
35194,0,60,76,-16
35195,0,14,14,0
35196,0,10,13,-3
35197,0,8,51,-43
35198,0,3,112,-109
35199,0,9,8,1
35200,0,281,48,233
35201,0,2,6,-4
35202,0,102,55,47
35203,0,803,975,-172
35204,0,42,33,9
35205,0,11,32,-21
35206,0,3318,6266,-2948
35207,0,528,1367,-839
35208,0,2,6,-4
35209,0,38,5,33
35210,0,687,801,-114
35211,0,25,17,8
35212,0,72,46,26
35213,0,590,2622,-2032
35214,0,10,23,-13
35215,0,25,59,-34
35216,0,456,443,13
35217,0,24,8,16
35219,0,4,3,1
35220,0,1,4,-3
35221,0,187,76,111
35222,0,19,41,-22
35223,0,52,91,-39
35224,0,831,46,785
35225,0,20,32,-12
35226,0,21,71,-50
35227,0,24,57,-33
35228,0,55,56,-1
35229,0,24,12,12
35230,0,6,262,-256
35231,0,4,27,-23
35232,0,1317,905,412
35233,0,1089,404,685
35235,0,478,345,133
35237,0,6,8,-2
35238,0,99,7,92
35239,0,35,31,4
35240,0,246,174,72
35241,0,5,42,-37
35242,0,1,6,-5
35243,0,701,745,-44
35244,0,3,11,-8
35245,0,434,238,196
35246,0,16,50,-34
35247,0,718,50,668
35248,0,19,9,10
35249,0,13,12,1
35250,0,12,75,-63
35251,0,79,41,38
35252,0,7165,11046,-3881
35253,0,80,52,28
35254,0,44,49,-5
35255,0,29,22,7
35256,0,76,101,-25
35257,0,111,115,-4
35258,0,1,4,-3
35259,0,72,12,60
35260,0,12,17,-5
35261,0,31,51,-20
35262,0,90,44,46
35263,0,134,432,-298
35264,0,133,19,114
35265,0,54,68,-14
35266,0,655,492,163
35267,0,161,81,80
35268,0,6,2,4
35269,0,77,23,54
35270,0,15,14,1
35271,0,492,808,-316
35272,0,3,9,-6
35273,0,30,10,20
35274,0,1,12,-11
35275,0,4402,6637,-2235
35276,0,14,44,-30
35277,0,129,97,32
35278,0,10,20,-10
35279,0,175,57,118
35280,0,761,845,-84
35281,0,8,14,-6
35282,0,223,9,214
35283,0,91,70,21
35284,0,13123,15725,-2602
35285,0,874,647,227
35286,0,3,25,-22
35287,0,40,63,-23
35288,0,7,25,-18
35289,0,55,41,14
35290,0,30,123,-93
35293,0,471,88,383
35294,0,553,561,-8
35295,0,263,74,189
35296,0,10,7,3
35297,0,47,63,-16
35298,0,15,19,-4
35299,0,1,5,-4
35300,0,13,46,-33
35301,0,34,39,-5
35302,0,43,58,-15
35303,0,121,18,103
35305,0,32,36,-4
35306,0,2,14,-12
35307,0,290,110,180
35308,0,49,64,-15
35309,0,5,53,-48
35310,0,101,782,-681
35311,0,34,13,21
35312,0,2,4,-2
35313,0,15,7,8
35314,0,294,502,-208
35315,0,20,2,18
35316,0,343,244,99
35317,0,15,11,4
35319,0,52,46,6
35320,0,33,23,10
35322,0,6,5,1
35323,0,2,3,-1
35324,0,18,79,-61
35325,0,11,50,-39
35326,0,7,33,-26
35327,0,9,22,-13
35328,0,36,14,22
35329,0,104,213,-109
35330,0,83,109,-26
35331,0,137,171,-34
35332,0,528,285,243
35333,0,1251,1271,-20
35334,0,12,20,-8
35335,0,12,12,0
35336,0,1502,1519,-17
35337,0,7,31,-24
35338,0,562,793,-231
35339,0,13,48,-35
35340,0,2,8,-6
35341,0,401,103,298
35342,0,41,50,-9
35343,0,84,21,63
35344,0,42,80,-38
35345,0,193,181,12
35346,0,698,743,-45
35347,0,71,14,57
35349,0,31,14,17
35350,0,15,3,12
35351,0,23,50,-27
35352,0,667,203,464
35353,0,38,30,8
35354,0,2,3,-1
35355,0,669,294,375
35356,0,34,82,-48
35357,0,1835,7077,-5242
35358,0,94,62,32
35359,0,107,68,39
35360,0,34,8,26
35361,0,2305,1110,1195
35363,0,40,69,-29
35364,0,57,56,1
35365,0,519,424,95
35366,0,4,19,-15
35367,0,9,26,-17
35368,0,51,31,20
35369,0,27,47,-20
35370,0,11,9,2
35372,0,62,12,50
35373,0,856,527,329
35374,0,15059,4905,10154
35375,0,84,61,23
35376,0,89,209,-120
35377,0,1835,1949,-114
35378,0,50,47,3
35379,0,939,2742,-1803
35380,0,6,1,5
35381,0,2,6,-4
35382,0,102,24,78
35383,0,7,52,-45
35384,0,5,29,-24
35385,0,170,20,150
35386,0,58,69,-11
35387,0,36,34,2
35388,0,62,77,-15
35389,0,37,62,-25
35390,0,1286,1187,99
35391,0,62,80,-18
35392,0,1,5,-4
35393,0,11,20,-9
35394,0,11,18,-7
35395,0,5,38,-33
35396,0,52,122,-70
35397,0,19,19,0
35398,0,17,28,-11
35399,0,73,30,43
35400,0,9879,12670,-2791
35401,0,13,28,-15
35402,0,20,60,-40
35403,0,241,73,168
35404,0,54,16,38
35405,0,134,63,71
35408,0,336,788,-452
35409,0,10,21,-11
35410,0,6384,2332,4052
35411,0,394,861,-467
35412,0,14,45,-31
35413,0,43,24,19
35414,0,22,19,3
35415,0,804,658,146
35416,0,246,46,200
35417,0,1,39,-38
35418,0,67,111,-44
35419,0,51,197,-146
35422,0,6,4,2
35423,0,15,4,11
35424,0,192,289,-97
35425,0,53,30,23
35426,0,26,80,-54
35427,0,87,80,7
35428,0,232,15,217
35429,0,47,84,-37
35430,0,355,56,299
35431,0,19,23,-4
35432,0,175,131,44
35433,0,156,158,-2
35434,0,114,209,-95
35435,0,5,10,-5
35436,0,9,23,-14
35437,0,35,38,-3
35438,0,16,21,-5
35439,0,1771,614,1157
35440,0,69,263,-194
35441,0,32,68,-36
35442,0,201,352,-151
35444,0,17,49,-32
35445,0,1941,2682,-741
35446,0,49,372,-323
35447,0,15,12,3
35448,0,35,97,-62
35449,0,17,22,-5
35450,0,84,14,70
35452,0,496,9,487
35453,0,143,277,-134
35454,0,788,808,-20
35455,0,20,14,6
35456,0,403,333,70
35457,0,71,305,-234
35458,0,175,165,10
35459,0,52,157,-105
35460,0,25,61,-36
35461,0,23,7,16
35462,0,7693,8424,-731
35463,0,905,1214,-309
35464,0,11,9,2
35465,0,17,37,-20
35466,0,27,54,-27
35467,0,37,19,18
35468,0,3240,780,2460
35470,0,23,95,-72
35471,0,62,39,23
35472,0,18,17,1
35473,0,103,124,-21
35474,0,522,83,439
35475,0,1687,456,1231
35476,0,93,169,-76
35477,0,14,48,-34
35478,0,2318,640,1678
35479,0,9,14,-5
35480,0,11,24,-13
35481,0,19,11,8
35482,0,36,24,12
35483,0,274,86,188
35484,0,707,1290,-583
35485,0,23,33,-10
35486,0,10,12,-2
35487,0,90,117,-27
35488,0,30,8,22
35489,0,1590,1662,-72
35490,0,322,109,213
35491,0,99,1890,-1791
35492,0,6,21,-15
35493,0,1644,2728,-1084
35494,0,40,233,-193
35495,0,2,12,-10
35496,0,82,189,-107
35497,0,15,46,-31
35498,0,5,54,-49
35499,0,18,19,-1
35500,0,1548,1435,113
35501,0,16,49,-33
35502,0,43,42,1
35503,0,11,44,-33
35504,0,499,254,245
35505,0,67,112,-45
35506,0,3,1,2
35507,0,46,39,7
35508,0,5,24,-19
35509,0,94,740,-646
35510,0,13,8,5
35511,0,66,95,-29
35512,0,4,10,-6
35513,0,5521,6515,-994
35514,0,64,179,-115
35515,0,51,181,-130
35516,0,1054,762,292
35517,0,46,16,30
35518,0,82,218,-136
35519,0,146,199,-53
35520,0,238,191,47
35521,0,15,48,-33
35522,0,39,35,4
35523,0,56,91,-35
35524,0,45,39,6
35525,0,8,19,-11
35526,0,13,21,-8
35527,0,464,401,63
35528,0,17,21,-4
35529,0,405,246,159
35530,0,50,482,-432
35531,0,8728,10460,-1732
35532,0,40,67,-27
35533,0,90,115,-25
35534,0,11,9,2
35535,0,15,3,12
35537,0,49,85,-36
35538,0,3,10,-7
35539,0,9,52,-43
35540,0,17,48,-31
35541,0,16,36,-20
35542,0,1731,885,846
35543,0,52,14,38
35544,0,7,8,-1
35545,0,40,14,26
35546,0,409,717,-308
35547,0,51,21,30
35548,0,501,390,111
35549,0,27,44,-17
35550,0,47,55,-8
35551,0,186,144,42
35552,0,8,11,-3
35553,0,1995,2823,-828
35554,0,150,255,-105
35555,0,47,26,21
35556,0,8,10,-2
35557,0,7,86,-79
35558,0,1055,658,397
35559,0,13,27,-14
35560,0,436,353,83
35561,0,569,44,525
35562,0,114,48,66
35563,0,19,87,-68
35564,0,13,1,12
35565,0,53,85,-32
35566,0,3,7,-4
35567,0,94,159,-65
35568,0,40,26,14
35569,0,18,12,6
35570,0,79,7,72
35571,0,33,11,22
35572,0,30,30,0
35573,0,50,92,-42
35574,0,6,10,-4
35575,0,32,9,23
35576,0,5,8,-3
35577,0,190,56,134
35578,0,14,10,4
35579,0,298,329,-31
35580,0,13,38,-25
35581,0,5,13,-8
35582,0,3,8,-5
35583,0,389,75,314
35584,0,35,91,-56
35585,0,6,18,-12
35586,0,3601,2226,1375
35587,0,298,357,-59
35588,0,10,35,-25
35589,0,30,137,-107
35591,0,11,19,-8
35592,0,1904,243,1661
35593,0,41,39,2
35594,0,9,3,6
35595,0,56,133,-77
35596,0,32,50,-18
35597,0,2,3,-1
35598,0,81,21,60
35599,0,744,620,124
35600,0,9,17,-8
35601,0,19,16,3
35602,0,70,317,-247
35603,0,28,65,-37
35604,0,972,1545,-573
35606,0,141,166,-25
35607,0,3,7,-4
35608,0,52,132,-80
35610,0,102,94,8
35611,0,232,76,156
35612,0,176,92,84
35613,0,1,13,-12
35614,0,16,13,3
35615,0,242,461,-219
35616,0,544,435,109
35617,0,1,17,-16
35618,0,159,78,81
35619,0,95,56,39
35620,0,146,213,-67
35621,0,16,17,-1
35622,0,12,3,9
35623,0,33,27,6
35624,0,34,13,21
35625,0,3863,6610,-2747
35626,0,8,11,-3
35628,0,164,588,-424
35629,0,9,54,-45
35630,0,138,323,-185
35631,0,21,29,-8
35632,0,20,49,-29
35633,0,60,43,17
35634,0,80,42,38
35635,0,11,19,-8
35636,0,40,36,4
35637,0,6,1,5
35638,0,23,70,-47
35639,0,794,1215,-421
35640,0,156,19,137
35641,0,26,6,20
35642,0,104,79,25
35643,0,60,56,4
35644,0,183,75,108
35645,0,13,47,-34
35646,0,54,34,20
35647,0,40,51,-11
35648,0,19,33,-14
35649,0,4,14,-10
35650,0,2689,26742,-24053
35651,0,4,38,-34
35652,0,54,95,-41
35653,0,11,20,-9
35654,0,8236,7037,1199
35655,0,106,173,-67
35656,0,705,242,463
35657,0,118,55,63
35658,0,7,1,6
35659,0,89,49,40
35660,0,4,16,-12
35661,0,28,7,21
35662,0,12,30,-18
35663,0,27,77,-50
35664,0,15,7,8
35665,0,20,52,-32
35666,0,40,134,-94
35667,0,18,79,-61
35669,0,35,63,-28
35670,0,655,640,15
35671,0,8,18,-10
35672,0,3994,1947,2047
35673,0,14,12,2
35674,0,82,63,19
35675,0,156,745,-589
35676,0,68,47,21
35677,0,11,15,-4
35678,0,18,15,3
35679,0,24,43,-19
35680,0,302,311,-9
35681,0,1805,811,994
35682,0,28,125,-97
35684,0,22,57,-35
35685,0,95,75,20
35686,0,4,39,-35
35687,0,86,103,-17
35688,0,91,107,-16
35689,0,39,108,-69
35690,0,49,82,-33
35691,0,1077,980,97
35692,0,41,192,-151
35693,0,65,30,35
35694,0,3721,2215,1506
35695,0,312,335,-23
35696,0,4,7,-3
35697,0,22,18,4
35698,0,39,57,-18
35699,0,1235,586,649
35700,0,9,63,-54
35701,0,8,11,-3
35702,0,1,2,-1
35703,0,32,26,6
35704,0,709,1587,-878
35705,0,25,87,-62
35706,0,101,130,-29
35707,0,137,562,-425
35708,0,142,117,25
35709,0,32,55,-23
35710,0,119,315,-196
35711,0,33,9,24
35712,0,33,62,-29
35713,0,2875,4396,-1521
35714,0,257,241,16
35715,0,85,28,57
35717,0,17,3,14
35718,0,14,27,-13
35719,0,909,252,657
35720,0,35,13,22
35721,0,5,8,-3
35722,0,14,3,11
35723,0,36,11,25
35724,0,6,58,-52
35725,0,3,6,-3
35726,0,26,79,-53
35727,0,23,21,2
35728,0,44,9,35
35729,0,19,27,-8
35730,0,10,6,4
35731,0,275,614,-339
35732,0,28,4,24
35733,0,5,11,-6
35735,0,1662,139,1523
35736,0,55,30,25
35737,0,220,237,-17
35738,0,3,1,2
35739,0,14,29,-15
35740,0,25,46,-21
35741,0,3,12,-9
35742,0,61,226,-165
35743,0,3,61,-58
35744,0,248,543,-295
35745,0,125,66,59
35746,0,49,92,-43
35747,0,33,89,-56
35748,0,64,70,-6
35749,0,3620,4302,-682
35750,0,20,48,-28
35751,0,10,9,1
35752,0,70,66,4
35753,0,837,1068,-231
35754,0,3,4,-1
35755,0,41,227,-186
35756,0,196,563,-367
35757,0,45,75,-30
35758,0,61,7,54
35759,0,5,14,-9
35760,0,1036,249,787
35761,0,186,30,156
35762,0,25,187,-162
35763,0,2,17,-15
35764,0,956,845,111
35765,0,5,5,0
35766,0,110,101,9
35767,0,2435,2645,-210
35768,0,60,458,-398
35769,0,118,81,37
35771,0,31,143,-112
35772,0,99,277,-178
35773,0,411,1034,-623
35774,0,15,14,1
35775,0,3793,1848,1945
35776,0,197,96,101
35777,0,8,29,-21
35778,0,46,41,5
35779,0,40,52,-12
35780,0,74,125,-51
35781,0,28,34,-6
35782,0,46,27,19
35784,0,20,13,7
35785,0,73,102,-29
35787,0,139,15,124
35788,0,17,5,12
35789,0,3,96,-93
35790,0,15652,12904,2748
35791,0,25,18,7
35792,0,915,209,706
35793,0,925,576,349
35794,0,49,8,41
35795,0,36,10,26
35796,0,277,214,63
35797,0,3,14,-11
35798,0,31,8,23
35799,0,128,67,61
35800,0,13,67,-54
35801,0,456,479,-23
35802,0,2,4,-2
35803,0,236,641,-405
35804,0,257,143,114
35805,0,1,3,-2
35806,0,39,120,-81
35807,0,63,138,-75
35808,0,137,196,-59
35809,0,30,53,-23
35810,0,170,294,-124
35811,0,18,25,-7
35812,0,17,13,4
35813,0,47,56,-9
35814,0,2589,5784,-3195
35815,0,112,291,-179
35816,0,15,31,-16
35817,0,10,12,-2
35818,0,56,77,-21
35819,0,19,27,-8
35820,0,486,40,446
35821,0,24,90,-66
35822,0,60,41,19
35823,0,12,32,-20
35824,0,5,55,-50
35825,0,37,6,31
35826,0,110,122,-12
35827,0,192,613,-421
35828,0,122,228,-106
35829,0,398,423,-25
35830,0,1,4,-3
35831,0,66,70,-4
35832,0,41,9,32
35833,0,41,47,-6
35834,0,8,3,5
35835,0,155,246,-91
35836,0,50,81,-31
35837,0,48,4,44
35838,0,2939,2331,608
35839,0,887,166,721
35840,0,84,177,-93
35841,0,12,15,-3
35842,0,139,92,47
35843,0,47,133,-86
35844,0,8,10,-2
35845,0,17,5,12
35846,0,1,6,-5
35847,0,5,21,-16
35849,0,106,9,97
35850,0,19,16,3
35851,0,2601,476,2125
35852,0,583,1752,-1169
35853,0,8,23,-15
35854,0,11,19,-8
35855,0,1106,2446,-1340
35856,0,22,1,21
35857,0,4,55,-51
35858,0,66,73,-7
35859,0,1083,959,124
35860,0,12,2,10
35861,0,12,117,-105
35862,0,1487,1053,434
35863,0,145,80,65
35864,0,22,52,-30
35865,0,859,238,621
35866,0,34,23,11
35867,0,41,152,-111
35868,0,403,437,-34
35869,0,31,4,27
35870,0,4,48,-44
35871,0,126,186,-60
35873,0,69,24,45
35874,0,4,6,-2
35875,0,1,67,-66
35876,0,401,318,83
35877,0,116,96,20
35878,0,1308,1558,-250
35879,0,6,6,0
35880,0,99,94,5
35882,0,48,5,43
35883,0,17,64,-47
35884,0,2,4,-2
35885,0,3677,3655,22
35886,0,31,51,-20
35887,0,89,147,-58
35889,0,603,861,-258
35890,0,194,20,174
35891,0,3110,2860,250
35893,0,4,17,-13
35894,0,2,12,-10
35895,0,7,8,-1
35896,0,1409,316,1093
35897,0,122,65,57
35898,0,17,60,-43
35899,0,3091,88,3003
35901,0,57,4,53
35902,0,183,185,-2
35903,0,368,364,4
35904,0,41,14,27
35905,0,8,8,0
35906,0,18,24,-6
35907,0,8,4,4
35908,0,29,2,27
35909,0,15,15,0
35910,0,46,73,-27
35911,0,1037,1597,-560
35912,0,56,9,47
35913,0,2040,186,1854
35914,0,366,367,-1
35916,0,12,78,-66
35917,0,250,145,105
35918,0,2,11,-9
35919,0,21,6,15
35921,0,76,100,-24
35922,0,12027,10454,1573
35923,0,13,44,-31
35924,0,13,19,-6
35925,0,6094,6254,-160
35926,0,233,1082,-849
35927,0,141,23,118
35928,0,1386,1316,70
35929,0,11587,5683,5904
35930,0,61,125,-64
35931,0,331,1642,-1311
35932,0,137,182,-45
35933,0,90,68,22
35934,0,40,41,-1
35935,0,24,12,12
35937,0,106,156,-50
35938,0,26,11,15
35940,0,113,12,101
35941,0,12,51,-39
35943,0,22,18,4
35944,0,106,254,-148
35945,0,83,7,76
35946,0,72,107,-35
35947,0,431,408,23
35948,0,59,73,-14
35949,0,46,55,-9
35950,0,243,330,-87
35951,0,28,27,1
35952,0,722,497,225
35953,0,3,14,-11
35954,0,29,17,12
35955,0,30,33,-3
35956,0,19,32,-13
35957,0,4325,3788,537
35958,0,12,0,12
35959,0,653,179,474
35960,0,16,29,-13
35961,0,119,117,2
35962,0,15,145,-130
35963,0,204,80,124
35964,0,29,84,-55
35965,0,27,74,-47
35966,0,120,490,-370
35967,0,48,27,21
35968,0,333,104,229
35969,0,83,210,-127
35970,0,77,348,-271
35971,0,6,0,6
35972,0,9861,10300,-439
35973,0,4,19,-15
35974,0,65,5,60
35975,0,14,12,2
35976,0,30,477,-447
35977,0,3,35,-32
35978,0,1345,749,596
35979,0,255,218,37
35980,0,18,15,3
35981,0,13,11,2
35982,0,99,152,-53
35984,0,248,599,-351
35985,0,15,18,-3
35986,0,27,126,-99
35988,0,27,32,-5
35989,0,536,90,446
35990,0,4,63,-59
35991,0,1,38,-37
35992,0,923,942,-19
35993,0,162,218,-56
35994,0,195,1220,-1025
35995,0,27,27,0
35996,0,376,2323,-1947
35997,0,25,37,-12
35998,0,1028,475,553
35999,0,23,15,8
36000,0,10,14,-4
36001,0,50,33,17
36002,0,70,29,41
36004,0,51,175,-124
36005,0,11,16,-5
36006,0,3813,6760,-2947
36007,0,46,36,10
36008,0,424,508,-84
36009,0,6,15,-9
36010,0,31,90,-59
36011,0,49,11,38
36012,0,161,58,103
36013,0,6,65,-59
36014,0,22,35,-13
36015,0,13,40,-27
36016,0,8,41,-33
36017,0,75,23,52
36018,0,67,79,-12
36019,0,87,11,76
36020,0,339,140,199
36021,0,32,28,4
36022,0,11,5,6
36023,0,35,21,14
36024,0,18,50,-32
36025,0,16,43,-27
36026,0,11,17,-6
36027,0,2089,4059,-1970
36028,0,2,20,-18
36029,0,50,7,43
36030,0,35,126,-91
36031,0,63,73,-10
36032,0,72,9,63
36033,0,81,23,58
36034,0,152,43,109
36035,0,229,223,6
36036,0,821,391,430
36037,0,98,265,-167
36038,0,1258,2939,-1681
36039,0,38,11,27
36040,0,18,48,-30
36041,0,3,12,-9
36042,0,15,2,13
36043,0,57,121,-64
36044,0,36,4,32
36045,0,337,124,213
36046,0,2,22,-20
36047,0,5,12,-7
36048,0,1231,1902,-671
36049,0,24,44,-20
36050,0,5,17,-12
36051,0,271,1740,-1469
36052,0,84,66,18
36053,0,21,547,-526
36054,0,131,142,-11
36055,0,7,11,-4
36056,0,15,40,-25
36057,0,1734,1928,-194
36058,0,127,148,-21
36059,0,126,122,4
36060,0,22,62,-40
36061,0,9,2,7
36062,0,47,102,-55
36063,0,4435,1268,3167
36064,0,29,47,-18
36065,0,1225,1102,123
36066,0,8463,1667,6796
36067,0,32,41,-9
36069,0,17,12,5
36070,0,16,28,-12
36071,0,254,1035,-781
36072,0,25,89,-64
36073,0,429,17,412
36074,0,43,83,-40
36075,0,53,46,7
36076,0,1110,3049,-1939
36077,0,277,145,132
36078,0,97,196,-99
36079,0,315,175,140
36080,0,256,498,-242
36081,0,123,95,28
36083,0,7,13,-6
36084,0,7142,181,6961
36085,0,5512,7280,-1768
36086,0,72,47,25
36087,0,6,17,-11
36088,0,4,10,-6
36089,0,114,83,31
36090,0,12,36,-24
36091,0,49,61,-12
36092,0,45,67,-22
36093,0,74,20,54
36094,0,438,628,-190
36095,0,98,218,-120
36096,0,476,401,75
36098,0,4319,5573,-1254
36099,0,7,26,-19
36101,0,29,11,18
36102,0,1802,986,816
36103,0,4,6,-2
36104,0,326,311,15
36105,0,574,1133,-559
36106,0,984,88,896
36108,0,2060,1697,363
36109,0,242,225,17
36110,0,15,22,-7
36111,0,95,231,-136
36112,0,43,18,25
36113,0,13,1307,-1294
36114,0,4,26,-22
36115,0,16,57,-41
36116,0,14,25,-11
36117,0,308,24,284
36118,0,80,286,-206
36119,0,91,101,-10
36120,0,1,27,-26
36121,0,169,6,163
36122,0,78,95,-17
36123,0,17,79,-62
36124,0,6,34,-28
36125,0,2277,1293,984
36126,0,269,141,128
36128,0,3518,2479,1039
36129,0,71,46,25
36130,0,38,18,20
36131,0,1,9,-8
36132,0,9,37,-28
36133,0,24,33,-9
36134,0,3,6,-3
36135,0,99,109,-10
36136,0,3909,3675,234
36137,0,227,422,-195
36138,0,40,99,-59
36139,0,5,52,-47
36140,0,3732,3704,28
36141,0,3,80,-77
36142,0,2124,1336,788
36143,0,17466,21984,-4518
36144,0,61,141,-80
36145,0,150,56,94
36146,0,10,24,-14
36147,0,59,103,-44
36148,0,4,3,1
36149,0,325,222,103
36150,0,12115,16197,-4082
36151,0,32,54,-22
36152,0,765,519,246
36153,0,187,262,-75
36154,0,763,180,583
36155,0,137,44,93
36156,0,20,19,1
36157,0,1012,1125,-113
36158,0,1679,1629,50
36159,0,753,154,599
36160,0,1120,220,900
36161,0,2,36,-34
36163,0,2007,5437,-3430
36164,0,245,119,126
36165,0,55,13,42
36166,0,14,36,-22
36167,0,9,8,1
36168,0,694,1193,-499
36169,0,279,157,122
36170,0,176,2206,-2030
36171,0,20,8,12
36172,0,764,2067,-1303
36174,0,298,419,-121
36176,0,68,9,59
36177,0,10,22,-12
36178,0,1080,1748,-668
36180,0,283,92,191
36181,0,735,793,-58
36182,0,157,116,41
36183,0,10,9,1
36184,0,87,147,-60
36185,0,9,7,2
36186,0,121124,226029,-104905
36187,0,219,57,162
36188,0,1031,833,198
36189,0,16,21,-5
36190,0,1886,4995,-3109
36191,0,103,519,-416
36192,0,243,416,-173
36193,0,895,2508,-1613
36194,0,6,9,-3
36195,0,996,191,805
36196,0,121,400,-279
36197,0,64,14,50
36198,0,128,94,34
36199,0,235,154,81
36200,0,10,8,2
36201,0,10,108,-98
36202,0,570,452,118
36203,0,52,12,40
36204,0,46,80,-34
36205,0,3,14,-11
36206,0,20196,17265,2931
36207,0,60,78,-18
36208,0,7,18,-11
36209,0,4,15,-11
36210,0,14,136,-122
36211,0,444,2419,-1975
36212,0,3,7,-4
36213,0,4246,4161,85
36214,0,40,39,1
36215,0,99,26,73
36216,0,2,2,0
36217,0,22,71,-49
36218,0,197,62,135
36219,0,96,54,42
36220,0,202,224,-22
36221,0,28,3,25
36222,0,1908,2200,-292
36223,0,9,28,-19
36224,0,265,435,-170
36225,0,639,398,241
36226,0,2,5,-3
36227,0,467,218,249
36228,0,990,1154,-164
36229,0,299,536,-237
36230,0,16,24,-8
36231,0,114,108,6
36233,0,1,1,0
36234,0,3,3,0
36235,0,13,21,-8
36236,0,78,53,25
36237,0,1,8,-7
36238,0,4,21,-17
36239,0,2528,3494,-966
36240,0,12,38,-26
36241,0,323,1023,-700
36243,0,3455,7142,-3687
36244,0,61,21,40
36245,0,12,6,6
36246,0,708,183,525
36247,0,88,209,-121
36248,0,602,532,70
36249,0,335,208,127
36250,0,44,11,33
36251,0,333,139,194
36252,0,3,11,-8
36253,0,85,133,-48
36254,0,42,76,-34
36255,0,31,26,5
36256,0,61,108,-47
36257,0,196,2547,-2351
36258,0,13,5,8
36259,0,2426,2471,-45
36260,0,28,4,24
36261,0,12,18,-6
36262,0,7,9,-2
36263,0,1259,985,274
36264,0,16,2,14
36265,0,112,250,-138
36266,0,49,103,-54
36267,0,7,4,3
36268,0,694,77,617
36269,0,212,495,-283
36271,0,73,220,-147
36272,0,2,20,-18
36273,0,115,281,-166
36274,0,374,181,193
36275,0,11,14,-3
36276,0,4,4,0
36277,0,8,10,-2
36278,0,1749,430,1319
36279,0,147,162,-15
36281,0,411,1008,-597
36282,0,13,35,-22
36283,0,3246,4188,-942
36284,0,95,150,-55
36285,0,3,9,-6
36286,0,19,14,5
36287,0,6,45,-39
36288,0,496,798,-302
36289,0,5,17,-12
36290,0,1222,564,658
36291,0,59,111,-52
36292,0,23,12,11
36293,0,17447,17631,-184
36294,0,62,103,-41
36295,0,869,1700,-831
36296,0,5,7,-2
36297,0,131,123,8
36298,0,181,143,38
36299,0,31,98,-67
36300,0,137,197,-60
36301,0,126,569,-443
36302,0,1732,3272,-1540
36303,0,10,44,-34
36304,0,126,20,106
36305,0,1057,721,336
36306,0,22,4,18
36307,0,4289,1907,2382
36308,0,31,38,-7
36309,0,187,307,-120
36311,0,33,105,-72
36312,0,95,44,51
36313,0,44,17,27
36315,0,4,63,-59
36316,0,74,126,-52
36317,0,83,18,65
36318,0,312,259,53
36319,0,8,2,6
36320,0,13,1,12
36321,0,63,25,38
36322,0,42,51,-9
36323,0,317,121,196
36324,0,14,4,10
36325,0,10,62,-52
36326,0,49,19,30
36327,0,50,223,-173
36328,0,35,44,-9
36329,0,20,64,-44
36330,0,131,35,96
36331,0,86,166,-80
36332,0,36,11,25
36333,0,1121,1339,-218
36334,0,48,13,35
36335,0,32,2,30
36336,0,63,44,19
36337,0,141,26,115
36338,0,227,244,-17
36339,0,199,364,-165
36340,0,3,12,-9
36341,0,30,70,-40
36342,0,142,145,-3
36344,0,4204,5018,-814
36346,0,14,14,0
36347,0,328,198,130
36348,0,22,12,10
36349,0,5,11,-6
36350,0,131,111,20
36351,0,16,78,-62
36352,0,42,80,-38
36353,0,4,139,-135
36354,0,7,6,1
36355,0,455,343,112
36356,0,32,54,-22
36357,0,64,190,-126
36358,0,17,3,14
36359,0,81,121,-40
36360,0,1681,784,897
36361,0,4585,7088,-2503
36362,0,15,29,-14
36363,0,99,153,-54
36364,0,348,859,-511
36365,0,6,3,3
36366,0,151,260,-109
36367,0,63,22,41
36368,0,218,334,-116
36369,0,643,1091,-448
36370,0,29,1,28
36371,0,29,4,25
36372,0,109,157,-48
36373,0,20,146,-126
36375,0,12,62,-50
36376,0,25,68,-43
36377,0,923,471,452
36378,0,52,64,-12
36379,0,10,24,-14
36380,0,110,100,10
36381,0,24,104,-80
36382,0,99,81,18
36383,0,155,61,94
36384,0,47,26,21
36385,0,78,64,14
36386,0,98,117,-19
36387,0,221,34,187
36388,0,1,6,-5
36389,0,19,17,2
36390,0,14,4,10
36391,0,39,126,-87
36393,0,169,331,-162
36394,0,107,62,45
36395,0,732,1310,-578
36397,0,62,35,27
36398,0,3,10,-7
36400,0,16,33,-17
36401,0,6,46,-40
36402,0,21,30,-9
36403,0,13351,5532,7819
36404,0,591,642,-51
36405,0,242,11,231
36406,0,1257,1027,230
36407,0,11,27,-16
36408,0,2,3,-1
36409,0,24,21,3
36410,0,9,5,4
36411,0,1220,2060,-840
36412,0,24,24,0
36413,0,51,64,-13
36414,0,361,404,-43
36415,0,3,15,-12
36416,0,54,78,-24
36417,0,1711,1666,45
36418,0,906,2868,-1962
36419,0,69,38,31
36420,0,164,81,83
36421,0,1,29,-28
36422,0,109,46,63
36423,0,10,5,5
36424,0,90,72,18
36426,0,380,544,-164
36427,0,26,56,-30
36428,0,37,22,15
36429,0,19,4,15
36430,0,12,9,3
36431,0,261,997,-736
36432,0,598,1033,-435
36433,0,47,69,-22
36434,0,75,117,-42
36435,0,13,34,-21
36436,0,37,108,-71
36437,0,169,28,141
36438,0,28,150,-122
36439,0,2,84,-82
36440,0,83,136,-53
36441,0,5,0,5
36442,0,211,153,58
36443,0,85,132,-47
36444,0,4812,4607,205
36445,0,79,198,-119
36447,0,862,1576,-714
36448,0,27,85,-58
36449,0,4661,2007,2654
36450,0,20,11,9
36451,0,44,13,31
36452,0,3,3,0
36453,0,4,14,-10
36454,0,53,120,-67
36455,0,33,95,-62
36456,0,355,452,-97
36457,0,48,19,29
36458,0,37,90,-53
36459,0,1,17,-16
36460,0,1304,1177,127
36461,0,1284,2895,-1611
36462,0,110,84,26
36463,0,134,311,-177
36464,0,238,57,181
36465,0,94,712,-618
36466,0,211,1864,-1653
36467,0,39,126,-87
36468,0,470,3107,-2637
36470,0,29,26,3
36471,0,14,42,-28
36472,0,24,110,-86
36473,0,452,695,-243
36474,0,92,59,33
36475,0,46,69,-23
36476,0,67,171,-104
36477,0,203,170,33
36478,0,258,46,212
36479,0,2043,3831,-1788
36480,0,7,54,-47
36481,0,683,690,-7
36482,0,2,7,-5
36483,0,3,37,-34
36485,0,5,15,-10
36486,0,528,483,45
36487,0,218,165,53
36488,0,1,3,-2
36489,0,82,32,50
36491,0,66,64,2
36492,0,28,23,5
36493,0,32,194,-162
36495,0,16,61,-45
36496,0,221,275,-54
36497,0,6,18,-12
36498,0,13,3,10
36499,0,424,164,260
36500,0,36,51,-15
36501,0,260,204,56
36502,0,9,23,-14
36504,0,60,82,-22
36505,0,12,11,1
36506,0,39,50,-11
36507,0,42,50,-8
36508,0,351,449,-98
36509,0,41,58,-17
36510,0,2,8,-6
36511,0,77,19,58
36512,0,1749,1004,745
36513,0,17,61,-44
36514,0,30,20,10
36515,0,3152,302,2850
36516,0,23,81,-58
36517,0,6,27,-21
36518,0,2597,151,2446
36520,0,129,55,74
36521,0,218,610,-392
36522,0,17,6,11
36523,0,1376,2694,-1318
36524,0,160,274,-114
36525,0,15,26,-11
36527,0,1663,2331,-668
36528,0,19,27,-8
36529,0,18,12,6
36530,0,2865,551,2314
36531,0,140,113,27
36532,0,5,1,4
36533,0,1868,383,1485
36534,0,68,117,-49
36536,0,144,436,-292
36537,0,16,33,-17
36538,0,110,131,-21
36539,0,82,4950,-4868
36541,0,205,408,-203
36542,0,116,136,-20
36543,0,5,4,1
36544,0,20,30,-10
36545,0,4,2,2
36546,0,82,27,55
36547,0,435,1066,-631
36548,0,33,52,-19
36550,0,9,62,-53
36551,0,53,21,32
36552,0,48,16,32
36553,0,86,20,66
36554,0,292,433,-141
36555,0,2,11,-9
36556,0,1383,1020,363
36557,0,40,33,7
36558,0,4,29,-25
36559,0,1872,264,1608
36560,0,16,72,-56
36561,0,5,45,-40
36562,0,119,101,18
36563,0,88,184,-96
36564,0,117,375,-258
36566,0,11,67,-56
36567,0,255,73,182
36568,0,2,36,-34
36569,0,20,168,-148
36570,0,4,2,2
36571,0,20,11,9
36572,0,59,115,-56
36573,0,100,191,-91
36574,0,291,405,-114
36575,0,9,20,-11
36576,0,301,242,59
36578,0,66,68,-2
36579,0,11,42,-31
36580,0,753,1545,-792
36581,0,32,22,10
36582,0,113,93,20
36583,0,1733,535,1198
36584,0,126,133,-7
36585,0,34,16,18
36586,0,1063,1966,-903
36587,0,19,21,-2
36588,0,55,93,-38
36589,0,9,1,8
36590,0,252,799,-547
36591,0,108,40,68
36592,0,47,76,-29
36593,0,90,129,-39
36594,0,32,33,-1
36595,0,47,29,18
36596,0,98,109,-11
36597,0,60,29,31
36598,0,280,1456,-1176
36599,0,49,90,-41
36600,0,398,394,4
36601,0,590,1178,-588
36602,0,224,154,70
36604,0,10,26,-16
36605,0,472,311,161
36606,0,321,329,-8
36607,0,26,6,20
36608,0,203,412,-209
36609,0,3,5,-2
36610,0,50,43,7
36611,0,48,140,-92
36612,0,112,154,-42
36613,0,159,124,35
36614,0,4913,4307,606
36615,0,72,88,-16
36616,0,4,24,-20
36617,0,1176,463,713
36618,0,2551,4407,-1856
36619,0,82,155,-73
36620,0,329,2038,-1709
36621,0,28,5,23
36622,0,10,9,1
36623,0,1768,1523,245
36624,0,21,25,-4
36625,0,70,102,-32
36626,0,2097,1432,665
36627,0,4,6,-2
36628,0,1,10,-9
36629,0,1500,569,931
36630,0,419,122,297
36631,0,28,42,-14
36632,0,33,110,-77
36633,0,6,4,2
36635,0,111,218,-107
36636,0,1410,896,514
36637,0,53,57,-4
36638,0,425,1736,-1311
36639,0,14,19,-5
36640,0,52,202,-150
36641,0,9,6,3
36642,0,12311,5105,7206
36643,0,168,245,-77
36644,0,80,75,5
36645,0,212,682,-470
36646,0,262,98,164
36647,0,2,8,-6
36649,0,49,50,-1
36650,0,102,281,-179
36651,0,1207,1540,-333
36652,0,38,179,-141
36653,0,182,233,-51
36654,0,151,417,-266
36655,0,39,115,-76
36656,0,12,23,-11
36657,0,67,187,-120
36658,0,3189,8399,-5210
36659,0,46,22,24
36660,0,68,89,-21
36661,0,12,7,5
36663,0,120,81,39
36664,0,342,221,121
36665,0,1054,45,1009
36666,0,384,1074,-690
36667,0,323,643,-320
36668,0,135,158,-23
36669,0,45,38,7
36671,0,169,97,72
36673,0,18,21,-3
36674,0,8,7,1
36675,0,51,119,-68
36677,0,16,4,12
36678,0,163,146,17
36679,0,549,95,454
36680,0,105,172,-67
36681,0,142,378,-236
36682,0,5974,3700,2274
36683,0,2,8,-6
36684,0,18,19,-1
36685,0,7,21,-14
36686,0,46,25,21
36687,0,471,767,-296
36688,0,45,10,35
36689,0,85,30,55
36690,0,43,37,6
36691,0,4,18,-14
36692,0,19,12,7
36693,0,410,405,5
36694,0,109,200,-91
36695,0,25,59,-34
36696,0,84,186,-102
36697,0,1,1,0
36698,0,228,191,37
36699,0,301,459,-158
36700,0,133,58,75
36701,0,146,167,-21
36702,0,80,47,33
36704,0,15,1,14
36705,0,38,24,14
36706,0,52,74,-22
36708,0,77,4,73
36709,0,446,729,-283
36710,0,1,13,-12
36711,0,937,1431,-494
36712,0,411,224,187
36714,0,28,148,-120
36715,0,35,90,-55
36716,0,68,164,-96
36717,0,1593,1894,-301
36718,0,114,273,-159
36719,0,20,10,10
36721,0,17,73,-56
36722,0,21,32,-11
36723,0,2,42,-40
36724,0,22,33,-11
36725,0,7,93,-86
36726,0,10,100,-90
36727,0,4,2,2
36728,0,344,55,289
36729,0,46,82,-36
36730,0,42,53,-11
36731,0,21,11,10
36732,0,2,67,-65
36733,0,685,402,283
36734,0,28,5,23
36735,0,7,76,-69
36736,0,139,153,-14
36737,0,419,1472,-1053
36738,0,26,7,19
36739,0,1092,2649,-1557
36740,0,152,174,-22
36741,0,10,15,-5
36742,0,1,105,-104
36743,0,71,50,21
36744,0,34,31,3
36745,0,422,399,23
36746,0,1643,3858,-2215
36747,0,748,1242,-494
36748,0,128,86,42
36749,0,1,96,-95
36750,0,65,35,30
36751,0,11,53,-42
36752,0,73,98,-25
36753,0,2429,139,2290
36754,0,6,9,-3
36755,0,1,39,-38
36756,0,403,135,268
36757,0,592,1163,-571
36758,0,10,33,-23
36759,0,1118,1587,-469
36761,0,17,33,-16
36762,0,858,478,380
36763,0,503,775,-272
36764,0,60,157,-97
36765,0,56,27,29
36766,0,2,3,-1
36767,0,93,514,-421
36768,0,19,10,9
36769,0,47,25,22
36770,0,315,640,-325
36771,0,20,25,-5
36772,0,483,393,90
36773,0,82,736,-654
36774,0,861,252,609
36775,0,30,48,-18
36776,0,77,16,61
36777,0,42,11,31
36779,0,45,6,39
36780,0,88,55,33
36781,0,461,88,373
36782,0,28,29,-1
36783,0,24,41,-17
36784,0,153,160,-7
36785,0,1040,1442,-402
36786,0,34,1,33
36787,0,21,129,-108
36788,0,35,66,-31
36789,0,258,258,0
36790,0,16,9,7
36791,0,3,66,-63
36792,0,21,11,10
36793,0,365,345,20
36794,0,2126,2928,-802
36795,0,18,14,4
36796,0,7391,3010,4381
36797,0,8,267,-259
36798,0,4,8,-4
36799,0,12,10,2
36800,0,4,3,1
36801,0,92,101,-9
36802,0,2754,4765,-2011
36803,0,326,859,-533
36804,0,31,20,11
36805,0,20,59,-39
36806,0,13,13,0
36807,0,81,150,-69
36808,0,8,100,-92
36809,0,1136,612,524
36810,0,26,266,-240
36811,0,722,770,-48
36812,0,108,58,50
36813,0,43,226,-183
36814,0,92,78,14
36816,0,26,11,15
36817,0,157,267,-110
36818,0,15,95,-80
36819,0,54,13,41
36820,0,16,74,-58
36822,0,46,34,12
36823,0,5,9,-4
36824,0,567,316,251
36825,0,43,57,-14
36826,0,11,6,5
36827,0,51,64,-13
36828,0,222,69,153
36829,0,81,28,53
36830,0,4,55,-51
36831,0,3,213,-210
36832,0,1717,1590,127
36833,0,7,19,-12
36834,0,8,1,7
36835,0,191,199,-8
36836,0,99,40,59
36837,0,133,493,-360
36838,0,36,23,13
36839,0,114,171,-57
36840,0,24,21,3
36841,0,65,51,14
36842,0,6,8,-2
36843,0,575,21,554
36844,0,3,13,-10
36845,0,30,79,-49
36846,0,15,13,2
36847,0,244,45,199
36848,0,1183,424,759
36849,0,24,16,8
36850,0,3,10,-7
36851,0,56,111,-55
36852,0,2996,3868,-872
36853,0,165,118,47
36854,0,20,1,19
36855,0,1398,231,1167
36856,0,48,56,-8
36857,0,3,6,-3
36858,0,626,1065,-439
36859,0,37,36,1
36860,0,3972,6671,-2699
36861,0,1,21,-20
36862,0,38,48,-10
36863,0,2,3,-1
36864,0,276,25,251
36865,0,9,2,7
36866,0,61,29,32
36867,0,134,115,19
36868,0,54,90,-36
36869,0,20,22,-2
36870,0,6,7,-1
36871,0,141,112,29
36872,0,2138,6596,-4458
36873,0,34,8,26
36874,0,122,200,-78
36875,0,4,8,-4
36876,0,54,16,38
36877,0,1684,2096,-412
36878,0,17,7,10
36879,0,383,2634,-2251
36880,0,125,127,-2
36881,0,5,6,-1
36882,0,716,155,561
36883,0,24,83,-59
36884,0,25,20,5
36885,0,396,495,-99
36886,0,17,59,-42
36887,0,227,335,-108
36888,0,448,586,-138
36889,0,8,628,-620
36890,0,7,13,-6
36891,0,1648,2165,-517
36892,0,120,96,24
36893,0,57,80,-23
36894,0,273,481,-208
36895,0,39,58,-19
36896,0,93,59,34
36897,0,52,211,-159
36898,0,2,2,0
36899,0,4,4,0
36900,0,66,26,40
36901,0,4,11,-7
36902,0,45,31,14
36903,0,29,48,-19
36904,0,143,123,20
36905,0,5,4,1
36906,0,16394,15294,1100
36907,0,45,35,10
36908,0,7,1,6
36909,0,139,363,-224
36910,0,90,65,25
36912,0,16,59,-43
36913,0,2,48,-46
36914,0,27,18,9
36915,0,338,82,256
36916,0,56,10,46
36917,0,20,28,-8
36918,0,23,27,-4
36919,0,34,41,-7
36920,0,7729,8168,-439
36921,0,167,224,-57
36922,0,17,16,1
36923,0,12,12,0
36924,0,193,359,-166
36925,0,438,725,-287
36926,0,128,162,-34
36927,0,23,48,-25
36928,0,6,27,-21
36929,0,28,37,-9
36930,0,37,61,-24
36931,0,4,0,4
36932,0,150,402,-252
36933,0,161,285,-124
36934,0,65,87,-22
36935,0,26,34,-8
36936,0,16,21,-5
36937,0,66,42,24
36938,0,12,25,-13
36939,0,300,104,196
36940,0,8,10,-2
36942,0,36,42,-6
36943,0,9,2,7
36944,0,292,10,282
36945,0,12,37,-25
36946,0,81,32,49
36947,0,26,51,-25
36948,0,63,343,-280
36949,0,650,1186,-536
36950,0,7,2,5
36951,0,16,18,-2
36952,0,1,12,-11
36953,0,173,264,-91
36954,0,15,26,-11
36955,0,76,153,-77
36957,0,16,50,-34
36958,0,116,51,65
36959,0,650,266,384
36960,0,34,34,0
36961,0,34,17,17
36962,0,15,10,5
36963,0,4611,4961,-350
36964,0,87,33,54
36965,0,189,98,91
36966,0,62,119,-57
36967,0,501,1397,-896
36968,0,52,38,14
36969,0,73,200,-127
36970,0,317,42,275
36971,0,13,10,3
36972,0,1,18,-17
36973,0,199,358,-159
36974,0,59,14,45
36975,0,181,8269,-8088
36976,0,475,131,344
36977,0,40,33,7
36978,0,103,97,6
36979,0,13,3,10
36980,0,15,8,7
36981,0,74,17,57
36982,0,4,40,-36
36983,0,40,59,-19
36984,0,191,148,43
36985,0,9,59,-50
36986,0,61,22,39
36987,0,26,52,-26
36988,0,2,23,-21
36989,0,31,23,8
36990,0,24,43,-19
36991,0,134,220,-86
36992,0,12,2,10
36993,0,4,7,-3
36994,0,311,539,-228
36995,0,46,270,-224
36996,0,106,95,11
36997,0,123,198,-75
36999,0,24,185,-161
37001,0,5202,4278,924
37002,0,6,2,4
37003,0,907,752,155
37004,0,37,232,-195
37005,0,445,586,-141
37006,0,13902,3129,10773
37007,0,1740,2836,-1096
37008,0,296,705,-409
37009,0,14,25,-11
37010,0,207,151,56
37011,0,54,129,-75
37013,0,43,209,-166
37016,0,317,205,112
37017,0,34,68,-34
37018,0,41,21,20
37019,0,6,5,1
37020,0,6115,2411,3704
37021,0,140,90,50
37022,0,89,36,53
37023,0,26,44,-18
37024,0,850,1064,-214
37025,0,13,23,-10
37027,0,45,75,-30
37028,0,18,289,-271
37030,0,325,632,-307
37031,0,888,618,270
37032,0,8,15,-7
37033,0,313,664,-351
37034,0,15,21,-6
37035,0,61,58,3
37036,0,773,2543,-1770
37037,0,55,28,27
37038,0,41,203,-162
37039,0,20,5,15
37040,0,118,30,88
37041,0,2,17,-15
37042,0,1756,3327,-1571
37043,0,33,35,-2
37044,0,4,3,1
37045,0,15,30,-15
37047,0,89,145,-56
37048,0,6,10,-4
37049,0,2056,3820,-1764
37050,0,86,119,-33
37051,0,14,14,0
37053,0,1715,841,874
37054,0,129,167,-38
37055,0,52,111,-59
37056,0,184,459,-275
37057,0,64,180,-116
37058,0,393,742,-349
37059,0,38,159,-121
37060,0,81,120,-39
37061,0,9,22,-13
37062,0,44,132,-88
37063,0,50,29,21
37064,0,52,25,27
37065,0,131,72,59
37066,0,571,1316,-745
37067,0,303,444,-141
37069,0,29,17,12
37071,0,37,100,-63
37072,0,24,125,-101
37073,0,28,43,-15
37074,0,261,270,-9
37075,0,6437,7670,-1233
37076,0,9,45,-36
37078,0,22,25,-3
37079,0,128,268,-140
37080,0,2,6,-4
37081,0,557,204,353
37082,0,101,75,26
37083,0,5,21,-16
37084,0,52,121,-69
37085,0,162,142,20
37086,0,46,13,33
37087,0,142,41,101
37088,0,6371,7824,-1453
37089,0,48,99,-51
37090,0,59,68,-9
37091,0,2,16,-14
37092,0,64,15,49
37093,0,1293,1965,-672
37094,0,39,170,-131
37095,0,25,152,-127
37096,0,13,7,6
37097,0,10,9,1
37098,0,24,399,-375
37099,0,1299,1480,-181
37100,0,55,16,39
37101,0,24,23,1
37102,0,33,90,-57
37103,0,6,10,-4
37104,0,377,221,156
37105,0,98,180,-82
37106,0,532,526,6
37107,0,1936,4441,-2505
37109,0,9,18,-9
37110,0,94,217,-123
37111,0,2587,117,2470
37113,0,51,64,-13
37114,0,83,40,43
37115,0,5,14,-9
37116,0,393,455,-62
37118,0,896,865,31
37119,0,3,25,-22
37120,0,59,97,-38
37122,0,790,284,506
37123,0,560,806,-246
37124,0,994,177,817
37125,0,54,45,9
37126,0,2974,5259,-2285
37127,0,41,8,33
37128,0,1071,174,897
37129,0,38,99,-61
37130,0,158,347,-189
37131,0,2213,772,1441
37132,0,992,423,569
37133,0,2125,4860,-2735
37134,0,2081,458,1623
37135,0,11200,16470,-5270
37136,0,5,13,-8
37137,0,42,15,27
37138,0,18,39,-21
37139,0,373,546,-173
37140,0,59,25,34
37141,0,4,15,-11
37142,0,6,12,-6
37143,0,878,1292,-414
37144,0,12,4,8
37145,0,720,428,292
37146,0,197,346,-149
37147,0,27,80,-53
37148,0,1453,1316,137
37149,0,15,30,-15
37150,0,98,498,-400
37152,0,63,175,-112
37153,0,114,71,43
37154,0,8,9,-1
37155,0,18,32,-14
37156,0,265,532,-267
37157,0,28,76,-48
37159,0,238,144,94
37160,0,2949,6646,-3697
37161,0,8,66,-58
37162,0,4,3,1
37164,0,5307,6770,-1463
37165,0,10,38,-28
37166,0,314,93,221
37167,0,49,17,32
37168,0,59,29,30
37169,0,101,128,-27
37170,0,23,186,-163
37171,0,228,1825,-1597
37172,0,22,48,-26
37173,0,59,25,34
37174,0,73,71,2
37175,0,55,46,9
37176,0,26,14,12
37177,0,14,26,-12
37178,0,43,7,36
37179,0,149,193,-44
37180,0,132,95,37
37181,0,24,7,17
37182,0,87,74,13
37183,0,108,12,96
37184,0,96,86,10
37185,0,245,391,-146
37186,0,97,84,13
37187,0,89,115,-26
37188,0,19,24,-5
37189,0,222,187,35
37190,0,32,3,29
37191,0,24,28,-4
37192,0,52,64,-12
37193,0,41,1,40
37194,0,480,136,344
37195,0,15,5,10
37196,0,112,127,-15
37197,0,51,28,23
37198,0,9,8,1
37200,0,11,25,-14
37201,0,17,40,-23
37202,0,5,6,-1
37203,0,31,16,15
37204,0,1211,560,651
37205,0,93,49,44
37206,0,7,39,-32
37207,0,2504,3953,-1449
37208,0,16805,21141,-4336
37209,0,6,15,-9
37210,0,5,17,-12
37212,0,16,29,-13
37213,0,360,282,78
37214,0,73,142,-69
37215,0,27,59,-32
37216,0,58,78,-20
37217,0,32,79,-47
37218,0,66,59,7
37219,0,70,1285,-1215
37220,0,140,435,-295
37221,0,1336,1553,-217
37223,0,34,12,22
37225,0,31,30,1
37226,0,76,58,18
37227,0,2044,1435,609
37228,0,241,139,102
37229,0,9,31,-22
37230,0,224,100,124
37231,0,41,120,-79
37232,0,33,59,-26
37233,0,8,3,5
37234,0,6,34,-28
37235,0,8,50,-42
37236,0,62,209,-147
37237,0,145,94,51
37238,0,2,33,-31
37239,0,252,216,36
37240,0,176,26,150
37241,0,2,5,-3
37242,0,220,129,91
37243,0,8,12,-4
37244,0,5,138,-133
37245,0,520,404,116
37247,0,125,126,-1
37248,0,60,102,-42
37249,0,33,230,-197
37250,0,31,8,23
37251,0,32,21,11
37252,0,4045,1717,2328
37253,0,40,43,-3
37254,0,54,37,17
37255,0,4,4,0
37256,0,25,30,-5
37257,0,101,93,8
37258,0,5,59,-54
37259,0,58,72,-14
37260,0,1126,90,1036
37261,0,191,155,36
37262,0,49,6,43
37263,0,758,3024,-2266
37264,0,18,100,-82
37265,0,71,22,49
37266,0,118,87,31
37267,0,121,62,59
37268,0,1006,1008,-2
37269,0,274,245,29
37270,0,30,4,26
37271,0,193,1289,-1096
37272,0,282,159,123
37273,0,6415,7467,-1052
37274,0,3,1,2
37275,0,42,24,18
37276,0,9337,9321,16
37277,0,10,30,-20
37278,0,2,1,1
37279,0,148,106,42
37280,0,81,112,-31
37281,0,33,396,-363
37282,0,872,763,109
37283,0,8,57,-49
37284,0,74,135,-61
37285,0,18,15,3
37286,0,2219,2779,-560
37287,0,48,5,43
37288,0,42,38,4
37289,0,20,34,-14
37290,0,3735,2695,1040
37291,0,35,17,18
37292,0,14,11,3
37293,0,226183,5243,220940
37295,0,1548,2100,-552
37296,0,64,84,-20
37297,0,22,27,-5
37298,0,133,143,-10
37299,0,15,41,-26
37300,0,64,15,49
37302,0,97,54,43
37303,0,87,217,-130
37304,0,107,191,-84
37305,0,142,194,-52
37306,0,324,122,202
37307,0,289,187,102
37308,0,66,43,23
37309,0,627,165,462
37310,0,67,69,-2
37311,0,1112,842,270
37312,0,143,245,-102
37313,0,11,35,-24
37314,0,107,150,-43
37315,0,402,342,60
37317,0,19,31,-12
37318,0,2,15,-13
37319,0,6,86,-80
37320,0,38,39,-1
37321,0,15,40,-25
37322,0,9,308,-299
37323,0,67,55,12
37325,0,178,245,-67
37327,0,89,46,43
37328,0,40,32,8
37329,0,15,334,-319
37332,0,6,199,-193
37333,0,554,469,85
37334,0,24,29,-5
37335,0,54,93,-39
37336,0,128,80,48
37338,0,13,304,-291
37339,0,106,165,-59
37340,0,2,0,2
37341,0,1,5,-4
37342,0,73,3,70
37343,0,35,180,-145
37344,0,12,1,11
37346,0,7,2,5
37347,0,5,24,-19
37348,0,106,210,-104
37349,0,20,57,-37
37350,0,44,78,-34
37351,0,8166,7839,327
37352,0,1,177,-176
37353,0,448,51,397
37355,0,36,47,-11
37356,0,1164,50,1114
37357,0,463,459,4
37358,0,7,7,0
37359,0,4,13,-9
37361,0,13,43,-30
37362,0,123,88,35
37363,0,16,266,-250
37364,0,5,20,-15
37366,0,107,138,-31
37367,0,26,79,-53
37368,0,126,132,-6
37369,0,1,38,-37
37370,0,14,6,8
37371,0,37,118,-81
37372,0,76,0,76
37373,0,253,353,-100
37374,0,253,1332,-1079
37375,0,5,34,-29
37376,0,9,36,-27
37377,0,35,19,16
37378,0,106,50,56
37379,0,44,178,-134
37380,0,12,63,-51
37381,0,10,25,-15
37382,0,63,14,49
37383,0,12,11,1
37384,0,295,398,-103
37385,0,47,71,-24
37386,0,27,45,-18
37387,0,4,0,4
37388,0,15,14,1
37389,0,21,42,-21
37391,0,150,353,-203
37392,0,24,39,-15
37393,0,203,325,-122
37394,0,14,46,-32
37396,0,5,322,-317
37397,0,5,20,-15
37398,0,390,796,-406
37399,0,85,53,32
37400,0,329,355,-26
37401,0,1,16,-15
37402,0,9,152,-143
37403,0,3,66,-63
37404,0,241,83,158
37405,0,10,61,-51
37406,0,19,14,5
37407,0,422,58,364
37408,0,10,4,6
37409,0,30,41,-11
37410,0,12,4,8
37411,0,17,37,-20
37412,0,48,46,2
37413,0,38,39,-1
37414,0,19,82,-63
37415,0,3,6,-3
37416,0,64,20,44
37417,0,94,113,-19
37418,0,8,18,-10
37419,0,685,561,124
37420,0,65,45,20
37421,0,637,1433,-796
37422,0,20,47,-27
37423,0,180,451,-271
37424,0,120,79,41
37426,0,103,100,3
37427,0,40,35,5
37428,0,63,74,-11
37429,0,1274,1043,231
37430,0,30,62,-32
37431,0,1327,637,690
37432,0,125,70,55
37433,0,1,8,-7
37434,0,32,19,13
37435,0,34,12,22
37436,0,155,862,-707
37437,0,37,48,-11
37438,0,66,143,-77
37439,0,664,493,171
37440,0,601,713,-112
37441,0,455,242,213
37442,0,15,19,-4
37444,0,59,46,13
37445,0,74,281,-207
37446,0,4674,3652,1022
37447,0,12,8,4
37448,0,48,49,-1
37449,0,33,16,17
37450,0,5,11,-6
37451,0,29,14,15
37452,0,28,76,-48
37453,0,51,13,38
37454,0,17,76,-59
37455,0,8,7,1
37456,0,1833,354,1479
37457,0,153,179,-26
37458,0,87,138,-51
37459,0,51,103,-52
37460,0,42,28,14
37461,0,10,6,4
37462,0,347,146,201
37463,0,61,349,-288
37464,0,40,227,-187
37465,0,7,17,-10
37466,0,4347,8197,-3850
37467,0,359,124,235
37468,0,26,30,-4
37469,0,15,25,-10
37470,0,1553,1537,16
37471,0,23,10,13
37472,0,9,1,8
37473,0,44,120,-76
37474,0,34,45,-11
37475,0,115,169,-54
37476,0,63,95,-32
37477,0,15,26,-11
37478,0,188,549,-361
37479,0,17,44,-27
37480,0,66,102,-36
37481,0,731,120,611
37482,0,129,96,33
37483,0,637,769,-132
37484,0,196,744,-548
37486,0,34,26,8
37487,0,74,98,-24
37488,0,156,209,-53
37489,0,54,19,35
37490,0,74,11,63
37492,0,1333,248,1085
37493,0,163,61,102
37494,0,237,323,-86
37495,0,90,97,-7
37496,0,11,25,-14
37497,0,65,58,7
37498,0,10,32,-22
37499,0,72,43,29
37500,0,36,10,26
37501,0,59,86,-27
37502,0,5,41,-36
37503,0,5,28,-23
37504,0,218,226,-8
37505,0,19,146,-127
37506,0,16,25,-9
37507,0,7,13,-6
37508,0,154,91,63
37509,0,22,47,-25
37510,0,152,48,104
37511,0,321,930,-609
37512,0,38,27,11
37513,0,13,12,1
37515,0,4,11,-7
37516,0,3,65,-62
37517,0,1649,1683,-34
37518,0,51,28,23
37519,0,2698,932,1766
37521,0,244,320,-76
37522,0,27,21,6
37523,0,393,276,117
37524,0,1,34,-33
37525,0,22,28,-6
37526,0,645,784,-139
37527,0,10,22,-12
37528,0,405,753,-348
37529,0,87,59,28
37530,0,61,82,-21
37531,0,41,59,-18
37532,0,271,23,248
37533,0,2462,5943,-3481
37536,0,24,59,-35
37537,0,49,190,-141
37538,0,76,97,-21
37540,0,3544,4660,-1116
37541,0,69,64,5
37542,0,497,139,358
37543,0,24,98,-74
37545,0,80,199,-119
37546,0,2114,1143,971
37547,0,238,1340,-1102
37548,0,58,58,0
37549,0,8,31,-23
37550,0,241,202,39
37551,0,262,152,110
37552,0,81,95,-14
37553,0,94,48,46
37554,0,19,28,-9
37555,0,237,193,44
37557,0,1019,2010,-991
37558,0,95,72,23
37559,0,19,9166,-9147
37560,0,6916,1098,5818
37561,0,13,12,1
37562,0,4,19,-15
37563,0,7257,1692,5565
37564,0,56,31,25
37565,0,11,70,-59
37566,0,115,157,-42
37567,0,104,63,41
37568,0,29,18,11
37569,0,523,391,132
37570,0,382,173,209
37571,0,143,1016,-873
37573,0,52,103,-51
37575,0,41,24,17
37576,0,2139,386,1753
37577,0,8,42,-34
37578,0,38,83,-45
37579,0,707,2937,-2230
37580,0,30,56,-26
37581,0,5,2,3
37582,0,23,35,-12
37583,0,462,505,-43
37584,0,49,16,33
37585,0,84,152,-68
37586,0,45,103,-58
37587,0,233,341,-108
37588,0,55,50,5
37589,0,6,8,-2
37590,0,2320,1138,1182
37591,0,4704,5086,-382
37592,0,2,24,-22
37593,0,4,2,2
37594,0,126,115,11
37595,0,1,18,-17
37596,0,939,315,624
37597,0,700,628,72
37598,0,72,215,-143
37599,0,303,552,-249
37600,0,65,13,52
37601,0,9,20,-11
37602,0,42,70,-28
37603,0,1801,111,1690
37604,0,97,61,36
37605,0,15,23,-8
37606,0,151,356,-205
37607,0,2294,2129,165
37609,0,1199,1814,-615
37610,0,189,259,-70
37611,0,124,81,43
37612,0,2,4,-2
37613,0,257,213,44
37614,0,2945,1697,1248
37615,0,2,6,-4
37616,0,21,28,-7
37617,0,65,26,39
37618,0,13,18,-5
37620,0,18,17,1
37621,0,987,2150,-1163
37622,0,15,29,-14
37623,0,230,45,185
37624,0,49,47,2
37625,0,50,81,-31
37626,0,39,23,16
37627,0,88,57,31
37628,0,34,25,9
37629,0,186,7,179
37630,0,121,49,72
37631,0,17,9,8
37632,0,120,95,25
37633,0,51,69,-18
37634,0,6,26,-20
37635,0,358,458,-100
37636,0,492,179,313
37638,0,26,48,-22
37639,0,26,40,-14
37640,0,45,8,37
37641,0,175,69,106
37642,0,43,82,-39
37643,0,82,55,27
37644,0,11,60,-49
37645,0,2,64,-62
37646,0,20,12,8
37647,0,72,94,-22
37648,0,24,6,18
37649,0,52,172,-120
37650,0,2,3,-1
37651,0,7,15,-8
37652,0,169,113,56
37653,0,4,0,4
37654,0,1124,841,283
37655,0,70,107,-37
37656,0,15,56,-41
37657,0,4250,1645,2605
37658,0,304,49,255
37659,0,28,4,24
37660,0,161,53,108
37661,0,296,257,39
37662,0,9,6,3
37663,0,14,48,-34
37664,0,523,585,-62
37665,0,43,56,-13
37666,0,11,16,-5
37668,0,62,96,-34
37669,0,20,45,-25
37670,0,53,57,-4
37671,0,9,2,7
37672,0,24,23,1
37673,0,70,106,-36
37674,0,5022,8977,-3955
37675,0,6,12,-6
37676,0,23,10,13
37677,0,74,121,-47
37678,0,128,29,99
37679,0,7009,13412,-6403
37680,0,2726,10060,-7334
37681,0,47,56,-9
37682,0,387,872,-485
37683,0,4416,6236,-1820
37684,0,668,468,200
37685,0,36,23,13
37686,0,110062,9520,100542
37687,0,42,76,-34
37688,0,20,54,-34
37689,0,17,41,-24
37690,0,5,8,-3
37691,0,59,45,14
37692,0,32,151,-119
37693,0,6,21,-15
37694,0,5181,12561,-7380
37695,0,13,48,-35
37696,0,21,30,-9
37697,0,69,257,-188
37698,0,61,47,14
37699,0,171,325,-154
37700,0,8028,7494,534
37701,0,3,13,-10
37702,0,296,931,-635
37703,0,5,61,-56
37704,0,1952,1478,474
37705,0,82,119,-37
37706,0,28,51,-23
37707,0,104,480,-376
37708,0,230,17,213
37710,0,42,5,37
37711,0,6817,1085,5732
37712,0,12,15,-3
37713,0,91,46,45
37714,0,14,38,-24
37715,0,2,17,-15
37716,0,18,136,-118
37717,0,408,1385,-977
37718,0,11,48,-37
37719,0,827,273,554
37720,0,36,40,-4
37721,0,53,66,-13
37722,0,35,18,17
37724,0,50,9,41
37725,0,186,82,104
37726,0,93,27,66
37727,0,87,657,-570
37728,0,4,11,-7
37729,0,2280,2159,121
37730,0,44,216,-172
37731,0,502,420,82
37732,0,12,77,-65
37733,0,2,15,-13
37734,0,3,26,-23
37736,0,943,12,931
37737,0,1655,116269,-114614
37738,0,115,101,14
37739,0,43,2,41
37740,0,130,536,-406
37741,0,44,20,24
37742,0,28,37,-9
37743,0,99,59,40
37744,0,152,19,133
37745,0,472,808,-336
37746,0,6,70,-64
37747,0,382,377,5
37748,0,89,59,30
37749,0,34,40,-6
37750,0,8,4,4
37751,0,37,40,-3
37752,0,29,139,-110
37753,0,308,55,253
37754,0,16,28,-12
37755,0,19,15,4
37756,0,28,20,8
37757,0,3,18,-15
37758,0,28,21,7
37759,0,218,515,-297
37760,0,158,111,47
37762,0,9147,6313,2834
37763,0,106,74,32
37764,0,49,59,-10
37765,0,3,3,0
37766,0,50,46,4
37767,0,77,43,34
37768,0,157,1724,-1567
37769,0,114,468,-354
37770,0,82,156,-74
37771,0,5,8,-3
37772,0,120,99,21
37773,0,21,41,-20
37774,0,28,17,11
37777,0,110,139,-29
37778,0,30,59,-29
37779,0,495,753,-258
37780,0,2,8,-6
37781,0,59,105,-46
37782,0,28,99,-71
37783,0,61,92,-31
37784,0,35,47,-12
37785,0,12,28,-16
37786,0,65,160,-95
37787,0,1522,1294,228
37788,0,6230,9346,-3116
37789,0,1953,3931,-1978
37790,0,514,756,-242
37791,0,19,24,-5
37792,0,11,9,2
37793,0,264,998,-734
37794,0,1,1,0
37795,0,3,52,-49
37796,0,174,215,-41
37797,0,73,136,-63
37798,0,68,57,11
37799,0,72,44,28
37800,0,20,72,-52
37801,0,48,97,-49
37802,0,63,70,-7
37803,0,6,19,-13
37804,0,187,188,-1
37805,0,932827,1335580,-402753
37806,0,45,387,-342
37807,0,72,43,29
37809,0,63,5,58
37810,0,89,81,8
37811,0,1,7,-6
37812,0,3,65,-62
37813,0,30,85,-55
37814,0,3,4,-1
37815,0,6,4,2
37816,0,162,155,7
37817,0,49,38,11
37818,0,199,114,85
37819,0,75,169,-94
37820,0,23,37,-14
37821,0,23,7,16
37822,0,42,34,8
37823,0,65,83,-18
37824,0,30,62,-32
37825,0,26,26,0
37826,0,38,243,-205
37827,0,421,341,80
37828,0,15,5,10
37829,0,163,188,-25
37830,0,130,249,-119
37831,0,7,25,-18
37832,0,258,747,-489
37833,0,16,95,-79
37834,0,25,9,16
37835,0,5615,8862,-3247
37836,0,92,125,-33
37837,0,546,866,-320
37838,0,7,4,3
37839,0,345,123,222
37840,0,1699,1538,161
37841,0,429,1046,-617
37842,0,124,48,76
37843,0,19,41,-22
37844,0,114,223,-109
37845,0,21,25,-4
37847,0,8,19,-11
37848,0,8,12,-4
37851,0,110,100,10
37852,0,21,3,18
37853,0,69,49,20
37854,0,453,264,189
37856,0,92,66,26
37857,0,50,266,-216
37858,0,35,32,3
37859,0,7,21,-14
37860,0,12,43,-31
37861,0,153,221,-68
37862,0,74,171,-97
37863,0,36,33,3
37864,0,39,158,-119
37865,0,17,24,-7
37866,0,26,19,7
37867,0,2,29,-27
37868,0,4569,2210,2359
37869,0,14,104,-90
37870,0,7,1,6
37871,0,10,12,-2
37872,0,122,16,106
37873,0,18,63,-45
37874,0,11,6,5
37875,0,20,111,-91
37877,0,4,66,-62
37879,0,29,11,18
37880,0,36,30,6
37881,0,73,114,-41
37882,0,2,11,-9
37883,0,2,34,-32
37884,0,3,8,-5
37885,0,1,6,-5
37886,0,36,17,19
37889,0,4,5,-1
37890,0,29,89,-60
37891,0,115,167,-52
37892,0,2,38,-36
37893,0,29,45,-16
37894,0,262,124,138
37895,0,24,34,-10
37896,0,220,102,118
37897,0,4,1,3
37898,0,6,16,-10
37899,0,115,193,-78
37900,0,15,12,3
37901,0,167,144,23
37902,0,659,917,-258
37903,0,1309,346,963
37904,0,3,3,0
37905,0,727,923,-196
37906,0,16917,20286,-3369
37907,0,157,142,15
37908,0,41,24,17
37909,0,65,37,28
37910,0,48,55,-7
37911,0,1,10,-9
37912,0,94,38,56
37914,0,11,10,1
37915,0,134,604,-470
37916,0,260,341,-81
37917,0,1,11,-10
37918,0,134,204,-70
37919,0,106,35,71
37920,0,8,25,-17
37921,0,1,12,-11
37922,0,36,29,7
37923,0,1393,2808,-1415
37924,0,111,14,97
37925,0,9,23,-14
37926,0,279,204,75
37928,0,3,11,-8
37929,0,330,669,-339
37930,0,40,85,-45
37931,0,97,297,-200
37932,0,14181,25283,-11102
37933,0,20,9,11
37934,0,76,43,33
37935,0,6843,919,5924
37936,0,71,70,1
37937,0,115,48,67
37938,0,31,16,15
37939,0,14,29,-15
37941,0,5378,610,4768
37942,0,26,17,9
37943,0,6,11,-5
37944,0,73,37,36
37945,0,1,21,-20
37946,0,884,591,293
37947,0,12,15,-3
37948,0,47,95,-48
37949,0,35,7,28
37950,0,196,423,-227
37951,0,45,32,13
37952,0,3,61,-58
37953,0,2957,542,2415
37955,0,34,75,-41
37957,0,55,144,-89
37958,0,55,24,31
37959,0,12,35,-23
37960,0,28,7,21
37961,0,58,14,44
37962,0,2,11,-9
37963,0,16,41,-25
37964,0,531,721,-190
37965,0,44,49,-5
37966,0,92,183,-91
37967,0,177,38,139
37968,0,74,124,-50
37969,0,15,5,10
37970,0,45,31,14
37971,0,38,18,20
37972,0,46,51,-5
37973,0,33,56,-23
37974,0,19,42,-23
37975,0,20,517,-497
37976,0,775,331,444
37977,0,21,14,7
37978,0,7,10,-3
37979,0,69,236,-167
37980,0,5974,2990,2984
37981,0,42,91,-49
37983,0,324,361,-37
37984,0,53,93,-40
37985,0,58,48,10
37986,0,51,59,-8
37987,0,457,98,359
37988,0,62,102,-40
37989,0,8,1,7
37990,0,19,38,-19
37991,0,2977,2866,111
37992,0,1,3,-2
37993,0,361,383,-22
37994,0,2,10,-8
37995,0,255,533,-278
37997,0,28,197,-169
37998,0,2,1,1
37999,0,26,48,-22
38000,0,16,34,-18
38001,0,148,409,-261
38002,0,416,220,196
38003,0,2,15,-13
38004,0,25,78,-53
38005,0,56,101,-45
38006,0,37,41,-4
38007,0,7,64,-57
38008,0,39,28,11
38009,0,41,39,2
38010,0,485,52,433
38011,0,2378,5544,-3166
38013,0,27,108,-81
38014,0,414,737,-323
38015,0,33,16,17
38016,0,14,12,2
38017,0,459,281,178
38018,0,10,18,-8
38019,0,70,30,40
38020,0,212,309,-97
38021,0,281,99,182
38022,0,119,26,93
38023,0,1717,437,1280
38024,0,216,212,4
38025,0,3,12,-9
38026,0,71,44,27
38027,0,21,93,-72
38028,0,570,423,147
38029,0,214,80,134
38030,0,64,24,40
38031,0,216,216,0
38032,0,21,41,-20
38033,0,82,54,28
38034,0,32,130,-98
38035,0,2420,3167,-747
38036,0,150,139,11
38037,0,356,52,304
38038,0,9,16,-7
38039,0,188,281,-93
38040,0,17,7,10
38041,0,12,24,-12
38042,0,83,2,81
38044,0,125,10,115
38045,0,157,328,-171
38046,0,121,26,95
38047,0,250,214,36
38048,0,7,16,-9
38049,0,8,1,7
38050,0,23,43,-20
38051,0,9,147,-138
38052,0,26,47,-21
38053,0,44,88,-44
38054,0,205,305,-100
38055,0,2,29,-27
38056,0,333,497,-164
38057,0,668,975,-307
38058,0,70,143,-73
38059,0,339,639,-300
38060,0,55,37,18
38061,0,162,147,15
38062,0,16,2,14
38064,0,1809,2261,-452
38065,0,359,302,57
38066,0,123,185,-62
38067,0,498,229,269
38068,0,40,31,9
38069,0,6,2,4
38070,0,279,1060,-781
38071,0,7,6,1
38073,0,285,324,-39
38074,0,207,84,123
38075,0,38,52,-14
38076,0,13,20,-7
38077,0,22,1,21
38078,0,5,21,-16
38079,0,3,52,-49
38080,0,1542,3695,-2153
38081,0,2403,3691,-1288
38082,0,526,15,511
38083,0,1590,2758,-1168
38084,0,28,142,-114
38085,0,178,143,35
38086,0,4934,7811,-2877
38087,0,52,232,-180
38088,0,21,78,-57
38089,0,103,69,34
38090,0,169,305,-136
38091,0,18,21,-3
38092,0,8,4,4
38093,0,35,11,24
38094,0,225,37,188
38096,0,42,39,3
38097,0,16,37,-21
38098,0,90,113,-23
38099,0,15,5,10
38100,0,1141,915,226
38101,0,524,125,399
38103,0,91,164,-73
38104,0,146,81,65
38105,0,366,497,-131
38106,0,2706,2366,340
38107,0,22,153,-131
38108,0,43,55,-12
38109,0,47,122,-75
38110,0,47,55,-8
38111,0,2454,2531,-77
38113,0,12,27,-15
38114,0,26,50,-24
38115,0,64,7,57
38116,0,38,21,17
38117,0,26,69,-43
38118,0,21,115,-94
38119,0,109,95,14
38120,0,18,34,-16
38121,0,4,29,-25
38122,0,555,993,-438
38123,0,8,8,0
38124,0,31,85,-54
38125,0,2903,4954,-2051
38126,0,16,31,-15
38127,0,21,61,-40
38128,0,156,377,-221
38129,0,140,226,-86
38130,0,1494,1841,-347
38131,0,64,29,35
38132,0,15,22,-7
38133,0,340,379,-39
38134,0,41,271,-230
38135,0,62,79,-17
38136,0,1700,1808,-108
38137,0,220,86,134
38138,0,70,67,3
38139,0,58,88,-30
38140,0,280,147,133
38141,0,159,288,-129
38142,0,16,69,-53
38143,0,24,47,-23
38144,0,1350,1674,-324
38146,0,35,105,-70
38147,0,29,59,-30
38148,0,13,10,3
38149,0,33,16,17
38150,0,89,127,-38
38151,0,9,20,-11
38152,0,128,131,-3
38153,0,15,46,-31
38154,0,807,875,-68
38155,0,44,34,10
38156,0,20,68,-48
38158,0,25,34,-9
38160,0,1082,961,121
38161,0,16,102,-86
38162,0,156,216,-60
38163,0,201,34,167
38164,0,19,25,-6
38165,0,2,18,-16
38166,0,13,25,-12
38167,0,61,138,-77
38168,0,17,40,-23
38170,0,542,215,327
38173,0,19,38,-19
38174,0,41,14,27
38175,0,40,232,-192
38176,0,8,15,-7
38177,0,253,478,-225
38178,0,36,31,5
38179,0,15,24,-9
38180,0,140,267,-127
38181,0,181,184,-3
38182,0,1367,5826,-4459
38183,0,140,155,-15
38184,0,20,5,15
38185,0,109,173,-64
38187,0,778,877,-99
38188,0,49,180,-131
38189,0,3,47,-44
38190,0,152,277,-125
38191,0,353,90,263
38192,0,3,9,-6
38193,0,52,116,-64
38194,0,5,63,-58
38195,0,1360,345,1015
38196,0,887,2288,-1401
38197,0,65,4,61
38198,0,139,906,-767
38199,0,39,74,-35
38200,0,55,94,-39
38201,0,4,47,-43
38202,0,79,102,-23
38203,0,500,778,-278
38204,0,2,9,-7
38205,0,10,10,0
38206,0,43,69,-26
38207,0,93,75,18
38208,0,9,14,-5
38209,0,24,41,-17
38210,0,9,28,-19
38211,0,57,20,37
38212,0,3,2,1
38213,0,12,21,-9
38214,0,60,44,16
38215,0,264,63,201
38216,0,406,104,302
38217,0,111,144,-33
38218,0,113,119,-6
38219,0,25,23,2
38220,0,3,26,-23
38221,0,245,258,-13
38222,0,989,1183,-194
38223,0,351,390,-39
38224,0,88,43,45
38225,0,93,80,13
38226,0,10,21,-11
38227,0,270,90,180
38228,0,17,35,-18
38229,0,22,33,-11
38230,0,2941,8797,-5856
38231,0,418,651,-233
38232,0,45,7,38
38233,0,54,196,-142
38234,0,30,120,-90
38235,0,35,52,-17
38236,0,30,37,-7
38237,0,18,61,-43
38238,0,28,68,-40
38239,0,362,502,-140
38240,0,94,50,44
38241,0,29,36,-7
38242,0,67,95,-28
38243,0,39,17,22
38244,0,27,93,-66
38245,0,108,27,81
38246,0,71,44,27
38247,0,80,2,78
38248,0,787,794,-7
38249,0,13,10,3
38250,0,159,225,-66
38251,0,10,73,-63
38252,0,302,1064,-762
38253,0,14,4,10
38254,0,29,92,-63
38255,0,40,26,14
38256,0,481,264,217
38257,0,77,56,21
38258,0,177,240,-63
38259,0,12,7,5
38260,0,27,29,-2
38261,0,18,36,-18
38262,0,5,3,2
38263,0,148,99,49
38264,0,236,295,-59
38265,0,13,61,-48
38266,0,329,476,-147
38267,0,2,20,-18
38268,0,178,219,-41
38269,0,98,111,-13
38270,0,7,14,-7
38271,0,2,17,-15
38272,0,108,125,-17
38273,0,1984,126,1858
38274,0,191,277,-86
38275,0,61,14,47
38276,0,52,37,15
38277,0,124,83,41
38278,0,3,4,-1
38279,0,226,101,125
38280,0,203,303,-100
38283,0,6,16,-10
38285,0,2,3,-1
38286,0,33,95,-62
38287,0,317,163,154
38288,0,52,5,47
38289,0,2624,983,1641
38290,0,21,9,12
38291,0,99,78,21
38292,0,19,66,-47
38293,0,1,2,-1
38294,0,27,64,-37
38295,0,218,306,-88
38296,0,11,29,-18
38297,0,132,57,75
38298,0,5110,3249,1861
38299,0,24,128,-104
38300,0,13,91,-78
38301,0,45,262,-217
38302,0,385,249,136
38303,0,10,5,5
38304,0,23595,119853,-96258
38305,0,19,49,-30
38306,0,155,140,15
38308,0,825,1078,-253
38309,0,74,3,71
38311,0,16,18,-2
38312,0,92,350,-258
38313,0,1716,2658,-942
38314,0,8,17,-9
38315,0,3,25,-22
38316,0,41,60,-19
38317,0,56,58,-2
38318,0,103,81,22
38319,0,38,31,7
38320,0,948,27,921
38321,0,281,27,254
38322,0,70,17,53
38323,0,93,99,-6
38324,0,7,16,-9
38325,0,3,14,-11
38326,0,300,85,215
38327,0,4,11,-7
38328,0,5,7,-2
38329,0,24,81,-57
38330,0,296,387,-91
38331,0,3554,5950,-2396
38332,0,97,71,26
38333,0,54,125,-71
38334,0,498,590,-92
38335,0,3476,2802,674
38336,0,100,300,-200
38337,0,50,97,-47
38339,0,137,108,29
38340,0,21,268,-247
38341,0,40,56,-16
38343,0,32,29,3
38344,0,314,366,-52
38345,0,1,6,-5
38346,0,33,16,17
38347,0,85,134,-49
38349,0,4385,2129,2256
38350,0,134,146,-12
38352,0,13,13,0
38353,0,76,307,-231
38355,0,79,18,61
38356,0,35,63,-28
38357,0,706,935,-229
38358,0,49,99,-50
38359,0,3,14,-11
38360,0,9082,10279,-1197
38361,0,636,385,251
38362,0,46,9,37
38363,0,1724,525,1199
38364,0,305,188,117
38365,0,59,24,35
38366,0,4,27,-23
38367,0,3,21,-18
38368,0,31,26,5
38369,0,52,65,-13
38370,0,127,203,-76
38371,0,25,35,-10
38372,0,38,53,-15
38373,0,15,16,-1
38374,0,74,31,43
38375,0,397,246,151
38376,0,237,147,90
38378,0,44,23,21
38379,0,108,176,-68
38380,0,165,113,52
38381,0,27,61,-34
38382,0,384,53,331
38383,0,22,107,-85
38384,0,211,239,-28
38385,0,57,128,-71
38386,0,579,517,62
38387,0,94,237,-143
38388,0,9,3,6
38389,0,1844,1664,180
38390,0,18,66,-48
38391,0,41,21,20
38392,0,59,236,-177
38393,0,41,27,14
38394,0,664,169,495
38395,0,43,27,16
38396,0,216,357,-141
38397,0,212,467,-255
38398,0,14,33,-19
38399,0,13,61,-48
38400,0,756,614,142
38401,0,741,386,355
38402,0,1,11,-10
38404,0,24,18,6
38405,0,1,26,-25
38406,0,7,13,-6
38407,0,2903,3756,-853
38408,0,3,3,0
38409,0,29,14,15
38410,0,74,120,-46
38411,0,14,154,-140
38412,0,3,107,-104
38413,0,10,17,-7
38414,0,113,106,7
38415,0,20,25,-5
38416,0,28,80,-52
38417,0,213,63,150
38418,0,17,54,-37
38419,0,11,8,3
38420,0,158,23,135
38421,0,50,117,-67
38422,0,961,802,159
38423,0,224,124,100
38424,0,89,64,25
38425,0,67,152,-85
38426,0,87,134,-47
38427,0,248,818,-570
38428,0,1,0,1
38429,0,10,53,-43
38430,0,2,1,1
38431,0,235,404,-169
38432,0,4371,1990,2381
38433,0,32,65,-33
38435,0,315,20,295
38436,0,44,26,18
38437,0,6,16,-10
38438,0,158,190,-32
38439,0,19,10,9
38440,0,422,220,202
38441,0,219,225,-6
38442,0,5,17,-12
38443,0,7,15,-8
38444,0,43,96,-53
38445,0,133,144,-11
38446,0,36,64,-28
38447,0,191,6,185
38448,0,22,110,-88
38450,0,7,18,-11
38451,0,2,6,-4
38452,0,142,60,82
38453,0,536,988,-452
38454,0,43,108,-65
38455,0,71,25,46
38456,0,3022,724,2298
38457,0,8,15,-7
38458,0,80,80,0
38460,0,75,68,7
38461,0,60,15,45
38462,0,857,222,635
38463,0,4241,1182,3059
38464,0,2,9,-7
38465,0,18,22,-4
38467,0,46,23,23
38468,0,139,116,23
38469,0,166,136,30
38470,0,4,3,1
38471,0,52,9,43
38472,0,11,82,-71
38473,0,242,301,-59
38474,0,9,9,0
38475,0,20,5,15
38476,0,2448,4332,-1884
38477,0,183,172,11
38478,0,32,13,19
38479,0,109,93,16
38480,0,218,165,53
38481,0,44,11,33
38482,0,11360,8496,2864
38483,0,13,4,9
38484,0,34,8,26
38485,0,27,32,-5
38486,0,4,3,1
38487,0,11,108,-97
38488,0,71,77,-6
38489,0,140,179,-39
38490,0,33,107,-74
38491,0,302,241,61
38492,0,27,41,-14
38493,0,70,54,16
38494,0,57,52,5
38495,0,154,253,-99
38496,0,22,14,8
38497,0,51,48,3
38498,0,48,38,10
38499,0,1,25,-24
38500,0,143,488,-345
38501,0,50,68,-18
38502,0,90,85,5
38503,0,25,12,13
38504,0,105,162,-57
38505,0,883,882,1
38506,0,22,51,-29
38507,0,85,37,48
38508,0,61,60,1
38509,0,7,10,-3
38510,0,3691,23,3668
38511,0,177,186,-9
38512,0,304,340,-36
38514,0,8333,10279,-1946
38515,0,691,872,-181
38516,0,1085,2200,-1115
38517,0,7,16,-9
38518,0,36,93,-57
38519,0,32,263,-231
38520,0,172,413,-241
38521,0,16,10,6
38523,0,8,6,2
38524,0,53,54,-1
38525,0,4,42,-38
38526,0,14,31,-17
38527,0,644,602,42
38528,0,113,77,36
38529,0,847,366,481
38530,0,244,86,158
38531,0,5,27,-22
38532,0,27,26,1
38533,0,68,106,-38
38534,0,14,21,-7
38535,0,5,25,-20
38536,0,13,14,-1
38537,0,109,147,-38
38538,0,15120,120354,-105234
38539,0,47,9,38
38540,0,201,234,-33
38541,0,58,24,34
38542,0,26,105,-79
38543,0,14,10,4
38544,0,16,70,-54
38545,0,730,852,-122
38546,0,38,48,-10
38547,0,1171,975,196
38548,0,23,28,-5
38549,0,87,191,-104
38550,0,12,141,-129
38551,0,31,20,11
38552,0,69,109,-40
38553,0,84,75,9
38554,0,52,58,-6
38555,0,1,19,-18
38556,0,48,34,14
38557,0,108,172,-64
38558,0,241,145,96
38559,0,71,39,32
38560,0,69,103,-34
38561,0,9,18,-9
38562,0,8,43,-35
38563,0,3,43,-40
38564,0,71,637,-566
38565,0,14,12,2
38566,0,2929,1250,1679
38570,0,801,299,502
38571,0,335,563,-228
38572,0,89,31,58
38573,0,75,106,-31
38574,0,29,20,9
38575,0,860,54,806
38576,0,7,14,-7
38577,0,84,103,-19
38578,0,1762,1786,-24
38579,0,31,143,-112
38580,0,90,57,33
38581,0,4,28,-24
38582,0,40,69,-29
38583,0,208,223,-15
38584,0,330,2015,-1685
38585,0,138,69,69
38586,0,29,97,-68
38587,0,3,64,-61
38588,0,673,563,110
38590,0,46,114,-68
38591,0,16,6,10
38592,0,6,89,-83
38593,0,62,60,2
38594,0,95,61,34
38595,0,31,45,-14
38596,0,25,45,-20
38597,0,25,62,-37
38599,0,43,7,36
38600,0,40,9,31
38601,0,35,7,28
38602,0,10,208,-198
38603,0,205,221,-16
38604,0,25,33,-8
38605,0,46,35,11
38606,0,342,189,153
38607,0,9,7,2
38608,0,15,9,6
38609,0,1226,337,889
38610,0,3517,7733,-4216
38611,0,4251,4325,-74
38612,0,25,44,-19
38613,0,83,307,-224
38614,0,129,95,34
38615,0,14,8,6
38616,0,106,578,-472
38617,0,525,1007,-482
38618,0,69,390,-321
38619,0,1,176,-175
38620,0,45,11,34
38621,0,13,28,-15
38622,0,62,113,-51
38623,0,755,919,-164
38624,0,209,423,-214
38625,0,41,48,-7
38626,0,68,112,-44
38627,0,8,34,-26
38628,0,460,67,393
38629,0,214,131,83
38630,0,9,15,-6
38631,0,30,2,28
38632,0,117,179,-62
38633,0,24,547,-523
38634,0,251,422,-171
38635,0,40,55,-15
38636,0,99,100,-1
38637,0,5,12,-7
38638,0,1338,1136,202
38639,0,21,16,5
38640,0,23,32,-9
38641,0,31,43,-12
38642,0,5,24,-19
38643,0,64,74,-10
38645,0,18,12,6
38646,0,162,85,77
38647,0,191,183,8
38648,0,10,8,2
38649,0,7,10,-3
38650,0,940,3908,-2968
38651,0,38,65,-27
38652,0,356,178,178
38654,0,12,77,-65
38655,0,5,8,-3
38656,0,13,131,-118
38657,0,32,293,-261
38658,0,1400,152,1248
38659,0,38,95,-57
38660,0,80,58,22
38661,0,9,54,-45
38662,0,40,83,-43
38663,0,183,163,20
38665,0,2,1,1
38668,0,1,10,-9
38669,0,138,18,120
38671,0,576,4013,-3437
38672,0,61,69,-8
38673,0,124,211,-87
38674,0,97,23,74
38675,0,98,117,-19
38676,0,949,513,436
38677,0,16,967,-951
38678,0,24,21,3
38679,0,9,7,2
38680,0,33,12,21
38681,0,277,329,-52
38682,0,4,2,2
38683,0,20,80,-60
38684,0,175,58,117
38686,0,1631,1386,245
38687,0,3,10,-7
38688,0,18,27,-9
38689,0,1275,971,304
38691,0,9,12,-3
38692,0,68,125,-57
38693,0,637,166,471
38694,0,1456,21,1435
38696,0,68,17,51
38697,0,14,45,-31
38698,0,504,327,177
38699,0,57,82,-25
38700,0,45,97,-52
38701,0,94,202,-108
38702,0,125,95,30
38703,0,1833,3654,-1821
38705,0,53,158,-105
38706,0,3,31,-28
38707,0,2,10,-8
38708,0,83,109,-26
38709,0,964,1316,-352
38710,0,157,52,105
38711,0,36,88,-52
38712,0,13,4,9
38713,0,214,154,60
38714,0,6,8,-2
38715,0,20,13,7
38716,0,44,74,-30
38717,0,86,84,2
38718,0,152,308,-156
38719,0,2556,1282,1274
38720,0,62,75,-13
38722,0,217,126,91
38723,0,18,18,0
38724,0,30,113,-83
38725,0,93,117,-24
38726,0,59,77,-18
38728,0,178,216,-38
38729,0,36,37,-1
38730,0,18,2,16
38731,0,24,73,-49
38732,0,20,27,-7
38733,0,1393,533,860
38734,0,11,39,-28
38735,0,89,133,-44
38736,0,13,73,-60
38737,0,12,25,-13
38738,0,1552,665,887
38739,0,11,5,6
38740,0,8404,4463,3941
38741,0,1074,538,536
38742,0,89,133,-44
38745,0,25,11,14
38746,0,18,16,2
38747,0,32,242,-210
38748,0,37,73,-36
38749,0,39,34,5
38750,0,1118,1039,79
38751,0,4,1,3
38753,0,5,32,-27
38754,0,15,9,6
38755,0,112,126,-14
38756,0,82,65,17
38757,0,67,82,-15
38758,0,35,91,-56
38759,0,68,33,35
38760,0,48,43,5
38762,0,126,39,87
38763,0,22,34,-12
38764,0,4,33,-29
38765,0,112,181,-69
38766,0,40,66,-26
38767,0,24,105,-81
38768,0,15,7,8
38769,0,853,1939,-1086
38770,0,20,55,-35
38771,0,718,624,94
38772,0,67,32,35
38773,0,120,82,38
38774,0,108,162,-54
38775,0,70,100,-30
38776,0,283,219,64
38777,0,7,10,-3
38778,0,279,55,224
38779,0,56,120,-64
38780,0,6,6,0
38781,0,13,68,-55
38782,0,80,120,-40
38783,0,8,5,3
38784,0,248,532,-284
38786,0,12,58,-46
38787,0,37,48,-11
38788,0,49,64,-15
38789,0,620,2357,-1737
38790,0,259,459,-200
38791,0,2245,4282,-2037
38792,0,9,15,-6
38793,0,3713,1381,2332
38795,0,1652,3063,-1411
38796,0,338,376,-38
38797,0,9,25,-16
38798,0,187,316,-129
38799,0,62,116,-54
38800,0,14,15,-1
38801,0,88,131,-43
38802,0,18,8,10
38803,0,10,21,-11
38804,0,31,34,-3
38805,0,227,180,47
38806,0,2441,7008,-4567
38807,0,123,545,-422
38808,0,58,48,10
38809,0,8692,4247,4445
38810,0,14,21,-7
38811,0,19,49,-30
38812,0,545,1685,-1140
38813,0,3316,9992,-6676
38814,0,639,362,277
38815,0,116,168,-52
38816,0,81,169,-88
38817,0,14,23,-9
38818,0,87,84,3
38819,0,72,31,41
38820,0,291,3413,-3122
38821,0,51,3,48
38822,0,40,237,-197
38823,0,106,149,-43
38824,0,7,0,7
38825,0,174,96,78
38826,0,22,40,-18
38827,0,83,53,30
38828,0,30,25,5
38829,0,426,508,-82
38830,0,201,45,156
38831,0,10,14,-4
38832,0,3,10,-7
38833,0,156,23,133
38834,0,34,40,-6
38835,0,1038,1222,-184
38836,0,119,134,-15
38837,0,18,111,-93
38838,0,88,45,43
38839,0,11,24,-13
38840,0,6142,2128,4014
38841,0,3,13,-10
38842,0,33,24,9
38844,0,206,228,-22
38845,0,6095,14384,-8289
38846,0,12,16,-4
38847,0,2,7,-5
38848,0,11,50,-39
38849,0,210,135,75
38850,0,486,407,79
38852,0,27,40,-13
38853,0,405,232,173
38854,0,262,262,0
38855,0,20,17,3
38856,0,244,29,215
38857,0,37,55,-18
38858,0,43,34,9
38859,0,1,86,-85
38860,0,18,35,-17
38861,0,39,42,-3
38862,0,84,19,65
38863,0,28,25,3
38864,0,208,442,-234
38865,0,27,17,10
38866,0,144,91,53
38867,0,45,640,-595
38868,0,4688,3477,1211
38869,0,4894,1213,3681
38870,0,1696,4042,-2346
38871,0,129,136,-7
38872,0,163,99,64
38873,0,388,887,-499
38874,0,73,99,-26
38875,0,70,131,-61
38876,0,45,17,28
38877,0,6378,13856,-7478
38878,0,90,786,-696
38879,0,215,121,94
38880,0,209,71,138
38881,0,4,17,-13
38882,0,5,12,-7
38883,0,22,4,18
38884,0,1,10,-9
38885,0,20,82,-62
38886,0,116,121,-5
38887,0,39,41,-2
38888,0,128,227,-99
38889,0,47,6,41
38890,0,16,24,-8
38891,0,106,233,-127
38892,0,5,1,4
38893,0,44,56,-12
38894,0,9,287,-278
38895,0,1,14,-13
38896,0,93,60,33
38897,0,183,21,162
38898,0,152,155,-3
38899,0,471,173,298
38900,0,21,37,-16
38901,0,2266,3632,-1366
38902,0,15,25,-10
38903,0,19,9,10
38904,0,5,13,-8
38905,0,104,220,-116
38906,0,3416,2458,958
38907,0,221,142,79
38908,0,29,5,24
38909,0,26,60,-34
38910,0,8,49,-41
38912,0,37,40,-3
38913,0,58,78,-20
38914,0,111,20,91
38915,0,286,419,-133
38916,0,10,41,-31
38917,0,33,36,-3
38918,0,14,15,-1
38919,0,4202,107,4095
38920,0,64,82,-18
38921,0,110,50,60
38922,0,50,105,-55
38923,0,17,10,7
38924,0,162,245,-83
38925,0,5,16,-11
38926,0,91,101,-10
38927,0,20,35,-15
38928,0,137,322,-185
38929,0,54,800,-746
38930,0,12,24,-12
38931,0,192,102,90
38932,0,409,666,-257
38934,0,239,698,-459
38935,0,9,14,-5
38936,0,35,11,24
38938,0,6,13,-7
38939,0,25,52,-27
38940,0,62,105,-43
38942,0,22,3,19
38943,0,3255,4412,-1157
38944,0,150,60,90
38945,0,36,14,22
38946,0,23,31,-8
38947,0,266,69,197
38948,0,122,113,9
38949,0,46,49,-3
38950,0,51,26,25
38951,0,443,464,-21
38952,0,2,2,0
38953,0,85,43,42
38954,0,895,1042,-147
38955,0,8087,2850,5237
38956,0,21,13,8
38957,0,389,965,-576
38958,0,25,41,-16
38959,0,2,8,-6
38961,0,3,20,-17
38962,0,109,87,22
38963,0,70,37,33
38964,0,21,18,3
38965,0,125,460,-335
38966,0,31,114,-83
38967,0,70,46,24
38968,0,27,38,-11
38969,0,88,59,29
38970,0,75,98,-23
38971,0,5,13,-8
38972,0,2,6,-4
38973,0,52,184,-132
38974,0,227,332,-105
38975,0,16,30,-14
38976,0,4,12,-8
38977,0,350,51,299
38978,0,28,29,-1
38979,0,22,3,19
38980,0,525,214,311
38981,0,42,63,-21
38982,0,103,119,-16
38984,0,23,52,-29
38986,0,517,571,-54
38987,0,123,50,73
38988,0,5,170,-165
38989,0,4149,945,3204
38990,0,1088,816,272
38991,0,253,96,157
38992,0,2,1,1
38993,0,108,68,40
38994,0,164,20,144
38995,0,3774,4468,-694
38996,0,163,104,59
38997,0,6,32,-26
38998,0,13,18,-5
38999,0,149,180,-31
39000,0,10153,17383,-7230
39001,0,391,527,-136
39002,0,29,107,-78
39003,0,749,761,-12
39004,0,55,82,-27
39005,0,471,390,81
39006,0,6,28,-22
39007,0,177,200,-23
39008,0,30,37,-7
39009,0,65,41,24
39010,0,22,33,-11
39011,0,130,273,-143
39012,0,16,22,-6
39013,0,68,2,66
39014,0,4,16,-12
39015,0,49,52,-3
39016,0,89,20,69
39017,0,26,19,7
39019,0,6,28,-22
39020,0,39,44,-5
39021,0,16,80,-64
39023,0,20,12,8
39024,0,111,366,-255
39026,0,2,6,-4
39027,0,164,146,18
39028,0,360,381,-21
39029,0,628,931,-303
39030,0,187,22,165
39031,0,298,495,-197
39032,0,2556,2663,-107
39033,0,510,567,-57
39034,0,6,13,-7
39035,0,543,593,-50
39036,0,58,116,-58
39037,0,6,21,-15
39038,0,393,239,154
39039,0,67,102,-35
39040,0,2,12,-10
39041,0,40,31,9
39042,0,4,5,-1
39043,0,4036,5364,-1328
39044,0,4,7,-3
39045,0,153,92,61
39046,0,351,297,54
39047,0,44,1721,-1677
39048,0,50,22,28
39049,0,837,99,738
39050,0,59,15,44
39051,0,98,93,5
39052,0,1,20,-19
39053,0,167,121,46
39054,0,2573,753,1820
39055,0,112,212,-100
39056,0,8210,9863,-1653
39057,0,88,87,1
39058,0,23,14,9
39059,0,48,20,28
39060,0,78,5,73
39061,0,931,1084,-153
39062,0,166,220,-54
39063,0,15,70,-55
39064,0,40,10,30
39065,0,68,166,-98
39066,0,11,11,0
39067,0,48,38,10
39068,0,64,48,16
39069,0,74,79,-5
39070,0,68,45,23
39071,0,31,15,16
39072,0,34,93,-59
39073,0,1781,1768,13
39074,0,35,142,-107
39075,0,207,195,12
39076,0,42,14,28
39077,0,36,46,-10
39078,0,24,12,12
39079,0,399,11,388
39080,0,7,5,2
39081,0,608,1116,-508
39082,0,12,21,-9
39083,0,1,2,-1
39084,0,2,7,-5
39085,0,429206,1345714,-916508
39086,0,174,571,-397
39087,0,22,2,20
39088,0,1,145,-144
39089,0,1,53,-52
39090,0,585,1047,-462
39091,0,14,8,6
39092,0,18,63,-45
39093,0,65,110,-45
39094,0,3,3,0
39095,0,44,30,14
39096,0,31,31,0
39097,0,4,11,-7
39098,0,3,2,1
39099,0,113,115,-2
39100,0,5,29,-24
39101,0,63,205,-142
39102,0,37,53,-16
39103,0,43,34,9
39104,0,88,227,-139
39105,0,12,5,7
39106,0,12,43,-31
39107,0,52,114,-62
39108,0,63,209,-146
39109,0,7,12,-5
39110,0,82,37,45
39111,0,3,26,-23
39112,0,150,147,3
39113,0,99,34,65
39114,0,210,711,-501
39115,0,33,95,-62
39116,0,1164,32,1132
39117,0,5,14,-9
39118,0,157,104,53
39119,0,6,9,-3
39120,0,3,2,1
39121,0,2924,2342,582
39122,0,1280,1843,-563
39123,0,382,503,-121
39124,0,63,31,32
39125,0,657,1028,-371
39126,0,118,171,-53
39127,0,37,115,-78
39128,0,2,34,-32
39129,0,8,6,2
39130,0,6,14,-8
39131,0,31,88,-57
39132,0,179,91,88
39133,0,23,10,13
39134,0,7,7,0
39135,0,88,46,42
39136,0,44,70,-26
39137,0,17,39,-22
39138,0,197,316,-119
39139,0,33,48,-15
39140,0,269,402,-133
39141,0,179,183,-4
39142,0,42,19,23
39143,0,82,52,30
39144,0,23,16,7
39145,0,3,8,-5
39146,0,1521,412,1109
39148,0,8,19,-11
39149,0,11,23,-12
39151,0,300,451,-151
39152,0,220,254,-34
39153,0,1101,976,125
39154,0,40,63,-23
39155,0,13,104,-91
39156,0,28,44,-16
39157,0,4,6,-2
39158,0,48,15,33
39159,0,835,813,22
39160,0,45,57,-12
39161,0,38,9,29
39162,0,7,1,6
39163,0,382,146,236
39164,0,334,338,-4
39165,0,31,5,26
39166,0,100,223,-123
39167,0,4463,5913,-1450
39168,0,14,37,-23
39169,0,138,54,84
39170,0,899,2526,-1627
39171,0,496,716,-220
39172,0,13,9,4
39174,0,19,35,-16
39175,0,63,185,-122
39176,0,375,459,-84
39177,0,37,15,22
39178,0,50,20,30
39179,0,21,56,-35
39180,0,168,32,136
39181,0,29,131,-102
39182,0,24,12,12
39183,0,2,10,-8
39184,0,699,10,689
39185,0,5357,10353,-4996
39186,0,21,54,-33
39187,0,33,127,-94
39188,0,2,8,-6
39189,0,367,602,-235
39190,0,222,228,-6
39191,0,361,270,91
39192,0,2500,3888,-1388
39193,0,87,295,-208
39194,0,50,38,12
39196,0,2616,865,1751
39197,0,289,907,-618
39198,0,114,223,-109
39199,0,18,152,-134
39200,0,37,11,26
39201,0,732,1227,-495
39202,0,371,475,-104
39203,0,23,3,20
39204,0,7,20,-13
39206,0,1763,868,895
39207,0,73,143,-70
39208,0,15,17,-2
39209,0,182,114,68
39210,0,38,124,-86
39211,0,342,17,325
39212,0,14,16,-2
39213,0,7,79,-72
39214,0,18,18,0
39215,0,556,1803,-1247
39216,0,28,35,-7
39217,0,29,3,26
39218,0,71,51,20
39219,0,38,111,-73
39220,0,12,733,-721
39221,0,266,871,-605
39222,0,6,7,-1
39223,0,359,299,60
39224,0,4,20,-16
39225,0,154,165,-11
39226,0,282,623,-341
39227,0,9,41,-32
39228,0,152,974,-822
39229,0,179,218,-39
39232,0,45,26,19
39233,0,632,205,427
39234,0,46,61,-15
39235,0,14,86,-72
39236,0,28,44,-16
39237,0,30,16,14
39238,0,70,43,27
39239,0,53,15,38
39240,0,1121,389,732
39241,0,34,110,-76
39242,0,41,262,-221
39243,0,27,45,-18
39244,0,92,29,63
39245,0,15,23,-8
39246,0,89,132,-43
39247,0,20,61,-41
39248,0,26,12,14
39249,0,8,231,-223
39250,0,28,81,-53
39251,0,23,55,-32
39252,0,158,921,-763
39253,0,70,156,-86
39254,0,76,32,44
39255,0,124,183,-59
39256,0,135,9,126
39258,0,31,53,-22
39259,0,41,74,-33
39260,0,451,1346,-895
39261,0,101,38,63
39262,0,31,20,11
39263,0,45,53,-8
39264,0,16,29,-13
39265,0,12,30,-18
39266,0,2208,1350,858
39267,0,83,52,31
39268,0,25,16,9
39269,0,67,34,33
39270,0,102,312,-210
39271,0,183,7,176
39272,0,3,19,-16
39273,0,103,105,-2
39274,0,3887,734,3153
39275,0,4121,4580,-459
39276,0,634,1260,-626
39277,0,128,144,-16
39278,0,2,12,-10
39279,0,21,33,-12
39280,0,39,13,26
39281,0,15,52,-37
39282,0,324,233,91
39283,0,154,184,-30
39285,0,47,175,-128
39286,0,5,13,-8
39287,0,19,18,1
39288,0,1631,2855,-1224
39289,0,23,3,20
39290,0,64,38,26
39291,0,114,64,50
39292,0,27,50,-23
39293,0,62,74,-12
39294,0,774,1095,-321
39295,0,19,72,-53
39296,0,10,5,5
39297,0,66,151,-85
39298,0,10,6,4
39299,0,2,7,-5
39300,0,79,20,59
39301,0,217,305,-88
39302,0,2928,81,2847
39303,0,87,224,-137
39304,0,204,307,-103
39305,0,4,11,-7
39306,0,136,284,-148
39307,0,12,5,7
39308,0,61,76,-15
39309,0,35,27,8
39310,0,13,29,-16
39311,0,29,22,7
39312,0,1319,2199,-880
39313,0,32,5,27
39314,0,18,9,9
39315,0,217673,225105,-7432
39316,0,77,60,17
39317,0,43,9,34
39318,0,40,58,-18
39319,0,58,91,-33
39320,0,34,20,14
39321,0,10,3,7
39322,0,1562,203,1359
39323,0,20,40,-20
39324,0,6,5,1
39325,0,910,3396,-2486
39326,0,41,179,-138
39327,0,48,65,-17
39328,0,181,98,83
39329,0,4,2,2
39330,0,19,26,-7
39331,0,26,15,11
39332,0,307,16,291
39333,0,1074,1516,-442
39335,0,1,3,-2
39336,0,172,80,92
39337,0,31,26,5
39338,0,134,165,-31
39339,0,2,4,-2
39340,0,19,35,-16
39341,0,110,142,-32
39342,0,3,11,-8
39343,0,117,482,-365
39344,0,59,267,-208
39346,0,61,169,-108
39347,0,276,765,-489
39348,0,94,21,73
39349,0,95,49,46
39350,0,171,154,17
39351,0,10,5,5
39352,0,139,55,84
39353,0,1,17,-16
39354,0,13,47,-34
39355,0,162,42,120
39356,0,2710,685,2025
39357,0,20,7,13
39358,0,50,82,-32
39359,0,66,60,6
39361,0,43,21,22
39362,0,46,7,39
39363,0,21,30,-9
39364,0,2912,3137,-225
39365,0,89,73,16
39367,0,9,69,-60
39368,0,21,37,-16
39370,0,36,54,-18
39371,0,47,71,-24
39372,0,1450,1396,54
39373,0,768,912,-144
39374,0,10,22,-12
39375,0,13,13,0
39376,0,285,54,231
39377,0,9,11,-2
39378,0,75,272,-197
39379,0,24,39,-15
39380,0,20,8,12
39381,0,7549,7039,510
39382,0,607,575,32
39383,0,60,22,38
39384,0,27,8,19
39385,0,17,4,13
39386,0,16,48,-32
39387,0,15071,9938,5133
39388,0,13,35,-22
39389,0,14,7,7
39390,0,21,31,-10
39391,0,90,42,48
39392,0,204,65,139
39393,0,463,663,-200
39394,0,1377,1686,-309
39395,0,79,68,11
39396,0,350,223,127
39398,0,368,384,-16
39399,0,699,61,638
39400,0,63,21,42
39401,0,130,50,80
39402,0,29,27,2
39403,0,203,106,97
39404,0,17,44,-27
39405,0,29,38,-9
39406,0,62,6,56
39407,0,101,139,-38
39408,0,993,151,842
39409,0,80,36,44
39410,0,152,318,-166
39411,0,14,8,6
39412,0,23,9,14
39413,0,161,192,-31
39414,0,26,20,6
39415,0,31,44,-13
39416,0,151,204,-53
39417,0,534,158,376
39418,0,1086,1105,-19
39419,0,126,178,-52
39420,0,41,43,-2
39421,0,15,13,2
39422,0,1647,1554,93
39423,0,398,261,137
39424,0,14,13,1
39425,0,20,42,-22
39426,0,49,14,35
39427,0,27,11,16
39428,0,358,225,133
39430,0,1,5,-4
39431,0,150,28,122
39432,0,51,61,-10
39433,0,823,282,541
39434,0,13,4,9
39435,0,4,43,-39
39436,0,45,11,34
39437,0,1,5,-4
39438,0,13,8,5
39439,0,235,75,160
39441,0,256,243,13
39442,0,12,5,7
39444,0,45,20,25
39446,0,5,22,-17
39447,0,104,67,37
39449,0,1591,3056,-1465
39450,0,8,16,-8
39451,0,111,137,-26
39452,0,44,104,-60
39453,0,116,230,-114
39454,0,230,124,106
39455,0,91,20,71
39456,0,182,317,-135
39457,0,156,428,-272
39458,0,192,289,-97
39459,0,414,455,-41
39460,0,519,196,323
39461,0,769,1995,-1226
39462,0,26,53,-27
39463,0,47,32,15
39464,0,1435,2220,-785
39465,0,21,25,-4
39466,0,348,327,21
39467,0,148,57,91
39468,0,157,85,72
39469,0,11,8,3
39470,0,96,27,69
39471,0,25,3,22
39472,0,509,2913,-2404
39473,0,19,4,15
39474,0,32,48,-16
39476,0,44,17,27
39477,0,48,49,-1
39478,0,19,28,-9
39479,0,3,1,2
39480,0,20,71,-51
39481,0,67,57,10
39482,0,7,34,-27
39483,0,1496,849,647
39484,0,987,891,96
39485,0,46,138,-92
39487,0,1,5,-4
39488,0,104,238,-134
39489,0,266,356,-90
39490,0,827,333,494
39491,0,58,96,-38
39492,0,3,10,-7
39493,0,623,262,361
39494,0,44,29,15
39495,0,38,35,3
39496,0,7,277,-270
39497,0,32,127,-95
39498,0,2952,12727,-9775
39499,0,69,35,34
39500,0,4,7,-3
39501,0,16,4,12
39502,0,50,18,32
39504,0,88,32,56
39505,0,3031,3599,-568
39506,0,68,35,33
39507,0,8,9,-1
39509,0,345,757,-412
39510,0,8,48,-40
39511,0,28,94,-66
39512,0,114,52,62
39513,0,13,8,5
39514,0,9,26,-17
39515,0,28,43,-15
39516,0,65,101,-36
39517,0,15,241,-226
39518,0,97,50,47
39519,0,227,89,138
39520,0,1,17,-16
39521,0,16,16,0
39522,0,137,65,72
39523,0,62,38,24
39525,0,8,35,-27
39526,0,498,173,325
39527,0,32,11,21
39529,0,1168,213,955
39530,0,183,138,45
39531,0,949,56,893
39532,0,817,1498,-681
39533,0,36,165,-129
39534,0,44,46,-2
39535,0,8,3,5
39536,0,39,14,25
39537,0,30,21,9
39539,0,385,417,-32
39540,0,143,208,-65
39541,0,100,60,40
39542,0,93,73,20
39543,0,57,7,50
39544,0,84,95,-11
39545,0,85,58,27
39546,0,30,10,20
39548,0,13,25,-12
39549,0,84,41,43
39550,0,111,146,-35
39551,0,327,604,-277
39552,0,25,17,8
39553,0,42,33,9
39554,0,101,52,49
39555,0,11560,112850,-101290
39556,0,27,38,-11
39557,0,1276,2234,-958
39558,0,34,44,-10
39559,0,58,116,-58
39560,0,6,1,5
39561,0,57,94,-37
39562,0,64,89,-25
39563,0,42,31,11
39564,0,1617,1960,-343
39565,0,7,23,-16
39566,0,8572,5408,3164
39567,0,1305,206,1099
39568,0,18,44,-26
39569,0,13,4,9
39570,0,9,4,5
39571,0,1,8,-7
39572,0,12,61,-49
39573,0,2282,3351,-1069
39575,0,318,100,218
39576,0,1209,1509,-300
39577,0,290,846,-556
39579,0,17,45,-28
39580,0,6,138,-132
39581,0,31,13,18
39582,0,192,635,-443
39583,0,2563,2652,-89
39584,0,3,32,-29
39585,0,13,34,-21
39586,0,3450,10891,-7441
39587,0,44,18,26
39589,0,375,202,173
39590,0,13,22,-9
39591,0,96,92,4
39592,0,23,77,-54
39593,0,19,40,-21
39594,0,651,374,277
39595,0,202,77,125
39596,0,34,34,0
39597,0,11,155,-144
39598,0,1384,1914,-530
39599,0,234,66,168
39600,0,19,2,17
39601,0,20,5,15
39602,0,11,17,-6
39603,0,19,9,10
39604,0,3,2,1
39605,0,703,353,350
39606,0,4216,3205,1011
39607,0,1146,379,767
39608,0,41,34,7
39609,0,14,68,-54
39610,0,2305,4365,-2060
39612,0,16,12,4
39613,0,199,30,169
39614,0,32,23,9
39615,0,26,22,4
39616,0,635,91,544
39617,0,424,285,139
39618,0,209,36,173
39619,0,15,295,-280
39620,0,44,37,7
39621,0,276,560,-284
39622,0,94,32,62
39623,0,19,88,-69
39624,0,18,12,6
39625,0,18,21,-3
39626,0,71,96,-25
39627,0,312,4288,-3976
39628,0,11,15,-4
39629,0,15,206,-191
39630,0,76,41,35
39631,0,82,51,31
39632,0,163,50,113
39633,0,33,52,-19
39634,0,240,93,147
39635,0,27,64,-37
39636,0,187,597,-410
39637,0,5667,3688,1979
39638,0,59,52,7
39639,0,479,173,306
39640,0,25,45,-20
39641,0,39,15,24
39642,0,244,227,17
39643,0,481,370,111
39644,0,17,0,17
39645,0,56,9,47
39646,0,565,568,-3
39647,0,2919,4134,-1215
39648,0,48,88,-40
39649,0,295,415,-120
39650,0,137,251,-114
39651,0,116,206,-90
39652,0,4,35,-31
39654,0,166,1682,-1516
39655,0,5,19,-14
39656,0,13,88,-75
39657,0,9047,12303,-3256
39660,0,123,38,85
39661,0,5,4,1
39662,0,140,626,-486
39663,0,11334,5152,6182
39664,0,79,55,24
39665,0,179,559,-380
39666,0,133,94,39
39667,0,298,223,75
39668,0,9,34,-25
39670,0,41,42,-1
39672,0,1,43,-42
39673,0,281,740,-459
39674,0,3,5,-2
39675,0,6,25,-19
39676,0,6,3,3
39677,0,810,676,134
39678,0,39,173,-134
39679,0,79,463,-384
39680,0,17,35,-18
39681,0,32,28,4
39682,0,2265,2589,-324
39683,0,490,61,429
39684,0,422,390,32
39685,0,14,108,-94
39686,0,218,64,154
39687,0,72,49,23
39689,0,1484,984,500
39690,0,169,316,-147
39691,0,10,26,-16
39693,0,37,48,-11
39694,0,19,38,-19
39695,0,5,9,-4
39696,0,12,26,-14
39697,0,123,382,-259
39698,0,341,337,4
39699,0,116384,7025,109359
39700,0,1,22,-21
39701,0,33,46,-13
39702,0,116,45,71
39703,0,4313,110891,-106578
39704,0,229,211,18
39705,0,6881,2508,4373
39706,0,1071,634,437
39707,0,278,197,81
39708,0,56,154,-98
39709,0,2,84,-82
39710,0,23,25,-2
39712,0,344,725,-381
39713,0,19,24,-5
39714,0,617,1273,-656
39716,0,166,313,-147
39717,0,152,0,152
39718,0,32,6,26
39719,0,37,78,-41
39720,0,129,117,12
39721,0,393,371,22
39722,0,65,22,43
39723,0,27,64,-37
39724,0,98,107,-9
39725,0,905,1767,-862
39726,0,3,14,-11
39727,0,17,92,-75
39728,0,14,18,-4
39729,0,1413,214,1199
39730,0,4,8,-4
39733,0,48,41,7
39734,0,68,117,-49
39735,0,67,35,32
39736,0,38,54,-16
39737,0,13,20,-7
39738,0,6809,513,6296
39739,0,8,18,-10
39740,0,6,2,4
39741,0,70,74,-4
39742,0,6,3,3
39743,0,709,823,-114
39744,0,33,22,11
39745,0,46,18,28
39746,0,37,107,-70
39748,0,7,4,3
39749,0,49,30,19
39751,0,449,429,20
39752,0,3,3,0
39753,0,45,15,30
39754,0,26,32,-6
39755,0,505,637,-132
39756,0,43,7,36
39757,0,77,24,53
39758,0,95,83,12
39759,0,41,13,28
39760,0,38,44,-6
39761,0,393,238,155
39763,0,195,1026,-831
39764,0,55,80,-25
39766,0,66,93,-27
39767,0,68,39,29
39768,0,175,153,22
39769,0,41,31,10
39771,0,13,357,-344
39772,0,9,11,-2
39773,0,534844,441656,93188
39774,0,4318,2934,1384
39775,0,4,26,-22
39776,0,7,15,-8
39778,0,35,15,20
39779,0,1,2,-1
39780,0,627,423,204
39781,0,485,1186,-701
39782,0,84,55,29
39783,0,1289,2021,-732
39785,0,309,380,-71
39786,0,8,27,-19
39787,0,6,16,-10
39788,0,7,11,-4
39790,0,316,1682,-1366
39791,0,11,60,-49
39792,0,15,23,-8
39793,0,31,208,-177
39794,0,946,1881,-935
39795,0,226,221,5
39796,0,77,343,-266
39797,0,61,5,56
39798,0,25,51,-26
39800,0,46,58,-12
39801,0,7,43,-36
39802,0,14,18,-4
39803,0,44,115,-71
39804,0,644,607,37
39805,0,17,38,-21
39806,0,6,9,-3
39807,0,14,23,-9
39808,0,50,98,-48
39809,0,52,207,-155
39810,0,71,149,-78
39811,0,184,79,105
39812,0,22,12,10
39813,0,35,26,9
39814,0,87,659,-572
39815,0,236,368,-132
39816,0,77,265,-188
39817,0,1071,604,467
39818,0,585,262,323
39819,0,54,39,15
39820,0,5,6,-1
39822,0,51,31,20
39823,0,1485,1006,479
39824,0,41,51,-10
39825,0,15,60,-45
39826,0,12,46,-34
39827,0,72,139,-67
39828,0,29,49,-20
39829,0,24,48,-24
39830,0,145,350,-205
39831,0,19,18,1
39832,0,80,271,-191
39833,0,219,253,-34
39834,0,1531,1200,331
39835,0,2533,3956,-1423
39836,0,15,54,-39
39837,0,5,74,-69
39838,0,66,41,25
39839,0,32,25,7
39840,0,5919,9060,-3141
39842,0,8,44,-36
39843,0,250,452,-202
39844,0,757,688,69
39845,0,157,155,2
39846,0,23,24,-1
39847,0,32,13,19
39848,0,3,0,3
39849,0,139,2,137
39851,0,96,39,57
39852,0,25,16,9
39853,0,113,48,65
39854,0,17,37,-20
39855,0,39,62,-23
39856,0,61,57,4
39857,0,12,27,-15
39858,0,485,130,355
39860,0,671,1049,-378
39861,0,5,20,-15
39862,0,56,106,-50
39864,0,21,45,-24
39866,0,66,56,10
39867,0,27,29,-2
39868,0,311,96,215
39869,0,8,22,-14
39870,0,31,50,-19
39871,0,1202,368,834
39872,0,121,189,-68
39873,0,4,24,-20
39874,0,21,9,12
39875,0,1242,2157,-915
39876,0,532,743,-211
39877,0,12,31,-19
39879,0,18,21,-3
39880,0,409,50,359
39881,0,19,54,-35
39882,0,320,120,200
39883,0,335,129,206
39884,0,7,63,-56
39885,0,65,24,41
39886,0,3,1,2
39887,0,257,266,-9
39888,0,255,59,196
39890,0,4,28,-24
39891,0,446,450,-4
39893,0,4,17,-13
39894,0,27,8,19
39895,0,2447,935,1512
39896,0,36,134,-98
39897,0,1583,881,702
39898,0,8,8,0
39899,0,12,9,3
39900,0,387,408,-21
39901,0,64,104,-40
39902,0,9,18,-9
39903,0,539,285,254
39904,0,4933,7272,-2339
39906,0,93,69,24
39907,0,136,13,123
39908,0,36,57,-21
39909,0,57,37,20
39910,0,242,180,62
39911,0,74,161,-87
39912,0,856,306,550
39913,0,128,191,-63
39914,0,210,395,-185
39915,0,148,57,91
39916,0,12,12,0
39917,0,148,85,63
39918,0,14,7,7
39919,0,51,3,48
39920,0,74,60,14
39921,0,47,69,-22
39922,0,16,9,7
39923,0,43,59,-16
39924,0,488,815,-327
39926,0,214,110,104
39927,0,111,69,42
39928,0,202,178,24
39930,0,14,6,8
39931,0,69,102,-33
39932,0,499,449,50
39933,0,11,2,9
39934,0,237,239,-2
39935,0,150,92,58
39936,0,53,166,-113
39937,0,199,148,51
39938,0,21,14,7
39939,0,48,4,44
39940,0,19,54,-35
39941,0,336,1290,-954
39942,0,32,3,29
39943,0,19,19,0
39944,0,76,92,-16
39945,0,231,98,133
39946,0,3,12,-9
39947,0,497,1022,-525
39948,0,62,69,-7
39949,0,177,73,104
39950,0,267,702,-435
39952,0,21,27,-6
39953,0,8,13,-5
39954,0,24,38,-14
39955,0,123,87,36
39956,0,48,31,17
39957,0,40,38,2
39958,0,42,50,-8
39959,0,40,19,21
39960,0,36,30,6
39961,0,23,16,7
39962,0,3144,3635,-491
39963,0,1392,836,556
39964,0,176,101,75
39965,0,147,55,92
39966,0,83,92,-9
39968,0,1020,744,276
39969,0,169,215,-46
39970,0,26,90,-64
39971,0,355,79,276
39972,0,61,61,0
39973,0,4023,4508,-485
39974,0,19,10,9
39975,0,9,23,-14
39976,0,132,50,82
39977,0,116,71,45
39978,0,1343,1624,-281
39979,0,98,142,-44
39980,0,44,99,-55
39981,0,129,86,43
39982,0,166,81,85
39983,0,233,199,34
39984,0,24,91,-67
39985,0,61,66,-5
39986,0,558,752,-194
39987,0,1,14,-13
39988,0,4,12,-8
39989,0,152,105,47
39990,0,155,232,-77
39992,0,229,136,93
39993,0,28,2129,-2101
39994,0,378,142,236
39995,0,203,699,-496
39996,0,90,36,54
39997,0,21,12,9
39998,0,1,4,-3
39999,0,102,34,68
40000,1,25,0,25
40001,1,299,125,174
40002,1,183,90,93
40004,1,56,10,46
40005,1,289,638,-349
40006,1,194,64,130
40007,1,75,57,18
40008,1,359,314,45
40009,1,553,13,540
40010,1,21,151,-130
40011,1,153,41,112
40012,1,234,530,-296
40013,1,517,948,-431
40014,1,13,16,-3
40015,1,2,2,0
40016,1,3171,3601,-430
40017,1,26,16,10
40018,1,85,70,15
40019,1,324,31,293
40020,1,538,127,411
40021,1,217,7,210
40022,1,486,186,300
40023,1,30,1,29
40024,1,164,143,21
40025,1,5156,2178,2978
40026,1,38,44,-6
40027,1,5,5,0
40028,1,25,58,-33
40029,1,5122,2029,3093
40030,1,21,11,10
40031,1,2,7,-5
40032,1,19,23,-4
40033,1,9244,1421,7823
40034,1,103,15,88
40035,1,2,28,-26
40036,1,23,7,16
40037,1,633,161,472
40038,1,35,44,-9
40039,1,108,109,-1
40041,1,89,305,-216
40042,1,3,9,-6
40043,1,182,248,-66
40044,1,57,139,-82
40045,1,59,9,50
40046,1,44,103,-59
40047,1,137,69,68
40048,1,2,38,-36
40049,1,84,79,5
40050,1,259,63,196
40051,1,1172,600,572
40052,1,88,47,41
40053,1,327,849,-522
40054,1,75,14,61
40056,1,313,373,-60
40057,1,1137,1049,88
40058,1,220,143,77
40059,1,300,227,73
40060,1,3,9,-6
40061,1,7,12,-5
40062,1,81,8,73
40063,1,10,31,-21
40064,1,53,5,48
40065,1,101,101,0
40066,1,51,68,-17
40068,1,683,1191,-508
40069,1,67,138,-71
40070,1,133,32,101
40071,1,9,10,-1
40072,1,431,118,313
40073,1,457,345,112
40074,1,256,84,172
40075,1,47,35,12
40076,1,742,445,297
40077,1,150,82,68
40078,1,62,33,29
40079,1,9,11,-2
40080,1,5,85,-80
40081,1,14,4,10
40082,1,1,2,-1
40083,1,27,11,16
40084,1,130,73,57
40085,1,43,24,19
40087,1,382,370,12
40088,1,8,2,6
40090,1,1875,769,1106
40091,1,95,10,85
40092,1,1442,621,821
40093,1,3431,2763,668
40094,1,74,174,-100
40096,1,17,21,-4
40097,1,3795,1654,2141
40098,1,21,9,12
40099,1,16,6,10
40100,1,4,7,-3
40101,1,82,43,39
40102,1,84,38,46
40103,1,78,22,56
40104,1,272,373,-101
40105,1,30,35,-5
40106,1,64,36,28
40107,1,88,35,53
40108,1,39,16,23
40109,1,285,289,-4
40110,1,1769,1896,-127
40111,1,22,22,0
40112,1,35,46,-11
40113,1,36,85,-49
40114,1,174,316,-142
40115,1,749,359,390
40116,1,35,53,-18
40117,1,153,269,-116
40118,1,1070,1078,-8
40119,1,13,34,-21
40120,1,31,33,-2
40121,1,2,22,-20
40122,1,5,18,-13
40123,1,16,15,1
40124,1,325,411,-86
40125,1,119,55,64
40126,1,20,24,-4
40127,1,10,45,-35
40128,1,248,133,115
40129,1,10,4,6
40130,1,3,288,-285
40132,1,9,1,8
40133,1,22,420,-398
40134,1,252,354,-102
40135,1,102,64,38
40136,1,2,5,-3
40137,1,7,9,-2
40138,1,148,62,86
40139,1,2,2,0
40140,1,36,30,6
40141,1,1,7,-6
40142,1,496,445,51
40143,1,183,182,1
40145,1,10,8,2
40146,1,68,6,62
40147,1,97,68,29
40148,1,17,17,0
40149,1,400,7,393
40150,1,156,11,145
40151,1,10,28,-18
40153,1,8,41,-33
40154,1,92,40,52
40155,1,377,146,231
40156,1,59,79,-20
40157,1,115,104,11
40158,1,8,29,-21
40159,1,104,38,66
40160,1,178,13,165
40161,1,6,11,-5
40162,1,90,27,63
40163,1,172,161,11
40164,1,5,4,1
40165,1,743,893,-150
40167,1,135,173,-38
40168,1,40,81,-41
40169,1,57,84,-27
40170,1,23,111,-88
40171,1,58,62,-4
40172,1,62,17,45
40173,1,27,331,-304
40174,1,444,343,101
40175,1,261,1115,-854
40176,1,49,86,-37
40177,1,74,42,32
40178,1,43,13,30
40179,1,92,27,65
40180,1,132,187,-55
40181,1,82,46,36
40182,1,206,140,66
40183,1,486,1024,-538
40184,1,46,37,9
40185,1,5,4,1
40186,1,212,132,80
40187,1,5,10,-5
40188,1,1226,1208,18
40189,1,20,31,-11
40190,1,524,396,128
40191,1,19,11,8
40192,1,14280,13678,602
40193,1,26,37,-11
40194,1,332,6443,-6111
40195,1,3367,5305,-1938
40196,1,39,10,29
40197,1,33,21,12
40198,1,209,87,122
40199,1,120,66,54
40200,1,20,17,3
40201,1,10,3,7
40203,1,26,151,-125
40204,1,14,22,-8
40205,1,440,643,-203
40206,1,5,20,-15
40207,1,140,7,133
40208,1,56,7,49
40209,1,1,10,-9
40210,1,91,88,3
40211,1,4504,2771,1733
40212,1,25,45,-20
40214,1,6,7,-1
40215,1,171,72,99
40216,1,439,24,415
40217,1,101,143,-42
40218,1,31,19,12
40219,1,196,128,68
40220,1,27,34,-7
40221,1,195,241,-46
40222,1,70,64,6
40224,1,36,42,-6
40225,1,10056,7304,2752
40226,1,73,33,40
40227,1,36,6,30
40228,1,26,26,0
40229,1,44,48,-4
40230,1,133,50,83
40231,1,114,65,49
40233,1,79,24,55
40234,1,16,29,-13
40235,1,91,202,-111
40236,1,5,8,-3
40237,1,36,45,-9
40238,1,124,30,94
40239,1,38,17,21
40240,1,72,41,31
40242,1,415,90,325
40243,1,49,2,47
40244,1,98,34,64
40245,1,3909,4776,-867
40246,1,53,104,-51
40247,1,13,58,-45
40248,1,134,10,124
40249,1,528,496,32
40250,1,225,2269,-2044
40251,1,3632,2313,1319
40252,1,68,59,9
40253,1,174,12,162
40254,1,150,222,-72
40255,1,1023,97,926
40256,1,612,339,273
40257,1,47,5,42
40258,1,202,386,-184
40259,1,80,32,48
40260,1,307,207,100
40262,1,253,92,161
40263,1,67,73,-6
40264,1,134,35,99
40265,1,86,91,-5
40266,1,25,36,-11
40267,1,555,309,246
40268,1,14,7,7
40269,1,56,48,8
40270,1,82,39,43
40271,1,31,8,23
40272,1,22,15,7
40273,1,855,889,-34
40274,1,25,22,3
40275,1,182,428,-246
40276,1,4558,3868,690
40277,1,14,2,12
40278,1,64,34,30
40279,1,915,727,188
40280,1,85,22,63
40281,1,331,274,57
40282,1,62,20,42
40283,1,67,73,-6
40284,1,461,267,194
40285,1,10,26,-16
40287,1,98,149,-51
40288,1,43,19,24
40289,1,166,71,95
40290,1,117,5,112
40291,1,141,102,39
40292,1,305,170,135
40293,1,179,20,159
40294,1,26,10,16
40296,1,32,66,-34
40298,1,332,778,-446
40299,1,19,46,-27
40300,1,22,25,-3
40301,1,108,65,43
40302,1,73,5,68
40303,1,28,47,-19
40304,1,235,66,169
40305,1,10,12,-2
40306,1,590,729,-139
40307,1,10,28,-18
40308,1,17,16,1
40309,1,3,18,-15
40310,1,74,61,13
40311,1,8,29,-21
40312,1,134,24,110
40313,1,99,8,91
40314,1,4,27,-23
40316,1,183,120,63
40317,1,21,16,5
40318,1,173,95,78
40319,1,28,48,-20
40320,1,108,6,102
40322,1,64,7,57
40323,1,5,33,-28
40325,1,159,37,122
40326,1,55,21,34
40327,1,4266,4568,-302
40328,1,5,7,-2
40329,1,13,10,3
40330,1,3291,1660,1631
40331,1,361,220,141
40332,1,20,8,12
40333,1,18,44,-26
40334,1,5,5,0
40336,1,21,6,15
40337,1,127,60,67
40338,1,147,36,111
40340,1,331,225,106
40341,1,45,49,-4
40342,1,135,41,94
40343,1,6073,4708,1365
40344,1,2,17,-15
40346,1,6,62,-56
40348,1,35,15,20
40349,1,598,131,467
40351,1,387,176,211
40352,1,184,84,100
40354,1,62,77,-15
40355,1,108,731,-623
40356,1,10747,6543,4204
40357,1,16,12,4
40358,1,26,48,-22
40359,1,7,6,1
40360,1,12,35,-23
40361,1,665,365,300
40362,1,154,171,-17
40363,1,280,140,140
40365,1,4,11,-7
40366,1,8,15,-7
40367,1,2,17,-15
40368,1,2,23,-21
40369,1,79,70,9
40370,1,6,36,-30
40371,1,70,47,23
40372,1,52,26,26
40373,1,27,39,-12
40374,1,2769,1672,1097
40375,1,224,245,-21
40376,1,1,2,-1
40377,1,998,532,466
40378,1,5,11,-6
40379,1,20,33,-13
40380,1,159,48,111
40381,1,11,11,0
40382,1,271,169,102
40383,1,1,4,-3
40384,1,242,114,128
40385,1,120,52,68
40386,1,1162,603,559
40387,1,80,36,44
40389,1,276,62,214
40390,1,63,20,43
40391,1,31,12,19
40392,1,62,73,-11
40393,1,28,14,14
40394,1,256,85,171
40395,1,229,50,179
40396,1,942,717,225
40397,1,47,25,22
40398,1,1465,312,1153
40399,1,89,33,56
40400,1,177,173,4
40401,1,342,301,41
40402,1,20,33,-13
40404,1,194,123,71
40405,1,2,18,-16
40406,1,269,30,239
40407,1,49,16,33
40408,1,10,8,2
40409,1,1123,220,903
40410,1,24,72,-48
40411,1,7,19,-12
40412,1,123,243,-120
40414,1,103,161,-58
40415,1,30,20,10
40416,1,21,17,4
40417,1,4,3,1
40418,1,51,11,40
40419,1,67,44,23
40420,1,4,7,-3
40421,1,83,36,47
40422,1,51,24,27
40423,1,1241,964,277
40424,1,22,27,-5
40425,1,64,36,28
40426,1,274,26,248
40427,1,1308,2785,-1477
40428,1,38,47,-9
40429,1,1134,849,285
40430,1,128,12,116
40431,1,25,27,-2
40433,1,52,4,48
40434,1,181,329,-148
40435,1,54,45,9
40436,1,2516,966,1550
40437,1,436,458,-22
40438,1,81,33,48
40439,1,5,22,-17
40440,1,9,12,-3
40441,1,85,34,51
40442,1,16,19,-3
40443,1,32,13,19
40444,1,278,53,225
40445,1,15,46,-31
40446,1,39,5,34
40447,1,156,70,86
40448,1,49,23,26
40449,1,437,377,60
40451,1,13,64,-51
40452,1,133,125,8
40453,1,1811,164,1647
40454,1,67,31,36
40455,1,54,90,-36
40456,1,46,40,6
40457,1,15,20,-5
40458,1,1396,773,623
40459,1,1165,197,968
40460,1,308,193,115
40463,1,122,103,19
40464,1,524,203,321
40465,1,13,1,12
40466,1,201,49,152
40467,1,629,1164,-535
40469,1,113,89,24
40470,1,23,20,3
40471,1,45,65,-20
40473,1,29,13,16
40474,1,295,17,278
40475,1,19,68,-49
40476,1,548,305,243
40477,1,527,305,222
40478,1,10,21,-11
40479,1,282,116,166
40480,1,571,472,99
40481,1,232,443,-211
40482,1,9,2,7
40483,1,20,2,18
40484,1,456,9,447
40485,1,2958,2575,383
40486,1,105,9,96
40487,1,82,120,-38
40488,1,318,728,-410
40489,1,44,41,3
40490,1,296,136,160
40491,1,3,2,1
40492,1,145,23,122
40493,1,68,18,50
40494,1,63,50,13
40495,1,512,179,333
40496,1,299,514,-215
40498,1,33,28,5
40499,1,7815,4148,3667
40500,1,4649,3459,1190
40501,1,75,48,27
40502,1,135,37,98
40503,1,718,148,570
40504,1,6747,603,6144
40505,1,5,29,-24
40506,1,886,306,580
40508,1,12,10,2
40509,1,8,17,-9
40510,1,68,0,68
40511,1,196,71,125
40512,1,7633,8096,-463
40514,1,18,8,10
40515,1,5411,5458,-47
40516,1,77,125,-48
40517,1,570,890,-320
40518,1,93,131,-38
40519,1,513,923,-410
40520,1,31,27,4
40521,1,208,113,95
40522,1,26,41,-15
40523,1,139,105,34
40524,1,45,51,-6
40525,1,5,9,-4
40526,1,18,283,-265
40528,1,16,95,-79
40529,1,122,106,16
40530,1,685,24,661
40531,1,83,3,80
40532,1,47,17,30
40533,1,18,3,15
40535,1,6,18,-12
40536,1,177,63,114
40539,1,56,55,1
40541,1,363,30,333
40542,1,56,52,4
40543,1,106,81,25
40544,1,170,177,-7
40545,1,15,15,0
40546,1,36,92,-56
40547,1,151,70,81
40548,1,20,29,-9
40549,1,71,64,7
40550,1,21,137,-116
40551,1,24,16,8
40552,1,249,111,138
40553,1,7,29,-22
40554,1,15,44,-29
40555,1,238,236,2
40556,1,23,107,-84
40557,1,35,126,-91
40558,1,316,81,235
40559,1,17,42,-25
40560,1,74,3,71
40561,1,215,63,152
40562,1,4489,3383,1106
40563,1,183,319,-136
40564,1,32,57,-25
40565,1,347,675,-328
40566,1,54,36,18
40567,1,28,45,-17
40568,1,690,375,315
40570,1,37,12,25
40571,1,43,54,-11
40572,1,308,1400,-1092
40573,1,233,97,136
40574,1,49,99,-50
40575,1,21,23,-2
40576,1,127,303,-176
40577,1,42,36,6
40578,1,27,1,26
40579,1,140,334,-194
40580,1,1416,888,528
40581,1,124,16,108
40582,1,2,13,-11
40583,1,7,20,-13
40584,1,73,65,8
40585,1,16,33,-17
40586,1,56,86,-30
40588,1,153,125,28
40589,1,8,82,-74
40590,1,79,29,50
40591,1,19,4,15
40592,1,8,5,3
40593,1,3,10,-7
40594,1,141,241,-100
40595,1,173,252,-79
40596,1,437,203,234
40597,1,25,29,-4
40598,1,31,290,-259
40599,1,18,32,-14
40600,1,163,189,-26
40601,1,414,210,204
40602,1,149,193,-44
40603,1,117,69,48
40604,1,15,5,10
40605,1,63,74,-11
40606,1,1,6,-5
40607,1,19,13,6
40608,1,2192,1205,987
40609,1,671,349,322
40610,1,445,97,348
40611,1,7,6,1
40612,1,110,71,39
40613,1,75,8,67
40614,1,104,37,67
40615,1,83,73,10
40616,1,46,52,-6
40618,1,5,1,4
40619,1,762,151,611
40620,1,380,619,-239
40621,1,22,10,12
40622,1,4,1,3
40623,1,20,46,-26
40624,1,603,72,531
40625,1,4,6,-2
40626,1,467,26,441
40627,1,48,37,11
40629,1,278,167,111
40630,1,292,9,283
40631,1,370,182,188
40632,1,80,13,67
40633,1,109,42,67
40634,1,41,29,12
40635,1,55,13,42
40636,1,24,4,20
40637,1,32,6,26
40638,1,99,82,17
40639,1,95,86,9
40640,1,10,5,5
40641,1,344,194,150
40642,1,16,10,6
40643,1,17,30,-13
40645,1,265,173,92
40646,1,9765,2777,6988
40647,1,3,2,1
40648,1,34,23,11
40649,1,10,14,-4
40650,1,831,501,330
40651,1,114,714,-600
40652,1,35,36,-1
40653,1,236,193,43
40654,1,3,42,-39
40655,1,599,223,376
40656,1,1884,1829,55
40657,1,49,5,44
40658,1,923,219,704
40659,1,2917,1992,925
40660,1,24,5,19
40661,1,309,205,104
40662,1,30,72,-42
40663,1,431,564,-133
40664,1,8,14,-6
40665,1,1968,1585,383
40666,1,9,39,-30
40667,1,89,37,52
40668,1,137,23,114
40669,1,48,4,44
40670,1,187,24,163
40671,1,366,133,233
40672,1,29,8,21
40673,1,184,343,-159
40674,1,84,54,30
40675,1,38,25,13
40676,1,10,42,-32
40677,1,4,16,-12
40678,1,49,32,17
40679,1,15,2,13
40680,1,91,14,77
40681,1,91,34,57
40682,1,129,36,93
40683,1,1,6,-5
40684,1,48,17,31
40685,1,35,152,-117
40686,1,114,137,-23
40687,1,42,20,22
40688,1,1007,471,536
40689,1,22,3,19
40690,1,60,32,28
40692,1,136,52,84
40693,1,7,9,-2
40694,1,132,79,53
40695,1,1048,69,979
40697,1,38,36,2
40698,1,7,4,3
40699,1,21,121,-100
40700,1,4568,1733,2835
40701,1,74,189,-115
40702,1,8,1,7
40703,1,52,17,35
40704,1,61,63,-2
40705,1,4757,1275,3482
40706,1,247,56,191
40707,1,42,21,21
40708,1,5,5,0
40709,1,27,40,-13
40710,1,135,149,-14
40712,1,2156,664,1492
40713,1,72,42,30
40714,1,28,54,-26
40715,1,84,81,3
40717,1,81,33,48
40718,1,349,359,-10
40719,1,52,38,14
40720,1,371,307,64
40721,1,31,30,1
40722,1,116,71,45
40723,1,60,59,1
40724,1,122,161,-39
40725,1,21,46,-25
40726,1,190,598,-408
40727,1,920,190,730
40728,1,19,17,2
40729,1,175,98,77
40730,1,137,64,73
40731,1,13,5,8
40732,1,42,45,-3
40733,1,72,28,44
40734,1,13,35,-22
40735,1,6,14,-8
40736,1,10,24,-14
40737,1,125,146,-21
40739,1,20,66,-46
40740,1,10,5,5
40741,1,2,7,-5
40742,1,215,25,190
40743,1,1,1,0
40744,1,11,72,-61
40746,1,7,1,6
40747,1,1951,209,1742
40748,1,156,82,74
40749,1,34,13,21
40750,1,128,64,64
40751,1,321,89,232
40752,1,3874,631,3243
40753,1,107,60,47
40754,1,36,15,21
40755,1,42,40,2
40757,1,77,37,40
40758,1,6,37,-31
40759,1,68,138,-70
40760,1,10,17,-7
40761,1,36,224,-188
40762,1,574,316,258
40763,1,39,28,11
40764,1,92,85,7
40765,1,152,273,-121
40766,1,21,13,8
40767,1,40,72,-32
40768,1,162,64,98
40769,1,7,4,3
40770,1,2099,1402,697
40771,1,307,145,162
40772,1,1072,628,444
40773,1,81,43,38
40774,1,4,24,-20
40775,1,40,5,35
40776,1,15,15,0
40777,1,14,18,-4
40778,1,43,24,19
40779,1,166,36,130
40780,1,144,118,26
40781,1,4,12,-8
40782,1,43,15,28
40783,1,1836,618,1218
40784,1,121,386,-265
40785,1,83,132,-49
40787,1,739,747,-8
40788,1,183,54,129
40790,1,3266,3867,-601
40791,1,59,22,37
40792,1,2041,356,1685
40793,1,86,92,-6
40794,1,32,52,-20
40795,1,498,298,200
40796,1,174,192,-18
40797,1,89,15,74
40798,1,522,17,505
40799,1,811,285,526
40800,1,725,541,184
40801,1,52,24,28
40802,1,40,29,11
40804,1,7,27,-20
40805,1,1351,1636,-285
40806,1,8876,7912,964
40807,1,20,43,-23
40808,1,10,9,1
40809,1,4763,1217,3546
40810,1,507,371,136
40811,1,4872,1794,3078
40812,1,1,15,-14
40813,1,48,18,30
40814,1,4,27,-23
40815,1,45,74,-29
40816,1,1042,11,1031
40817,1,12,25,-13
40818,1,97,10,87
40819,1,3592,1238,2354
40820,1,788,43,745
40821,1,11,26,-15
40823,1,1,4,-3
40824,1,5063,5610,-547
40825,1,27,128,-101
40826,1,264,476,-212
40827,1,1114,157,957
40828,1,153,907,-754
40829,1,1112,689,423
40830,1,27,27,0
40831,1,23,4,19
40832,1,70,37,33
40833,1,795,2370,-1575
40834,1,264,268,-4
40835,1,4609,2791,1818
40836,1,32,8,24
40837,1,777,575,202
40838,1,14,9,5
40839,1,15,10,5
40840,1,10,14,-4
40842,1,179,294,-115
40844,1,46,5,41
40845,1,105,125,-20
40846,1,40,73,-33
40847,1,4376,4595,-219
40848,1,22,72,-50
40849,1,259,135,124
40850,1,59,4,55
40851,1,96,30,66
40852,1,48,32,16
40853,1,380,271,109
40854,1,353,20,333
40855,1,8,37,-29
40856,1,641,391,250
40857,1,263,555,-292
40858,1,12,1,11
40859,1,69,34,35
40860,1,78,21,57
40862,1,180,57,123
40863,1,1189,943,246
40864,1,414,34,380
40865,1,52,43,9
40866,1,140,91,49
40867,1,34,34,0
40868,1,6,2,4
40869,1,8,23,-15
40870,1,432,115,317
40871,1,5,22,-17
40873,1,17,26,-9
40874,1,14,13,1
40875,1,190,510,-320
40876,1,19,17,2
40877,1,8,60,-52
40878,1,320,392,-72
40879,1,317,114,203
40880,1,2,10,-8
40881,1,85,84,1
40882,1,152,184,-32
40883,1,578,510,68
40885,1,130,102,28
40887,1,17,109,-92
40888,1,3126,5335,-2209
40889,1,10,1,9
40890,1,48,58,-10
40891,1,3,6,-3
40892,1,1141,265,876
40893,1,44,19,25
40894,1,288,184,104
40895,1,32,53,-21
40896,1,44,47,-3
40897,1,88,97,-9
40898,1,22,41,-19
40900,1,8,9,-1
40901,1,32,16,16
40905,1,14,25,-11
40906,1,9,59,-50
40907,1,70,41,29
40908,1,30,79,-49
40909,1,509,315,194
40910,1,3,200,-197
40912,1,323,153,170
40913,1,10,21,-11
40914,1,303,292,11
40916,1,55,33,22
40917,1,3654,1566,2088
40918,1,5,15,-10
40919,1,6,21,-15
40920,1,224,311,-87
40922,1,34,50,-16
40923,1,8,33,-25
40924,1,92,6,86
40925,1,26,11,15
40926,1,367,10,357
40927,1,4215,2840,1375
40928,1,89,24,65
40929,1,182,454,-272
40930,1,9,5,4
40931,1,97,43,54
40932,1,272,171,101
40933,1,17,50,-33
40934,1,1335,2044,-709
40936,1,260,113,147
40937,1,4,16,-12
40939,1,1005,415,590
40940,1,18,33,-15
40941,1,78,14,64
40942,1,212,140,72
40943,1,6,20,-14
40944,1,128,4,124
40946,1,4,5,-1
40947,1,123,158,-35
40948,1,78,103,-25
40949,1,28,323,-295
40950,1,1290,1243,47
40951,1,29,47,-18
40952,1,4301,1316,2985
40953,1,4045,3243,802
40954,1,25,19,6
40955,1,2065,2273,-208
40956,1,380,122,258
40957,1,394,2177,-1783
40958,1,34,50,-16
40959,1,99,83,16
40960,1,138,122,16
40961,1,1443,1051,392
40962,1,883,88,795
40963,1,34,13,21
40964,1,578,132,446
40965,1,45,12,33
40966,1,184,152,32
40967,1,664,504,160
40968,1,43,18,25
40969,1,69,2,67
40970,1,31,28,3
40971,1,21,5,16
40972,1,475,332,143
40973,1,5,17,-12
40974,1,1092,351,741
40975,1,1,357,-356
40976,1,30,17,13
40977,1,37,56,-19
40978,1,43,28,15
40979,1,68,52,16
40980,1,46,147,-101
40981,1,417,454,-37
40982,1,24,36,-12
40983,1,45,50,-5
40984,1,127,65,62
40985,1,61,14,47
40987,1,73,90,-17
40988,1,13,159,-146
40989,1,228,146,82
40990,1,10,37,-27
40991,1,48,2,46
40992,1,20,27,-7
40993,1,116,1110,-994
40994,1,36,79,-43
40995,1,61,60,1
40996,1,40,12,28
40997,1,44,55,-11
40998,1,31,14,17
40999,1,513,1,512
41000,1,987,584,403
41001,1,31,53,-22
41002,1,1,0,1
41003,1,25,24,1
41004,1,6,3,3
41005,1,5295,5007,288
41007,1,788,907,-119
41008,1,559,246,313
41009,1,11,5,6
41010,1,1293,389,904
41011,1,29,917,-888
41012,1,21,9,12
41013,1,420,46,374
41014,1,8,13,-5
41015,1,25,29,-4
41016,1,208,146,62
41017,1,505,311,194
41018,1,41,34,7
41019,1,268,148,120
41021,1,31,22,9
41022,1,44,12,32
41023,1,98,81,17
41024,1,38,420,-382
41025,1,5639,3276,2363
41026,1,285,335,-50
41028,1,168,201,-33
41029,1,192,90,102
41030,1,78,9,69
41031,1,130,159,-29
41032,1,116,22,94
41033,1,31,30,1
41034,1,52,35,17
41036,1,16,69,-53
41037,1,559,510,49
41038,1,116,14,102
41039,1,24,38,-14
41040,1,11,13,-2
41041,1,57,14,43
41042,1,45,26,19
41043,1,108,83,25
41044,1,414,96,318
41045,1,43,16,27
41046,1,58,59,-1
41047,1,26,94,-68
41048,1,259,176,83
41049,1,3,9,-6
41050,1,604,212,392
41051,1,42,21,21
41052,1,9,1,8
41053,1,17,224,-207
41054,1,34,2,32
41055,1,2835,519,2316
41056,1,4,19,-15
41057,1,94,525,-431
41058,1,74,103,-29
41059,1,3,193,-190
41060,1,74,29,45
41061,1,1,9,-8
41062,1,132,121,11
41063,1,57,65,-8
41064,1,297,9,288
41065,1,38,58,-20
41066,1,38,92,-54
41067,1,17,60,-43
41068,1,59,82,-23
41069,1,69,13,56
41070,1,345,324,21
41071,1,22,14,8
41072,1,44,72,-28
41073,1,98,155,-57
41074,1,52,18,34
41075,1,110,57,53
41076,1,8,34,-26
41077,1,26,32,-6
41078,1,24,4,20
41079,1,126,77,49
41080,1,18,12,6
41081,1,47,16,31
41082,1,179,232,-53
41083,1,2,5,-3
41084,1,527,139,388
41085,1,113,180,-67
41086,1,64,122,-58
41087,1,25,152,-127
41088,1,30,135,-105
41089,1,96,315,-219
41090,1,58,8,50
41091,1,814,16,798
41092,1,70,86,-16
41093,1,292,170,122
41094,1,48,57,-9
41096,1,1029,64,965
41097,1,3,9,-6
41098,1,411,354,57
41099,1,35,1,34
41100,1,149,92,57
41101,1,894,635,259
41102,1,213,289,-76
41103,1,25,42,-17
41104,1,13,6,7
41105,1,494,459,35
41106,1,2,1,1
41107,1,14,5,9
41108,1,313,33,280
41109,1,86,75,11
41110,1,254,190,64
41111,1,4123,3190,933
41112,1,2432,1108,1324
41113,1,95,84,11
41116,1,130,49,81
41117,1,16,1,15
41118,1,82,2,80
41119,1,108,89,19
41120,1,10,18,-8
41122,1,101,246,-145
41123,1,44,23,21
41124,1,46,74,-28
41125,1,7,19,-12
41126,1,227,1013,-786
41127,1,34,20,14
41128,1,14,13,1
41129,1,5277,3599,1678
41130,1,107,122,-15
41132,1,49,42,7
41133,1,111,83,28
41134,1,67,77,-10
41135,1,1465,422,1043
41136,1,99,72,27
41137,1,58,25,33
41138,1,102,211,-109
41139,1,347,333,14
41140,1,89,110,-21
41141,1,110179,11118,99061
41142,1,37,66,-29
41143,1,41,303,-262
41144,1,5,18,-13
41145,1,38,56,-18
41146,1,2071,127,1944
41147,1,14,18,-4
41148,1,33,53,-20
41149,1,1549,677,872
41150,1,91,239,-148
41152,1,271,96,175
41153,1,48,62,-14
41154,1,84,28,56
41156,1,7,2,5
41157,1,56,56,0
41159,1,20,57,-37
41160,1,69,139,-70
41161,1,176,118,58
41162,1,226,169,57
41163,1,21,18,3
41164,1,2,46,-44
41165,1,19,24,-5
41166,1,303,109,194
41167,1,71,23,48
41168,1,3289,1675,1614
41170,1,133,208,-75
41171,1,8,16,-8
41173,1,15,11,4
41174,1,401,75,326
41175,1,53,10,43
41176,1,116,39,77
41177,1,124,26,98
41179,1,48,35,13
41180,1,537,50,487
41181,1,28,32,-4
41182,1,164,16,148
41183,1,101,14,87
41184,1,579,229,350
41185,1,6413,4524,1889
41186,1,1,10,-9
41187,1,2177,1391,786
41188,1,16,7,9
41189,1,35,64,-29
41190,1,313,91,222
41191,1,716,273,443
41192,1,58,1,57
41193,1,478,272,206
41194,1,586,675,-89
41195,1,14,16,-2
41196,1,60,288,-228
41197,1,23,3,20
41198,1,89,23,66
41199,1,229,294,-65
41200,1,4,59,-55
41201,1,11,4,7
41202,1,99,189,-90
41204,1,268,166,102
41205,1,121,207,-86
41207,1,7,13,-6
41208,1,6,8,-2
41209,1,18,8,10
41210,1,133,92,41
41211,1,80,77,3
41212,1,119,80,39
41213,1,4,75,-71
41214,1,72,150,-78
41215,1,706,549,157
41216,1,12,2,10
41217,1,17,1,16
41218,1,212,105,107
41219,1,203,47,156
41220,1,157,92,65
41221,1,170,439,-269
41222,1,208,137,71
41223,1,45,32,13
41224,1,12,9,3
41225,1,8,44,-36
41226,1,1033,1046,-13
41227,1,40,14,26
41228,1,395,286,109
41229,1,85,137,-52
41230,1,21,20,1
41231,1,27,14,13
41232,1,359,98,261
41233,1,34,170,-136
41234,1,43,82,-39
41235,1,20,24,-4
41237,1,1296,531,765
41238,1,252,122,130
41239,1,21,79,-58
41240,1,4372,554,3818
41241,1,46,20,26
41242,1,14,8,6
41243,1,87,12,75
41244,1,5,58,-53
41245,1,696,316,380
41246,1,11,21,-10
41247,1,33,26,7
41248,1,61,6,55
41249,1,152,78,74
41250,1,75,36,39
41251,1,34,23,11
41252,1,28,22,6
41253,1,49,52,-3
41254,1,13,12,1
41255,1,107,70,37
41256,1,219,885,-666
41257,1,74,64,10
41258,1,49,15,34
41259,1,307,63,244
41260,1,85,35,50
41261,1,1,28,-27
41262,1,400,1429,-1029
41263,1,55,205,-150
41265,1,10,50,-40
41266,1,46,24,22
41267,1,26,127,-101
41268,1,19,16,3
41269,1,62,27,35
41270,1,25,39,-14
41271,1,271,275,-4
41272,1,92,16,76
41273,1,110,139,-29
41274,1,313,209,104
41275,1,38,73,-35
41276,1,10,7,3
41277,1,3209,5794,-2585
41278,1,21,13,8
41279,1,250,133,117
41280,1,1386,594,792
41281,1,25,25,0
41282,1,14,0,14
41283,1,299,54,245
41284,1,33,148,-115
41285,1,333,393,-60
41286,1,33,20,13
41288,1,85,7,78
41289,1,159,168,-9
41290,1,169,71,98
41291,1,65,62,3
41292,1,528,173,355
41293,1,72,15,57
41294,1,235,160,75
41295,1,6,114,-108
41296,1,168,209,-41
41297,1,8,24,-16
41299,1,157,69,88
41300,1,55,19,36
41301,1,12,3,9
41303,1,912,432,480
41304,1,34,20,14
41305,1,72,55,17
41306,1,11,32,-21
41307,1,6,12,-6
41308,1,98,58,40
41309,1,2,4,-2
41310,1,31,45,-14
41311,1,60,37,23
41312,1,3,0,3
41313,1,32,3,29
41314,1,2357,1686,671
41315,1,3,11,-8
41316,1,382,204,178
41317,1,21,9,12
41318,1,7,9,-2
41319,1,249,192,57
41320,1,43,74,-31
41321,1,445,271,174
41322,1,84,74,10
41323,1,10,9,1
41324,1,44,63,-19
41325,1,36,41,-5
41326,1,36,13,23
41327,1,113,5,108
41328,1,73,10,63
41329,1,121,62,59
41330,1,31,19,12
41331,1,19,14,5
41333,1,46,98,-52
41334,1,122,71,51
41335,1,10,6,4
41336,1,16,69,-53
41337,1,18,24,-6
41338,1,1001,173,828
41339,1,1,9,-8
41340,1,604,342,262
41341,1,177,36,141
41342,1,68,7,61
41343,1,541,98,443
41344,1,39,79,-40
41345,1,364,108,256
41346,1,24,17,7
41347,1,81,165,-84
41348,1,15,21,-6
41350,1,20,9,11
41351,1,1555,900,655
41352,1,2638,1888,750
41353,1,41,30,11
41354,1,39,363,-324
41355,1,519,186,333
41356,1,433,3,430
41357,1,186,53,133
41358,1,101,38,63
41359,1,20,30,-10
41360,1,169,10,159
41362,1,411,484,-73
41363,1,28,63,-35
41364,1,495,164,331
41365,1,2473,1781,692
41366,1,91,79,12
41367,1,2,1,1
41368,1,7,15,-8
41369,1,39,13,26
41371,1,28,31,-3
41372,1,58,45,13
41373,1,83,1,82
41375,1,7,6,1
41377,1,7,59,-52
41378,1,19,15,4
41380,1,421,249,172
41381,1,20,28,-8
41382,1,250,160,90
41383,1,3,23,-20
41384,1,43,18,25
41385,1,935,126,809
41386,1,25,28,-3
41387,1,133,104,29
41388,1,11,6,5
41389,1,108,95,13
41390,1,484,278,206
41391,1,104,133,-29
41392,1,31,39,-8
41393,1,323,76,247
41394,1,35,12,23
41395,1,853,539,314
41396,1,38,211,-173
41398,1,269,19,250
41400,1,15,28,-13
41401,1,2,3,-1
41402,1,24,27,-3
41403,1,9,4,5
41404,1,308,65,243
41405,1,252,164,88
41407,1,92,46,46
41408,1,48,38,10
41409,1,73,47,26
41410,1,97,117,-20
41411,1,40,832,-792
41412,1,14,50,-36
41413,1,9,1,8
41414,1,167,32,135
41415,1,602,295,307
41416,1,144,36,108
41417,1,253,102,151
41418,1,355,536,-181
41419,1,19,41,-22
41420,1,39,32,7
41421,1,1381,706,675
41422,1,28,13,15
41424,1,192,94,98
41425,1,18,5,13
41426,1,42,4092,-4050
41427,1,33,3,30
41428,1,1,25,-24
41430,1,36,7,29
41431,1,9,10,-1
41432,1,15,20,-5
41433,1,244,22,222
41434,1,6,14,-8
41435,1,11,11,0
41436,1,5662,2468,3194
41437,1,518,173,345
41438,1,26,17,9
41439,1,48,12,36
41440,1,668,2693,-2025
41441,1,485,467,18
41442,1,31,12,19
41443,1,1,12,-11
41444,1,685,176,509
41446,1,263,205,58
41447,1,11079,264,10815
41448,1,1875,101,1774
41449,1,3,3,0
41450,1,484,1719,-1235
41451,1,884,1299,-415
41452,1,23,8,15
41453,1,49,46,3
41454,1,187,188,-1
41456,1,52,19,33
41457,1,32,19,13
41458,1,1,21,-20
41459,1,337,460,-123
41460,1,40,229,-189
41461,1,188,113,75
41462,1,89,21,68
41463,1,14,13,1
41464,1,34,45,-11
41465,1,6,12,-6
41466,1,54,16,38
41467,1,84,33,51
41468,1,124,79,45
41469,1,28,11,17
41470,1,132,69,63
41471,1,328,119,209
41472,1,149,138,11
41473,1,8,21,-13
41474,1,47,26,21
41475,1,88,79,9
41476,1,53,21,32
41477,1,17,6,11
41478,1,21,52,-31
41479,1,1,3,-2
41480,1,81,85,-4
41481,1,23,11,12
41482,1,87,11,76
41483,1,240,189,51
41484,1,605,23,582
41486,1,483,313,170
41487,1,13,1,12
41488,1,82,119,-37
41489,1,21,24,-3
41490,1,8,6,2
41491,1,140,225,-85
41492,1,3,28,-25
41493,1,35,149,-114
41494,1,78,60,18
41495,1,57,22,35
41497,1,38,29,9
41498,1,194,132,62
41500,1,52,33,19
41501,1,1749,432,1317
41502,1,94,143,-49
41503,1,68,71,-3
41504,1,22,10,12
41505,1,2729,1918,811
41506,1,565,336,229
41507,1,1098,1309,-211
41508,1,736,663,73
41509,1,374,43,331
41510,1,574,373,201
41511,1,77,13,64
41512,1,3133,2277,856
41513,1,54,48,6
41514,1,45,30,15
41515,1,16,18,-2
41517,1,12,22,-10
41518,1,5849,149,5700
41519,1,9,31,-22
41520,1,482,218,264
41521,1,112,48,64
41522,1,39,12,27
41523,1,61,67,-6
41524,1,136,59,77
41525,1,129,58,71
41526,1,1121,630,491
41527,1,430,512,-82
41528,1,704,59,645
41529,1,2,16,-14
41530,1,92,85,7
41531,1,2,1,1
41532,1,4286,852,3434
41533,1,22,14,8
41534,1,95,49,46
41535,1,23,23,0
41536,1,450,405,45
41537,1,1105,63,1042
41538,1,56,47,9
41539,1,158,225,-67
41540,1,52,110,-58
41541,1,69,16,53
41542,1,53,95,-42
41543,1,11,4,7
41544,1,23,19,4
41545,1,14,8,6
41546,1,15,22,-7
41547,1,485,195,290
41548,1,2134,1271,863
41549,1,226,442,-216
41551,1,28,20,8
41553,1,182,60,122
41554,1,47,104,-57
41555,1,4,14,-10
41557,1,100,69,31
41558,1,107,160,-53
41559,1,79,65,14
41560,1,51,32,19
41561,1,28,24,4
41562,1,25,25,0
41563,1,161,60,101
41564,1,5,5,0
41565,1,44,77,-33
41566,1,93,79,14
41567,1,114,37,77
41568,1,300,283,17
41569,1,340,284,56
41570,1,778,233,545
41571,1,67,38,29
41572,1,34,79,-45
41573,1,61,26,35
41574,1,65,35,30
41576,1,29,16,13
41577,1,12,13,-1
41578,1,21,33,-12
41579,1,14,8,6
41580,1,19,40,-21
41581,1,81,422,-341
41582,1,15,7,8
41583,1,43,22,21
41584,1,397,323,74
41585,1,3447,1168,2279
41586,1,66,160,-94
41587,1,6,17,-11
41588,1,19056,4252,14804
41590,1,19,134,-115
41591,1,549,195,354
41592,1,55,42,13
41593,1,10,2,8
41594,1,549,372,177
41597,1,139,38,101
41598,1,45,8,37
41599,1,277,122,155
41600,1,7,23,-16
41601,1,278,175,103
41602,1,138,41,97
41603,1,45,31,14
41604,1,412,435,-23
41605,1,107,29,78
41607,1,1,16,-15
41608,1,57,65,-8
41609,1,144,69,75
41610,1,2,20,-18
41611,1,21,21,0
41612,1,105,49,56
41613,1,20,46,-26
41614,1,391,35,356
41615,1,62,90,-28
41616,1,130,101,29
41617,1,24,20,4
41620,1,1119,1092,27
41621,1,2,19,-17
41622,1,8,6,2
41623,1,19,172,-153
41624,1,2,108,-106
41625,1,64,244,-180
41626,1,11,154,-143
41627,1,25,58,-33
41628,1,16,48,-32
41629,1,33,33,0
41630,1,153,138,15
41631,1,642,49,593
41632,1,221,306,-85
41633,1,2412,272,2140
41634,1,30,34,-4
41635,1,18,6,12
41636,1,96,16,80
41637,1,1,10,-9
41638,1,37,138,-101
41639,1,6,9,-3
41640,1,90,528,-438
41641,1,139,9,130
41642,1,181,34,147
41644,1,35,39,-4
41645,1,120,19,101
41646,1,24,17,7
41647,1,49,219,-170
41648,1,145,90,55
41649,1,25,7,18
41650,1,56,13,43
41651,1,71,9,62
41652,1,1238,728,510
41653,1,19,6,13
41654,1,598,182,416
41655,1,8,30,-22
41656,1,145,201,-56
41657,1,17,5,12
41658,1,75,49,26
41660,1,350,16,334
41661,1,974,171,803
41662,1,747,527,220
41663,1,103,15,88
41664,1,1,20,-19
41665,1,78,38,40
41666,1,250,156,94
41667,1,1735,261,1474
41668,1,111,100,11
41669,1,82,69,13
41670,1,43,17,26
41671,1,40,72,-32
41672,1,8,14,-6
41673,1,5,20,-15
41674,1,121,23,98
41675,1,49,18,31
41676,1,63,62,1
41677,1,34,12,22
41678,1,176,407,-231
41679,1,6,175,-169
41680,1,112,22,90
41681,1,3,0,3
41682,1,42,27,15
41683,1,23,17,6
41684,1,220,185,35
41685,1,18,15,3
41686,1,89,38,51
41687,1,178,313,-135
41689,1,3117,1430,1687
41690,1,4,47,-43
41691,1,6050,4242,1808
41692,1,12,36,-24
41693,1,28,6,22
41694,1,245,124,121
41695,1,56,221,-165
41696,1,12,11,1
41697,1,25,188,-163
41698,1,554,246,308
41699,1,142,7,135
41700,1,13,24,-11
41701,1,419,234,185
41702,1,31,11,20
41703,1,167,116,51
41704,1,44,25,19
41705,1,793,75,718
41707,1,1317,802,515
41708,1,95,114,-19
41709,1,16,29,-13
41710,1,13,4,9
41711,1,26,14,12
41712,1,223,23,200
41713,1,16,13,3
41714,1,584,824,-240
41716,1,51,17,34
41717,1,4,3,1
41718,1,234,239,-5
41719,1,38,21,17
41720,1,1097,59,1038
41721,1,876,262,614
41722,1,23,6,17
41723,1,39,7,32
41724,1,29,51,-22
41725,1,1229,724,505
41726,1,91,34,57
41727,1,57,97,-40
41728,1,11,8,3
41729,1,9,32,-23
41730,1,5,3,2
41731,1,8,1,7
41732,1,11,12,-1
41733,1,43,29,14
41734,1,1932,1204,728
41735,1,22,146,-124
41736,1,279,228,51
41737,1,34,1,33
41738,1,67,58,9
41739,1,298,1251,-953
41740,1,702,117,585
41741,1,238,9,229
41742,1,410,19,391
41744,1,96,118,-22
41745,1,23,40,-17
41747,1,235,102,133
41748,1,17,72,-55
41749,1,32,37,-5
41750,1,36,15,21
41751,1,6,1,5
41752,1,97,142,-45
41753,1,3024,113,2911
41754,1,3,8,-5
41755,1,121,58,63
41756,1,35,113,-78
41757,1,333,32,301
41758,1,23,8,15
41759,1,263,252,11
41760,1,1,15,-14
41761,1,720,100,620
41762,1,131,29,102
41763,1,92,60,32
41764,1,87,20,67
41767,1,22,43,-21
41768,1,155,71,84
41769,1,44,20,24
41771,1,47,86,-39
41772,1,33,3,30
41773,1,23,66,-43
41774,1,10,2,8
41775,1,674,361,313
41776,1,3000,331,2669
41777,1,24,13,11
41778,1,122,45,77
41779,1,30,46,-16
41780,1,82,137,-55
41781,1,33,43,-10
41783,1,131,94,37
41784,1,5,0,5
41785,1,32,63,-31
41786,1,231,70,161
41787,1,60,126,-66
41788,1,3067,24,3043
41789,1,110,65,45
41790,1,56,49,7
41791,1,204,71,133
41792,1,124,104,20
41793,1,41,1,40
41794,1,166,118,48
41796,1,3,53,-50
41797,1,43,4,39
41798,1,50,14,36
41799,1,59,41,18
41800,1,3,4,-1
41801,1,32,51,-19
41803,1,9,9,0
41804,1,133,33,100
41805,1,22,31,-9
41806,1,32,6,26
41807,1,2048,1907,141
41808,1,232,142,90
41809,1,3,0,3
41810,1,41,53,-12
41811,1,11,9,2
41812,1,182,28,154
41813,1,32,23,9
41814,1,15,20,-5
41815,1,17,13,4
41817,1,7,62,-55
41818,1,347,203,144
41819,1,20,13,7
41820,1,56,37,19
41821,1,879,4161,-3282
41822,1,117,14,103
41823,1,1,2,-1
41824,1,46,27,19
41825,1,5,11,-6
41826,1,162,81,81
41828,1,416,409,7
41829,1,158,341,-183
41830,1,45,9,36
41831,1,33,7,26
41832,1,5579,7050,-1471
41833,1,7,3,4
41835,1,5,41,-36
41836,1,4812,2089,2723
41837,1,86,26,60
41838,1,2,7,-5
41839,1,451,601,-150
41840,1,9,5,4
41841,1,35,14,21
41842,1,44,56,-12
41843,1,209,220,-11
41844,1,92,64,28
41845,1,34,9,25
41846,1,13,21,-8
41847,1,11,6,5
41848,1,431,42,389
41849,1,2,10,-8
41850,1,15,71,-56
41851,1,82,25,57
41852,1,60,71,-11
41853,1,469,361,108
41854,1,1241,999,242
41855,1,188,139,49
41856,1,11,38,-27
41857,1,106,29,77
41858,1,156,268,-112
41859,1,107,40,67
41860,1,6914,5789,1125
41861,1,12,7,5
41862,1,8,33,-25
41863,1,62,20,42
41864,1,43,18,25
41865,1,132,85,47
41866,1,116,27,89
41867,1,3,8,-5
41868,1,33,32,1
41869,1,17,213,-196
41870,1,1,8,-7
41871,1,6,32,-26
41872,1,510,109,401
41873,1,66,46,20
41874,1,144,73,71
41875,1,42,64,-22
41876,1,2,4,-2
41877,1,1,2,-1
41878,1,7,0,7
41879,1,851,752,99
41880,1,4689,5774,-1085
41881,1,13,5,8
41882,1,173,16,157
41883,1,74,48,26
41884,1,50,79,-29
41885,1,163,41,122
41886,1,120,96,24
41887,1,162,164,-2
41888,1,1,2,-1
41889,1,148,156,-8
41890,1,52,34,18
41891,1,60,35,25
41892,1,19,2,17
41893,1,85,17,68
41894,1,1710,1659,51
41895,1,251,36,215
41896,1,14,52,-38
41898,1,50,19,31
41899,1,93,52,41
41900,1,29,15,14
41901,1,68,140,-72
41902,1,1,29,-28
41903,1,16,15,1
41904,1,532,146,386
41905,1,94,49,45
41906,1,42,40,2
41908,1,185,126,59
41909,1,98,25,73
41910,1,46,26,20
41911,1,13,3,10
41912,1,2027,676,1351
41913,1,298,44,254
41914,1,169,70,99
41915,1,67,59,8
41916,1,79,138,-59
41917,1,118,254,-136
41918,1,931,423,508
41919,1,1510,1466,44
41920,1,70,20,50
41921,1,545,271,274
41922,1,3,2,1
41924,1,134,63,71
41925,1,57,30,27
41926,1,1,14,-13
41927,1,110,3,107
41928,1,479,43,436
41929,1,8,17,-9
41930,1,165,48,117
41932,1,9,3,6
41933,1,27,73,-46
41934,1,111,135,-24
41935,1,113,36,77
41936,1,248,125,123
41937,1,349,167,182
41938,1,71,11,60
41939,1,113,60,53
41941,1,83,15,68
41942,1,1441,1058,383
41943,1,179,186,-7
41944,1,20,24,-4
41945,1,149,40,109
41946,1,61,293,-232
41947,1,1545,2452,-907
41948,1,395,10,385
41949,1,23,35,-12
41950,1,1,5,-4
41951,1,56,41,15
41952,1,31,58,-27
41953,1,763,494,269
41954,1,22,46,-24
41955,1,34,30,4
41956,1,56,269,-213
41957,1,19,42,-23
41958,1,40,5,35
41959,1,35,18,17
41960,1,598,150,448
41961,1,14,3,11
41962,1,763,519,244
41963,1,279,236,43
41964,1,3,22,-19
41965,1,25,13,12
41966,1,25,13,12
41967,1,36,28,8
41968,1,127,167,-40
41969,1,409,126,283
41970,1,842,1248,-406
41971,1,21,24,-3
41972,1,73,14,59
41975,1,47,40,7
41976,1,89,262,-173
41977,1,7,8,-1
41978,1,351,126,225
41979,1,71,16,55
41980,1,804,4,800
41981,1,464,230,234
41983,1,23,92,-69
41985,1,25,31,-6
41986,1,131,28,103
41987,1,25,189,-164
41988,1,7,1,6
41989,1,1761,1452,309
41990,1,713,168,545
41991,1,13,1,12
41993,1,144,469,-325
41994,1,191,70,121
41995,1,6,9,-3
41996,1,14,10,4
41997,1,822,644,178
41998,1,218,50,168
41999,1,143,121,22
42000,1,2785,854,1931
42001,1,3,10,-7
42002,1,86,22,64
42003,1,23,9,14
42004,1,250,76,174
42005,1,47,50,-3
42006,1,91,51,40
42007,1,31,134,-103
42008,1,1315,273,1042
42010,1,248,22,226
42011,1,15,14,1
42012,1,128,17,111
42013,1,31,5,26
42014,1,31,1,30
42015,1,40,46,-6
42016,1,254,198,56
42017,1,64,37,27
42018,1,89,170,-81
42019,1,174,127,47
42020,1,229,36,193
42021,1,520,137,383
42022,1,2040,809,1231
42023,1,18,70,-52
42024,1,1,6,-5
42025,1,25,2,23
42026,1,42,34,8
42027,1,34,8,26
42028,1,48,22,26
42029,1,22,3,19
42030,1,10098,5493,4605
42032,1,64,18,46
42034,1,121,88,33
42035,1,121,42,79
42036,1,488,81,407
42037,1,54,30,24
42038,1,671,416,255
42040,1,64,63,1
42041,1,126,579,-453
42043,1,297,136,161
42044,1,463,359,104
42045,1,1151,683,468
42046,1,66,80,-14
42048,1,1953,1326,627
42049,1,4,7,-3
42050,1,67,70,-3
42051,1,99,34,65
42052,1,124,76,48
42053,1,2,2,0
42054,1,88,13,75
42055,1,22,23,-1
42056,1,81,57,24
42057,1,189,23,166
42058,1,144,15,129
42059,1,128,50,78
42061,1,122,107,15
42062,1,20,8,12
42063,1,84,38,46
42064,1,240,444,-204
42065,1,25,64,-39
42066,1,565,623,-58
42067,1,1779,1595,184
42068,1,432,53,379
42069,1,38,57,-19
42070,1,73,89,-16
42071,1,21,15,6
42072,1,52,130,-78
42073,1,66,26,40
42074,1,354,38,316
42075,1,5557,1982,3575
42077,1,268,156,112
42078,1,32,65,-33
42079,1,8,0,8
42080,1,68,173,-105
42081,1,11,18,-7
42082,1,149,163,-14
42083,1,9,9,0
42084,1,33,24,9
42085,1,208,164,44
42086,1,23,46,-23
42087,1,4,32,-28
42088,1,62,20,42
42089,1,406,188,218
42090,1,17,19,-2
42091,1,76,79,-3
42092,1,336,93,243
42093,1,95,131,-36
42094,1,614,28,586
42095,1,36,12,24
42096,1,521,509,12
42097,1,30,69,-39
42098,1,2,7,-5
42099,1,328,13,315
42100,1,364,99,265
42101,1,131,25,106
42102,1,95,55,40
42103,1,164,37,127
42104,1,26,29,-3
42105,1,155,188,-33
42106,1,86,70,16
42107,1,86,79,7
42109,1,31,9,22
42110,1,14,13,1
42111,1,92,6,86
42112,1,277,285,-8
42113,1,143,38,105
42114,1,436,593,-157
42116,1,47,53,-6
42117,1,818,8,810
42118,1,38,117,-79
42119,1,409,114,295
42120,1,63,65,-2
42121,1,324,156,168
42122,1,45,60,-15
42123,1,55,19,36
42124,1,43,95,-52
42125,1,44,30,14
42126,1,975,757,218
42127,1,892,51,841
42128,1,17,51,-34
42130,1,1,16,-15
42131,1,1,17,-16
42132,1,610,490,120
42133,1,293,478,-185
42134,1,148,27,121
42135,1,70,18,52
42136,1,246,16,230
42137,1,306,266,40
42138,1,21,9,12
42139,1,19,27,-8
42140,1,310,324,-14
42141,1,2,2,0
42142,1,1032,1451,-419
42144,1,4,20,-16
42145,1,5,22,-17
42146,1,255,71,184
42147,1,4,17,-13
42148,1,69,13,56
42149,1,58,53,5
42150,1,3865,2916,949
42151,1,5,7,-2
42152,1,17,64,-47
42153,1,290,573,-283
42154,1,49,91,-42
42155,1,1363,8849,-7486
42156,1,153,109,44
42157,1,118,44,74
42158,1,35,251,-216
42160,1,4030,4818,-788
42161,1,129,65,64
42162,1,2,18,-16
42163,1,2627,392,2235
42164,1,5,11,-6
42165,1,366,398,-32
42166,1,99,57,42
42167,1,102,45,57
42168,1,45,29,16
42169,1,34,40,-6
42170,1,11,4,7
42171,1,17708,10023,7685
42172,1,66,83,-17
42173,1,268,13,255
42174,1,8,0,8
42175,1,4,204,-200
42176,1,22,24,-2
42177,1,67,84,-17
42178,1,25,23,2
42179,1,85,74,11
42180,1,737,747,-10
42181,1,81,33,48
42182,1,86,4,82
42183,1,154,287,-133
42184,1,274,23,251
42185,1,1176,1038,138
42186,1,670,1151,-481
42187,1,9,8,1
42188,1,69,49,20
42189,1,195,27,168
42190,1,1184,1234,-50
42191,1,25,19,6
42192,1,12,82,-70
42193,1,3147,1196,1951
42195,1,97,30,67
42196,1,185,191,-6
42197,1,70,46,24
42198,1,242053,17419,224634
42199,1,21,13,8
42200,1,2325,1987,338
42201,1,18,11,7
42202,1,54,29,25
42203,1,350,1014,-664
42204,1,5,12,-7
42205,1,364,68,296
42206,1,148,63,85
42209,1,2418,2159,259
42210,1,11,252,-241
42211,1,10,24,-14
42212,1,122,28,94
42213,1,287,200,87
42214,1,1196,571,625
42215,1,3459,1588,1871
42216,1,9,11,-2
42217,1,135,45,90
42218,1,22,13,9
42219,1,100,6,94
42222,1,14,21,-7
42223,1,75,18,57
42224,1,202,30,172
42227,1,30,59,-29
42228,1,52,40,12
42229,1,77,225,-148
42230,1,122,71,51
42231,1,5,0,5
42232,1,47,131,-84
42233,1,1006,830,176
42234,1,383,51,332
42235,1,3,12,-9
42236,1,21493,15036,6457
42237,1,305,120,185
42238,1,49,84,-35
42239,1,7,34,-27
42240,1,1309,29,1280
42241,1,13,1,12
42244,1,3,27,-24
42245,1,240,223,17
42246,1,208,128,80
42247,1,156,34,122
42248,1,476,243,233
42249,1,129,106,23
42250,1,84,47,37
42251,1,189,8,181
42252,1,476,34,442
42253,1,36,37,-1
42254,1,36,23,13
42256,1,41,5,36
42257,1,30,54,-24
42258,1,48,36,12
42259,1,14,6,8
42260,1,75,35,40
42261,1,2216,388,1828
42262,1,74,171,-97
42263,1,240,28,212
42264,1,91,139,-48
42265,1,32,38,-6
42266,1,11,34,-23
42267,1,975,1028,-53
42268,1,238,13,225
42269,1,994,745,249
42270,1,60,93,-33
42271,1,145,101,44
42272,1,26,26,0
42273,1,12,19,-7
42274,1,170,73,97
42275,1,44,21,23
42276,1,12,10,2
42277,1,367,307,60
42278,1,96,193,-97
42279,1,5,19,-14
42280,1,23,7,16
42283,1,56,11,45
42284,1,32,24,8
42286,1,35,55,-20
42287,1,105,36,69
42290,1,9,34,-25
42291,1,2672,363,2309
42292,1,91,5,86
42293,1,43,50,-7
42294,1,320,82,238
42295,1,1001,1121,-120
42296,1,619,288,331
42297,1,3612,5885,-2273
42298,1,12,7,5
42299,1,7,18,-11
42300,1,78,172,-94
42302,1,42,58,-16
42304,1,17,15,2
42305,1,16,37,-21
42306,1,3,3,0
42307,1,79,5,74
42308,1,1,2,-1
42309,1,108,987,-879
42310,1,76,21,55
42311,1,5,11,-6
42312,1,12,1,11
42313,1,172,489,-317
42314,1,6111,3125,2986
42315,1,113,135,-22
42316,1,30,7,23
42317,1,9,37,-28
42318,1,381,378,3
42319,1,285,87,198
42321,1,54,216,-162
42322,1,75,42,33
42323,1,114,79,35
42324,1,129,118,11
42325,1,41,16,25
42327,1,414,505,-91
42328,1,4,10,-6
42329,1,265,163,102
42330,1,9,188,-179
42331,1,2402,235,2167
42332,1,261,130,131
42333,1,4,8,-4
42334,1,560,378,182
42335,1,147,90,57
42336,1,393,127,266
42337,1,109,576,-467
42338,1,38,24,14
42339,1,107,155,-48
42340,1,7,6,1
42341,1,1081,325,756
42342,1,242,112,130
42343,1,302,62,240
42344,1,126,169,-43
42345,1,67,22,45
42346,1,1,2,-1
42347,1,98,28,70
42348,1,125,49,76
42349,1,16,3,13
42350,1,1032,1126,-94
42351,1,115,141,-26
42352,1,14,25,-11
42353,1,5,21,-16
42354,1,80,149,-69
42355,1,256,498,-242
42356,1,32,6,26
42357,1,11,44,-33
42359,1,300,1541,-1241
42360,1,79,11,68
42361,1,161,351,-190
42362,1,163,87,76
42363,1,186,21,165
42364,1,32,70,-38
42365,1,2723,1360,1363
42366,1,45,1,44
42367,1,1199,678,521
42368,1,115,214,-99
42369,1,4,48,-44
42370,1,891,706,185
42371,1,2620,639,1981
42372,1,29,30,-1
42373,1,4,2,2
42374,1,6,45,-39
42375,1,87,27,60
42376,1,4,7,-3
42378,1,149,153,-4
42380,1,1641,1194,447
42381,1,21,15,6
42382,1,14,6,8
42384,1,70,45,25
42385,1,87,79,8
42386,1,758,1344,-586
42387,1,6799,465,6334
42388,1,3,30,-27
42389,1,1788,782,1006
42390,1,5,51,-46
42391,1,15,5,10
42392,1,738,329,409
42393,1,22,123,-101
42394,1,117,102,15
42395,1,114,54,60
42396,1,53,10,43
42397,1,6,5,1
42398,1,48,16,32
42399,1,19,13,6
42400,1,32,5,27
42401,1,57,27,30
42402,1,8,10,-2
42403,1,79,16,63
42404,1,34,27,7
42405,1,26,24,2
42406,1,1,16,-15
42407,1,4,18,-14
42408,1,126,78,48
42409,1,56,98,-42
42410,1,247,94,153
42411,1,27,13,14
42412,1,169,16,153
42413,1,89,122,-33
42414,1,93,299,-206
42415,1,3,64,-61
42416,1,54,27,27
42417,1,168,222,-54
42418,1,47,73,-26
42419,1,23,109,-86
42420,1,12,28,-16
42421,1,48,171,-123
42423,1,724,311,413
42424,1,36,50,-14
42426,1,54,16,38
42427,1,1,50,-49
42428,1,280,89,191
42429,1,214,90,124
42430,1,1535,332,1203
42431,1,16460,1900,14560
42432,1,133,57,76
42433,1,83,13,70
42434,1,5936,4017,1919
42435,1,13,16,-3
42436,1,12,1,11
42437,1,145,120,25
42438,1,103,124,-21
42439,1,69,47,22
42440,1,81,61,20
42441,1,71,6,65
42442,1,109,51,58
42443,1,15,12,3
42444,1,69,18,51
42445,1,10,76,-66
42446,1,83,97,-14
42447,1,136,58,78
42448,1,43,3,40
42449,1,44,2,42
42450,1,5,7,-2
42451,1,2,113,-111
42452,1,3,14,-11
42453,1,339,87,252
42454,1,8,6,2
42455,1,918,413,505
42457,1,1697,2177,-480
42458,1,23,33,-10
42459,1,2970,650,2320
42460,1,2864,1576,1288
42461,1,4,9,-5
42462,1,9,4,5
42463,1,5763,5372,391
42464,1,219,10,209
42465,1,127,222,-95
42466,1,17,10,7
42467,1,195,45,150
42468,1,1,13,-12
42469,1,533,596,-63
42470,1,27,6,21
42471,1,54,242,-188
42472,1,86,29,57
42473,1,21,5,16
42474,1,51,73,-22
42475,1,129,122,7
42477,1,23,87,-64
42478,1,22,31,-9
42479,1,1533,1033,500
42480,1,943,671,272
42481,1,18,28,-10
42482,1,12110,3767,8343
42483,1,236,477,-241
42484,1,6,46,-40
42485,1,178,91,87
42486,1,18,13,5
42487,1,677,44,633
42488,1,41,23,18
42489,1,26,17,9
42491,1,34,33,1
42493,1,14,0,14
42494,1,70,142,-72
42495,1,76,71,5
42496,1,71,35,36
42497,1,46,30,16
42499,1,146,188,-42
42500,1,705,56,649
42502,1,70,51,19
42503,1,43,14,29
42504,1,170,4,166
42505,1,42,4,38
42506,1,2464,232,2232
42507,1,12,12,0
42508,1,107211,4830,102381
42510,1,21,16,5
42511,1,317,133,184
42512,1,1,6,-5
42513,1,28,26,2
42514,1,391,225,166
42515,1,267,26,241
42516,1,21,9,12
42517,1,11,18,-7
42518,1,173,28,145
42519,1,1176,194,982
42520,1,39,20,19
42522,1,145,228,-83
42523,1,125,8,117
42524,1,165,60,105
42525,1,4036,3227,809
42526,1,49,11,38
42527,1,11,17,-6
42528,1,35,16,19
42529,1,618,387,231
42530,1,441,148,293
42531,1,210,37,173
42532,1,4495,2119,2376
42534,1,47,37,10
42535,1,18,4,14
42536,1,32,40,-8
42537,1,18,34,-16
42538,1,172,158,14
42539,1,6,16,-10
42540,1,408,940,-532
42541,1,1761,392,1369
42543,1,25,31,-6
42544,1,226062,7732,218330
42545,1,605,167,438
42546,1,72,153,-81
42548,1,6,3,3
42549,1,31,23,8
42551,1,56,16,40
42552,1,132,57,75
42553,1,12664,597,12067
42554,1,477,654,-177
42555,1,79,69,10
42556,1,7,5,2
42557,1,366,85,281
42558,1,58,35,23
42559,1,89,48,41
42560,1,1455,2,1453
42561,1,30,51,-21
42562,1,199,52,147
42563,1,192,99,93
42564,1,9,3,6
42565,1,99,1,98
42566,1,22,31,-9
42567,1,4979,1352,3627
42568,1,413,62,351
42569,1,14,8,6
42570,1,4,15,-11
42571,1,71,51,20
42572,1,873,692,181
42573,1,204,103,101
42574,1,100,39,61
42575,1,35,18,17
42576,1,18,42,-24
42577,1,7,12,-5
42578,1,558,261,297
42579,1,35,25,10
42580,1,121,372,-251
42581,1,11,14,-3
42582,1,31,56,-25
42583,1,1,24,-23
42584,1,55,772,-717
42585,1,848,460,388
42586,1,17,3,14
42587,1,307,7,300
42588,1,2,6,-4
42589,1,20,3,17
42590,1,106,72,34
42591,1,614,167,447
42592,1,56,62,-6
42593,1,3,16,-13
42594,1,25,66,-41
42595,1,1639,756,883
42596,1,347,554,-207
42597,1,129,44,85
42598,1,434,227,207
42599,1,106,36,70
42600,1,1,10,-9
42601,1,20,56,-36
42602,1,404,255,149
42603,1,257,11,246
42605,1,72,19,53
42606,1,49,88,-39
42607,1,11,7,4
42608,1,752,94,658
42609,1,46,42,4
42610,1,34,20,14
42611,1,324,1168,-844
42612,1,101,132,-31
42614,1,36,44,-8
42616,1,1,1,0
42617,1,13,4,9
42618,1,349,152,197
42619,1,2948,1476,1472
42620,1,10,7,3
42621,1,15,6,9
42622,1,24,50,-26
42623,1,586,193,393
42624,1,40,28,12
42625,1,8,25,-17
42626,1,89,21,68
42627,1,304,384,-80
42628,1,32,36,-4
42629,1,1,27,-26
42630,1,7,41,-34
42632,1,26,50,-24
42633,1,78,479,-401
42634,1,155,87,68
42635,1,765,585,180
42636,1,74,63,11
42637,1,27,44,-17
42638,1,1189,403,786
42639,1,4627,5222,-595
42640,1,32,11,21
42641,1,21,19,2
42642,1,11,15,-4
42643,1,88,3,85
42644,1,378,293,85
42645,1,147,119,28
42646,1,9,25,-16
42648,1,19,27,-8
42650,1,137,49,88
42652,1,220,178,42
42653,1,430,136,294
42654,1,316,120,196
42655,1,158,76,82
42656,1,13,10,3
42657,1,16,35,-19
42658,1,54,28,26
42659,1,48,92,-44
42660,1,6,65,-59
42661,1,81,29,52
42662,1,36,40,-4
42663,1,714,467,247
42665,1,511,69,442
42666,1,7751,6472,1279
42667,1,136,56,80
42668,1,21,23,-2
42669,1,764,323,441
42670,1,129,200,-71
42671,1,13,104,-91
42672,1,124,67,57
42673,1,15,6,9
42674,1,34,17,17
42675,1,4329,32,4297
42676,1,5534,2465,3069
42677,1,9,10,-1
42678,1,68,71,-3
42679,1,44,18,26
42680,1,43,41,2
42684,1,25,21,4
42685,1,26,12,14
42686,1,52,27,25
42687,1,51,52,-1
42688,1,5,9,-4
42689,1,26,48,-22
42690,1,216,163,53
42691,1,247,26,221
42692,1,7,136,-129
42693,1,161,60,101
42694,1,351,149,202
42695,1,34,13,21
42696,1,239,21,218
42697,1,7,221,-214
42699,1,8857,1570,7287
42700,1,145,131,14
42701,1,206,181,25
42702,1,32,4,28
42703,1,107,15,92
42704,1,120122,3882,116240
42705,1,438,50,388
42706,1,765,99,666
42707,1,403,1330,-927
42708,1,281,45,236
42709,1,25,10,15
42710,1,15,3,12
42712,1,2,20,-18
42713,1,35,64,-29
42714,1,83,69,14
42716,1,30,26,4
42717,1,22,16,6
42718,1,231,315,-84
42719,1,235,178,57
42720,1,48,104,-56
42722,1,42,28,14
42723,1,55,194,-139
42724,1,46,86,-40
42725,1,415,125,290
42727,1,50,3,47
42728,1,128,154,-26
42729,1,57,20,37
42730,1,12,282,-270
42731,1,237,58,179
42732,1,38,24,14
42733,1,22,9,13
42734,1,85,23,62
42735,1,12,6,6
42736,1,28,21,7
42737,1,5,18,-13
42738,1,4,17,-13
42739,1,217,188,29
42740,1,105,40,65
42741,1,47,10,37
42742,1,60,9,51
42743,1,98,16,82
42744,1,24,23,1
42745,1,56,34,22
42746,1,28,15,13
42747,1,14,117,-103
42748,1,1830,1334,496
42749,1,55,31,24
42750,1,37,140,-103
42751,1,193,247,-54
42752,1,84,287,-203
42753,1,32,34,-2
42754,1,25,3,22
42755,1,967,744,223
42756,1,226,84,142
42757,1,93,101,-8
42758,1,15,17,-2
42761,1,1,43,-42
42762,1,47,35,12
42763,1,1271,1760,-489
42764,1,29,45,-16
42765,1,2483,1697,786
42766,1,967,835,132
42767,1,49,36,13
42768,1,164,156,8
42769,1,63,32,31
42770,1,350,38,312
42771,1,194,42,152
42772,1,31,79,-48
42773,1,215,127,88
42774,1,26,13,13
42776,1,94,63,31
42779,1,29,27,2
42780,1,138,118,20
42781,1,20,28,-8
42782,1,384,327,57
42783,1,16,19,-3
42784,1,13,54,-41
42785,1,10,2,8
42786,1,290,23,267
42787,1,716,53,663
42788,1,16,27,-11
42789,1,327,119,208
42790,1,34,12,22
42791,1,19,16,3
42792,1,124,35,89
42793,1,156,59,97
42794,1,28,46,-18
42796,1,39,21,18
42797,1,385,18,367
42798,1,9,10,-1
42799,1,19,30,-11
42800,1,72,87,-15
42801,1,33,32,1
42802,1,394,146,248
42805,1,81,13,68
42806,1,7,43,-36
42807,1,26,23,3
42808,1,5,7,-2
42809,1,41,31,10
42810,1,478,184,294
42811,1,4,2,2
42812,1,37,27,10
42813,1,29,51,-22
42814,1,10,4,6
42815,1,376,84,292
42816,1,22,1,21
42818,1,1230,1092,138
42820,1,1,3,-2
42821,1,34,21,13
42822,1,3850,226,3624
42823,1,6,10,-4
42824,1,165,95,70
42825,1,68,125,-57
42826,1,26,14,12
42827,1,853,706,147
42828,1,393,164,229
42829,1,36,56,-20
42830,1,14,10,4
42831,1,1140,151,989
42832,1,5,2,3
42833,1,3,9,-6
42834,1,14,21,-7
42835,1,5,24,-19
42836,1,16,46,-30
42837,1,1555,70,1485
42838,1,921,36,885
42839,1,78,116,-38
42841,1,48,30,18
42842,1,27,65,-38
42843,1,442,15,427
42844,1,46,39,7
42845,1,78,59,19
42846,1,10,35,-25
42847,1,53,11,42
42848,1,99,79,20
42849,1,11871,4679,7192
42850,1,131,91,40
42851,1,47,168,-121
42852,1,108,148,-40
42853,1,767,256,511
42854,1,545,609,-64
42855,1,145,57,88
42856,1,11,59,-48
42857,1,14,19,-5
42858,1,249,66,183
42859,1,18,16,2
42860,1,45,45,0
42861,1,579,485,94
42862,1,1698,1114,584
42864,1,12,46,-34
42865,1,76,26,50
42866,1,29,6,23
42867,1,14974,10317,4657
42868,1,48,41,7
42869,1,171,347,-176
42870,1,144,165,-21
42871,1,521,271,250
42872,1,43,3,40
42873,1,5,5,0
42875,1,3,26,-23
42876,1,123,181,-58
42879,1,1370,337,1033
42880,1,111,90,21
42881,1,51,12,39
42882,1,14,10,4
42884,1,93,18,75
42885,1,2422,2140,282
42886,1,107,120,-13
42887,1,140,41,99
42888,1,135,148,-13
42889,1,544,309,235
42890,1,128,49,79
42891,1,239,70,169
42892,1,630,556,74
42893,1,134,116,18
42894,1,2,24,-22
42895,1,26,151,-125
42896,1,329,158,171
42897,1,1753,918,835
42898,1,1390,570,820
42899,1,71,3,68
42900,1,2,71,-69
42901,1,1027,506,521
42902,1,8,1055,-1047
42903,1,98,79,19
42904,1,9,8,1
42905,1,29,47,-18
42906,1,8079,5561,2518
42907,1,42,20,22
42908,1,89,135,-46
42909,1,6,5,1
42910,1,50,14,36
42911,1,22,54,-32
42912,1,1695,742,953
42913,1,82,66,16
42914,1,259,31,228
42915,1,27,9,18
42917,1,124,108,16
42918,1,20,24,-4
42919,1,143,62,81
42920,1,19,31,-12
42921,1,624,313,311
42922,1,9,54,-45
42923,1,153,131,22
42924,1,74,101,-27
42925,1,126,36,90
42926,1,356,41,315
42927,1,24,6,18
42928,1,9230,3053,6177
42929,1,114,266,-152
42931,1,3414,3925,-511
42932,1,12,25,-13
42933,1,74,40,34
42934,1,66,29,37
42935,1,72,16,56
42936,1,26,34,-8
42937,1,359,366,-7
42938,1,7,5,2
42939,1,23,38,-15
42940,1,5,4,1
42941,1,28,14,14
42942,1,335,50,285
42943,1,7,9,-2
42944,1,130,88,42
42945,1,597,886,-289
42946,1,8,11,-3
42947,1,21,64,-43
42948,1,52,128,-76
42949,1,8,1,7
42950,1,57,41,16
42951,1,128,172,-44
42952,1,31,32,-1
42953,1,62,64,-2
42954,1,285,480,-195
42955,1,52,23,29
42956,1,14,150,-136
42957,1,40,5,35
42958,1,58,81,-23
42959,1,15,5,10
42960,1,319,240,79
42962,1,7,19,-12
42963,1,80,26,54
42964,1,450,49,401
42965,1,47,46,1
42969,1,66,86,-20
42970,1,145,746,-601
42971,1,47,20,27
42972,1,108,36,72
42973,1,568,282,286
42974,1,3490,5195,-1705
42975,1,351,32,319
42976,1,37,25,12
42977,1,164,103,61
42978,1,24,45,-21
42979,1,15,31,-16
42980,1,48,16,32
42981,1,15,18,-3
42982,1,18,9,9
42983,1,386,1070,-684
42985,1,29,19,10
42986,1,443,281,162
42987,1,23,20,3
42988,1,29,19,10
42989,1,110,6,104
42990,1,14,60,-46
42991,1,9,294,-285
42992,1,24,28,-4
42993,1,354,266,88
42994,1,1386,27,1359
42995,1,855,485,370
42996,1,27,37,-10
42997,1,13,3,10
42998,1,5,10,-5
42999,1,107,42,65
43000,1,2007,193,1814
43001,1,24,106,-82
43002,1,6,52,-46
43003,1,13,12,1
43004,1,71,1,70
43005,1,26,19,7
43007,1,380,345,35
43008,1,104,1081,-977
43009,1,125,11,114
43010,1,27,29,-2
43011,1,62,165,-103
43012,1,19,43,-24
43013,1,6,27,-21
43014,1,10421,5739,4682
43015,1,4873,1390,3483
43017,1,55,16,39
43018,1,17,6,11
43019,1,11,8,3
43020,1,82,201,-119
43021,1,154,77,77
43022,1,37,31,6
43023,1,14,23,-9
43024,1,36,85,-49
43025,1,59,32,27
43026,1,32,15,17
43027,1,630,694,-64
43028,1,81,90,-9
43029,1,48,26,22
43030,1,25,111,-86
43032,1,35,81,-46
43033,1,55,45,10
43034,1,1779,427,1352
43036,1,165,118,47
43037,1,19,87,-68
43038,1,52,52,0
43039,1,90,66,24
43040,1,1206,6436,-5230
43041,1,112,57,55
43043,1,11,23,-12
43044,1,180,139,41
43045,1,72,81,-9
43047,1,36,17,19
43048,1,203,13,190
43049,1,3,21,-18
43050,1,3,30,-27
43051,1,7,26,-19
43052,1,844,75,769
43053,1,30,197,-167
43054,1,245,97,148
43055,1,25,31,-6
43056,1,54,67,-13
43057,1,60,1,59
43058,1,229,51,178
43059,1,55,33,22
43060,1,633,227,406
43061,1,30,62,-32
43062,1,114,40,74
43063,1,43,15,28
43065,1,36,75,-39
43066,1,793,467,326
43067,1,204,202,2
43068,1,215,330,-115
43069,1,47,1,46
43070,1,58,31,27
43071,1,1180,630,550
43072,1,68,163,-95
43073,1,11,27,-16
43074,1,7,6,1
43075,1,7,11,-4
43076,1,3,1,2
43078,1,44,211,-167
43079,1,10,4,6
43080,1,40,44,-4
43081,1,112,25,87
43082,1,26,28,-2
43084,1,64,62,2
43085,1,335,344,-9
43086,1,52,21,31
43087,1,34,0,34
43088,1,65,20,45
43089,1,276,652,-376
43090,1,36,24,12
43091,1,6,11,-5
43092,1,1901,898,1003
43093,1,54,152,-98
43095,1,19,29,-10
43096,1,216,7,209
43097,1,75,68,7
43098,1,303,215,88
43099,1,749,244,505
43100,1,22,11,11
43101,1,255,729,-474
43102,1,402,37,365
43103,1,46,113,-67
43104,1,346,140,206
43105,1,155,194,-39
43106,1,30,2,28
43107,1,200,146,54
43108,1,22,46,-24
43109,1,168,87,81
43110,1,133,115,18
43111,1,134,339,-205
43112,1,111,97,14
43113,1,6007,34,5973
43114,1,57,27,30
43115,1,86,153,-67
43116,1,1185,186,999
43117,1,265,311,-46
43118,1,3,14,-11
43119,1,20,47,-27
43120,1,46,16,30
43121,1,13,1,12
43122,1,61,295,-234
43123,1,67,234,-167
43124,1,1214,232,982
43126,1,153,46,107
43127,1,41,4,37
43128,1,141,77,64
43129,1,54,33,21
43130,1,10,24,-14
43131,1,144,114,30
43132,1,142,72,70
43133,1,1028,632,396
43134,1,58,225,-167
43135,1,179,90,89
43136,1,1874,461,1413
43137,1,99,118,-19
43138,1,209,574,-365
43139,1,159,54,105
43140,1,2,2,0
43141,1,22,130,-108
43142,1,43,7,36
43143,1,79,51,28
43144,1,1062,1452,-390
43145,1,2,16,-14
43146,1,26,128,-102
43147,1,134,62,72
43148,1,43,29,14
43149,1,12,9,3
43150,1,1632,73,1559
43151,1,2808,2020,788
43152,1,161,73,88
43153,1,7,13,-6
43154,1,103,22,81
43155,1,69,11,58
43156,1,2,4,-2
43157,1,1,11,-10
43158,1,67,85,-18
43159,1,30,88,-58
43160,1,3,9,-6
43161,1,3,11,-8
43162,1,15,13,2
43163,1,54,118,-64
43164,1,67,91,-24
43165,1,116,74,42
43166,1,75,39,36
43167,1,10,28,-18
43168,1,1112,650,462
43169,1,1,0,1
43170,1,2,4,-2
43171,1,1443,143,1300
43173,1,80,60,20
43174,1,56,58,-2
43175,1,728,215,513
43176,1,1830,186,1644
43177,1,29,39,-10
43178,1,83,25,58
43179,1,150,116,34
43180,1,496,48,448
43182,1,80,201,-121
43183,1,54,29,25
43184,1,184,515,-331
43185,1,38,11,27
43186,1,17,68,-51
43187,1,41,42,-1
43188,1,282,93,189
43189,1,64,70,-6
43190,1,60,28,32
43191,1,46,47,-1
43192,1,44,37,7
43193,1,76,54,22
43194,1,11,18,-7
43195,1,19,1,18
43196,1,273,21,252
43197,1,51,48,3
43198,1,37,47,-10
43199,1,301,128,173
43200,1,17,11,6
43202,1,6,1,5
43204,1,41,18,23
43205,1,98,21,77
43207,1,10,6,4
43208,1,8,15,-7
43209,1,725,43,682
43210,1,174,321,-147
43211,1,71,80,-9
43212,1,28,62,-34
43213,1,70,43,27
43214,1,47,16,31
43215,1,165,91,74
43216,1,78,254,-176
43217,1,59,43,16
43218,1,8,42,-34
43219,1,214,157,57
43220,1,152,73,79
43221,1,17,36,-19
43222,1,33,53,-20
43223,1,70,3,67
43224,1,116,12,104
43225,1,1566,2172,-606
43226,1,142,35,107
43227,1,48,56,-8
43228,1,1,5,-4
43229,1,10,12,-2
43230,1,6,52,-46
43231,1,14,40,-26
43232,1,76,33,43
43233,1,891,1,890
43234,1,122,61,61
43235,1,196,44,152
43236,1,2,10,-8
43237,1,117,101,16
43239,1,103,84,19
43240,1,149,11,138
43241,1,806,1600,-794
43242,1,24,11,13
43243,1,81,50,31
43244,1,199,124,75
43246,1,145,118,27
43247,1,98,29,69
43248,1,116,79,37
43249,1,55,28,27
43250,1,6,23,-17
43251,1,54,37,17
43252,1,5,1,4
43253,1,66,120,-54
43254,1,61,83,-22
43255,1,160,57,103
43256,1,34,17,17
43257,1,694,140,554
43258,1,1,4,-3
43259,1,79,97,-18
43262,1,244,55,189
43264,1,34,11,23
43265,1,3,121,-118
43266,1,3,1,2
43267,1,2,3,-1
43268,1,90,49,41
43269,1,174,113,61
43271,1,297,363,-66
43272,1,346,65,281
43273,1,61,15,46
43274,1,38,19,19
43275,1,126,256,-130
43276,1,28,223,-195
43277,1,47,16,31
43278,1,37,19,18
43279,1,150,76,74
43280,1,100,42,58
43281,1,250,235,15
43282,1,62,157,-95
43283,1,6,9,-3
43284,1,830,248,582
43285,1,25,219,-194
43286,1,1066,156,910
43287,1,53,2,51
43288,1,24,1,23
43289,1,138,77,61
43290,1,168,343,-175
43291,1,16,10,6
43292,1,607,153,454
43293,1,251,108,143
43294,1,11,30,-19
43295,1,1796,606,1190
43297,1,57,240,-183
43299,1,620,1834,-1214
43300,1,398,87,311
43301,1,240,82,158
43302,1,13,2,11
43303,1,11,51,-40
43304,1,1954,214,1740
43305,1,56,211,-155
43306,1,65,112,-47
43307,1,122,76,46
43308,1,34,4,30
43309,1,226,124,102
43310,1,26,125,-99
43311,1,172,7,165
43312,1,1,23,-22
43313,1,2,3,-1
43314,1,115,143,-28
43315,1,32,62,-30
43316,1,50,25,25
43317,1,81,20,61
43318,1,76,25,51
43320,1,52,35,17
43321,1,14,5,9
43322,1,4379,858,3521
43323,1,143,17,126
43325,1,13,28,-15
43326,1,29,47,-18
43327,1,544,101,443
43328,1,34,26,8
43329,1,44,41,3
43330,1,316,134,182
43331,1,326,301,25
43332,1,36,87,-51
43333,1,38,4,34
43334,1,9,5,4
43335,1,11,120,-109
43336,1,65,50,15
43337,1,1,3,-2
43338,1,211,111,100
43339,1,2259,410,1849
43340,1,150,104,46
43341,1,1,1,0
43342,1,27,42,-15
43343,1,11,23,-12
43344,1,286,164,122
43345,1,21,73,-52
43347,1,144,54,90
43348,1,40,46,-6
43349,1,41,22,19
43350,1,92,17,75
43351,1,111,102,9
43352,1,14,12,2
43353,1,367,568,-201
43354,1,13,1,12
43355,1,5,10,-5
43356,1,52,39,13
43357,1,7,14,-7
43358,1,198,296,-98
43359,1,288,88,200
43360,1,177,206,-29
43361,1,242,120,122
43362,1,78,22,56
43363,1,82,27,55
43364,1,8,21,-13
43365,1,78,29,49
43366,1,109,1,108
43367,1,75,533,-458
43368,1,11584,6969,4615
43369,1,99,44,55
43370,1,16,19,-3
43371,1,21,50,-29
43372,1,1,13,-12
43373,1,6,15,-9
43374,1,43,66,-23
43375,1,93,75,18
43376,1,614,165,449
43377,1,27,43,-16
43379,1,111,138,-27
43380,1,6,6,0
43382,1,13,28,-15
43383,1,65,77,-12
43384,1,222,169,53
43385,1,2,3,-1
43386,1,33,26,7
43387,1,2,8,-6
43388,1,2,8,-6
43389,1,24,80,-56
43390,1,393,568,-175
43391,1,31,15,16
43392,1,9,14,-5
43393,1,6,9,-3
43394,1,41,46,-5
43395,1,385,423,-38
43396,1,59,54,5
43397,1,62,28,34
43398,1,766,546,220
43399,1,244,550,-306
43400,1,177,53,124
43401,1,19,21,-2
43402,1,253,211,42
43403,1,147,57,90
43404,1,843,458,385
43405,1,330,141,189
43406,1,2324,1087,1237
43407,1,175,78,97
43408,1,257,141,116
43409,1,75,75,0
43410,1,190,287,-97
43411,1,26,21,5
43412,1,3271,5817,-2546
43413,1,1037,74,963
43415,1,30,15,15
43416,1,22,8,14
43417,1,73,59,14
43419,1,55,55,0
43420,1,90,0,90
43421,1,1,44,-43
43422,1,45,65,-20
43423,1,9,1,8
43424,1,6,23,-17
43425,1,35,68,-33
43426,1,225,86,139
43427,1,21,32,-11
43428,1,6,29,-23
43429,1,45,16,29
43430,1,32,83,-51
43431,1,17,26,-9
43434,1,1,5,-4
43435,1,458,166,292
43436,1,30,12,18
43437,1,1749,404,1345
43438,1,24,68,-44
43439,1,39,8,31
43440,1,71,12,59
43441,1,384,64,320
43442,1,121,144,-23
43444,1,58,33,25
43445,1,34,41,-7
43447,1,1051,11,1040
43448,1,165,747,-582
43449,1,241,36,205
43450,1,4682,2932,1750
43451,1,170,319,-149
43452,1,158,181,-23
43453,1,11,25,-14
43454,1,915,420,495
43455,1,123,53,70
43456,1,282,115,167
43457,1,27,49,-22
43458,1,4908,2516,2392
43459,1,18,66,-48
43460,1,68,80,-12
43461,1,130,36,94
43462,1,256,233,23
43463,1,6532,4108,2424
43464,1,1386,599,787
43465,1,2,8,-6
43467,1,252,23,229
43468,1,56,14,42
43469,1,23,11,12
43470,1,81,13,68
43471,1,440,70,370
43472,1,105,40,65
43474,1,260,35,225
43475,1,38,51,-13
43476,1,115,57,58
43477,1,27,2,25
43478,1,37,58,-21
43479,1,143,411,-268
43480,1,134,206,-72
43481,1,11,21,-10
43482,1,10,20,-10
43483,1,210,148,62
43484,1,265,1492,-1227
43485,1,83,109,-26
43486,1,31,31,0
43487,1,976,509,467
43488,1,577,11,566
43489,1,38,26,12
43490,1,49,8,41
43491,1,516,315,201
43492,1,254,275,-21
43493,1,549,772,-223
43494,1,52,28,24
43495,1,7,1,6
43496,1,506,88,418
43497,1,98,127,-29
43498,1,38,26,12
43500,1,264,332,-68
43501,1,8421,5514,2907
43502,1,31,58,-27
43503,1,324983,8516,316467
43504,1,52,60,-8
43505,1,108,22,86
43506,1,61,11,50
43507,1,292,452,-160
43508,1,125,120,5
43509,1,195,71,124
43510,1,53,13,40
43511,1,300,201,99
43512,1,2001,1060,941
43513,1,70,92,-22
43514,1,61,44,17
43515,1,9,4,5
43517,1,233,28,205
43519,1,244,35,209
43520,1,21,47,-26
43521,1,5,9,-4
43522,1,1747,2090,-343
43523,1,88,321,-233
43524,1,22,48,-26
43525,1,230,290,-60
43526,1,414,73,341
43527,1,17,29,-12
43528,1,30,10,20
43529,1,73,69,4
43530,1,125,137,-12
43531,1,10,40,-30
43532,1,4,24,-20
43533,1,1,2,-1
43534,1,105,57,48
43535,1,24,64,-40
43536,1,49,81,-32
43537,1,19,6,13
43538,1,362,314,48
43539,1,70,38,32
43540,1,6498,7955,-1457
43541,1,6,26,-20
43542,1,12,12,0
43543,1,7,34,-27
43545,1,52,113,-61
43546,1,1,3,-2
43547,1,8,0,8
43548,1,100,19,81
43549,1,223,169,54
43550,1,109,38,71
43551,1,189,82,107
43552,1,352,35,317
43553,1,97,186,-89
43554,1,79,214,-135
43555,1,349,457,-108
43556,1,326,3,323
43557,1,65,53,12
43560,1,338,260,78
43561,1,40,36,4
43562,1,317,137,180
43563,1,90,33,57
43564,1,40,16,24
43565,1,65,61,4
43566,1,221,28,193
43567,1,1411,835,576
43568,1,4800,687,4113
43569,1,7,29,-22
43570,1,17,6,11
43571,1,15,14,1
43572,1,5,1,4
43573,1,2504,396,2108
43574,1,2,12,-10
43575,1,50,12,38
43576,1,450,497,-47
43577,1,5,17,-12
43578,1,452,9,443
43579,1,24,15,9
43580,1,100,99,1
43581,1,103,38,65
43582,1,24,19,5
43583,1,928,604,324
43584,1,2991,2015,976
43586,1,43,45,-2
43587,1,3,13,-10
43588,1,96,20,76
43589,1,13040,15,13025
43590,1,83,31,52
43591,1,11,76,-65
43592,1,8,9,-1
43593,1,30,8,22
43594,1,57,20,37
43595,1,6,4,2
43596,1,67,40,27
43597,1,53,9,44
43598,1,2477,228,2249
43599,1,101,98,3
43600,1,219,219,0
43601,1,17,2,15
43602,1,1185,57,1128
43603,1,32,84,-52
43604,1,29,40,-11
43605,1,86,21,65
43606,1,48,13,35
43607,1,305,243,62
43608,1,75,23,52
43609,1,471,204,267
43610,1,139,336,-197
43611,1,2,26,-24
43612,1,7,19,-12
43613,1,137,35,102
43614,1,543,213,330
43615,1,1118,585,533
43617,1,31,75,-44
43618,1,68,73,-5
43619,1,44,79,-35
43620,1,75,102,-27
43621,1,40,78,-38
43622,1,131,77,54
43623,1,58,52,6
43624,1,78,63,15
43625,1,3,7,-4
43626,1,24,41,-17
43627,1,198,108,90
43628,1,1069,782,287
43629,1,55,91,-36
43630,1,281,893,-612
43631,1,13,26,-13
43632,1,213,16,197
43633,1,309,48,261
43634,1,25,7,18
43635,1,52,14,38
43636,1,136,78,58
43637,1,659,476,183
43638,1,1270,820,450
43639,1,14,19,-5
43640,1,1,15,-14
43641,1,4517,1446,3071
43642,1,178,381,-203
43643,1,8,22,-14
43644,1,456,82,374
43645,1,210,94,116
43646,1,20,25,-5
43647,1,88,32,56
43648,1,64,18,46
43649,1,18,1,17
43650,1,9,3,6
43651,1,166,68,98
43652,1,192,24,168
43653,1,73,38,35
43654,1,18,43,-25
43655,1,24,29,-5
43656,1,16,36,-20
43657,1,34,252,-218
43658,1,134,65,69
43659,1,27,27,0
43660,1,1516,667,849
43661,1,1,6,-5
43662,1,532,369,163
43663,1,2,30,-28
43664,1,321,38,283
43665,1,155,118,37
43666,1,23,61,-38
43667,1,622,252,370
43668,1,123,75,48
43669,1,606,264,342
43670,1,86,22,64
43671,1,5,19,-14
43672,1,5,7,-2
43673,1,8,23,-15
43674,1,11,102,-91
43675,1,96,75,21
43676,1,294,213,81
43677,1,69,53,16
43678,1,47,196,-149
43679,1,66,86,-20
43680,1,199,41,158
43682,1,88,11,77
43683,1,6,6,0
43684,1,79,97,-18
43685,1,42,68,-26
43687,1,427,34,393
43688,1,431,5,426
43689,1,211,21,190
43690,1,2483,672,1811
43691,1,9,24,-15
43692,1,65,34,31
43693,1,17,17,0
43694,1,662,176,486
43695,1,29,11,18
43696,1,475,65,410
43698,1,120695,107239,13456
43699,1,7515,137,7378
43700,1,3785,876,2909
43701,1,130,65,65
43702,1,268,37,231
43703,1,169,59,110
43704,1,17,7,10
43705,1,366,403,-37
43706,1,86,34,52
43707,1,2103,156,1947
43708,1,1,23,-22
43709,1,196,745,-549
43710,1,2794,1004,1790
43711,1,301,71,230
43712,1,17,34,-17
43713,1,23,20,3
43714,1,206,326,-120
43715,1,39,1,38
43716,1,80,202,-122
43717,1,147,55,92
43718,1,127,33,94
43720,1,6,109,-103
43721,1,3137,538,2599
43722,1,119,72,47
43723,1,80,17,63
43724,1,19,28,-9
43725,1,9,36,-27
43726,1,22,2,20
43727,1,9,1,8
43728,1,2334,1650,684
43729,1,160,92,68
43730,1,22,8,14
43731,1,146,242,-96
43732,1,993,270,723
43733,1,772,63,709
43734,1,268,161,107
43735,1,135,212,-77
43736,1,45,12,33
43737,1,7,286,-279
43738,1,27,30,-3
43739,1,122,121,1
43740,1,111,49,62
43741,1,50,22,28
43742,1,29,26,3
43743,1,163,313,-150
43744,1,190,79,111
43746,1,3111,949,2162
43747,1,233,213,20
43748,1,860,628,232
43749,1,546,265,281
43750,1,30,31,-1
43751,1,199,60,139
43752,1,126,87,39
43753,1,163,85,78
43754,1,28,29,-1
43755,1,74,34,40
43756,1,55,2814,-2759
43757,1,30,35,-5
43759,1,2,1,1
43761,1,111,79,32
43762,1,13,34,-21
43763,1,9,127,-118
43764,1,80,8,72
43765,1,113,107,6
43766,1,765,612,153
43767,1,2,8,-6
43768,1,99,10,89
43769,1,3996,3652,344
43770,1,44,211,-167
43771,1,6,21,-15
43772,1,13,11,2
43773,1,189,129,60
43774,1,227,473,-246
43775,1,6,14,-8
43776,1,266,56,210
43777,1,9,11,-2
43778,1,1120,975,145
43779,1,136,82,54
43780,1,39,5,34
43781,1,108,165,-57
43782,1,346,675,-329
43783,1,88,51,37
43784,1,245,182,63
43786,1,6,32,-26
43787,1,195,268,-73
43788,1,166,89,77
43789,1,123,60,63
43790,1,311,727,-416
43791,1,151,305,-154
43792,1,7,10,-3
43793,1,1,2,-1
43794,1,4146,3639,507
43795,1,6489,1792,4697
43796,1,75,10,65
43797,1,143,78,65
43798,1,629,187,442
43799,1,210,157,53
43800,1,57,51,6
43801,1,136,28,108
43802,1,18,20,-2
43803,1,123,93,30
43804,1,13,16,-3
43805,1,57,30,27
43806,1,48,39,9
43807,1,10,106,-96
43809,1,24,20,4
43810,1,72,272,-200
43811,1,16,6,10
43813,1,33,23,10
43814,1,186,221,-35
43815,1,110,154,-44
43816,1,17,53,-36
43817,1,26,44,-18
43818,1,453,707,-254
43819,1,8,25,-17
43820,1,20,34,-14
43821,1,27,84,-57
43822,1,58,110,-52
43823,1,13279,8230,5049
43824,1,80,60,20
43825,1,3,10,-7
43826,1,5,16,-11
43827,1,84,78,6
43828,1,100,2919,-2819
43829,1,52,71,-19
43830,1,123,16,107
43831,1,8,7,1
43832,1,1,3,-2
43833,1,286,59,227
43834,1,21,8,13
43835,1,12,34,-22
43836,1,9,24,-15
43837,1,555,114,441
43838,1,3217,121,3096
43839,1,81,4,77
43840,1,1753,980,773
43841,1,641,360,281
43842,1,1,47,-46
43843,1,58,41,17
43844,1,2,5,-3
43845,1,50,66,-16
43846,1,9,2,7
43847,1,50,19,31
43848,1,11,2,9
43849,1,1,1,0
43850,1,86,86,0
43851,1,9,6,3
43852,1,892,460,432
43853,1,2449,2193,256
43854,1,473,64,409
43855,1,40,29,11
43856,1,440,46,394
43857,1,49,35,14
43858,1,1,8,-7
43859,1,972,497,475
43860,1,81,39,42
43861,1,17,25,-8
43864,1,21,22,-1
43865,1,39,131,-92
43866,1,236,128,108
43867,1,3450,1756,1694
43868,1,19,32,-13
43869,1,4564,1439,3125
43871,1,33,7,26
43872,1,96,29,67
43873,1,1,1,0
43874,1,30,49,-19
43875,1,1230,413,817
43876,1,872,401,471
43877,1,699,228,471
43878,1,35,81,-46
43880,1,244,147,97
43881,1,112,56,56
43882,1,15,9,6
43883,1,2113,95,2018
43884,1,125,81,44
43885,1,595,227,368
43886,1,193,112,81
43887,1,7,11,-4
43888,1,163,127,36
43890,1,22,6,16
43891,1,39,108,-69
43892,1,312,247,65
43893,1,514,209,305
43894,1,901,1182,-281
43895,1,114,4,110
43896,1,210,154,56
43897,1,80,40,40
43898,1,52,55,-3
43899,1,63,15,48
43900,1,5,57,-52
43901,1,51,6,45
43902,1,205,45,160
43903,1,11739,10032,1707
43904,1,21,2,19
43905,1,8,1,7
43906,1,872,1,871
43907,1,1882,1239,643
43908,1,10218,2433,7785
43909,1,22,19,3
43910,1,53,5,48
43911,1,479,561,-82
43912,1,131,56,75
43913,1,132,230,-98
43914,1,56,21,35
43915,1,145,29,116
43916,1,32,43,-11
43917,1,205,41,164
43920,1,150,59,91
43921,1,215,37,178
43922,1,46,105,-59
43923,1,39,54,-15
43924,1,1292,185,1107
43925,1,31,35,-4
43927,1,65,55,10
43929,1,200,22,178
43930,1,4,3,1
43932,1,87,336,-249
43933,1,346,133,213
43934,1,73,82,-9
43935,1,148,101,47
43936,1,9,9,0
43937,1,77,7,70
43938,1,74,19,55
43939,1,28,4,24
43941,1,110,30,80
43943,1,7391,4770,2621
43944,1,46,95,-49
43945,1,29,16,13
43946,1,16,23,-7
43947,1,164,194,-30
43948,1,16,25,-9
43949,1,48,16,32
43950,1,6,10,-4
43951,1,323,273,50
43952,1,205,138,67
43953,1,138,40,98
43954,1,4210,120,4090
43955,1,4375,2548,1827
43956,1,40,96,-56
43957,1,12,18,-6
43958,1,25,26,-1
43959,1,211,37,174
43960,1,129,211,-82
43961,1,823,520,303
43962,1,87,99,-12
43963,1,19,35,-16
43965,1,2,16,-14
43967,1,76,807,-731
43968,1,50,8,42
43969,1,14,58,-44
43970,1,405,5,400
43971,1,30,19,11
43972,1,1904,1580,324
43973,1,64,18,46
43975,1,29,175,-146
43976,1,412,262,150
43977,1,29,47,-18
43978,1,409,152,257
43979,1,42,8,34
43980,1,4669,3148,1521
43981,1,87,44,43
43982,1,73,9,64
43983,1,15,17,-2
43984,1,45,205,-160
43985,1,12,19,-7
43986,1,23,10,13
43987,1,134,100,34
43988,1,146,46,100
43989,1,104,92,12
43990,1,20,46,-26
43991,1,38,83,-45
43992,1,4645,1223,3422
43994,1,22,15,7
43995,1,115,121,-6
43996,1,407,119,288
43997,1,86,90,-4
43998,1,19,42,-23
44000,1,706,166,540
44001,1,140,78,62
44002,1,6886,3007,3879
44003,1,139,53,86
44004,1,532,226,306
44005,1,29,119,-90
44008,1,29,59,-30
44009,1,161,127,34
44010,1,428,246,182
44012,1,110,50,60
44013,1,128,44,84
44014,1,84,85,-1
44015,1,29,38,-9
44016,1,7,1,6
44017,1,14,10,4
44018,1,11,29,-18
44019,1,244,178,66
44020,1,14,4,10
44021,1,1526,313,1213
44022,1,80,3,77
44023,1,1,66,-65
44024,1,58,32,26
44025,1,205,13,192
44026,1,52,31,21
44027,1,892,412,480
44028,1,15,4,11
44029,1,105,103,2
44030,1,181,266,-85
44031,1,507,660,-153
44032,1,37,16,21
44034,1,51,9,42
44035,1,325,294,31
44036,1,58,43,15
44037,1,77,9,68
44038,1,167,161,6
44039,1,5,1,4
44040,1,170,72,98
44041,1,16,4,12
44042,1,144,194,-50
44043,1,116,51,65
44044,1,85,116,-31
44045,1,2,18,-16
44046,1,107,79,28
44047,1,35,25,10
44048,1,109,112,-3
44049,1,30,95,-65
44050,1,534,172,362
44051,1,16,35,-19
44052,1,2,13,-11
44054,1,153,32,121
44055,1,11,38,-27
44056,1,175,88,87
44057,1,82,26,56
44058,1,4103,1360,2743
44059,1,225,78,147
44061,1,90,5,85
44062,1,405,175,230
44063,1,328,79,249
44065,1,10,8,2
44066,1,60,49,11
44067,1,47,99,-52
44068,1,38,42,-4
44069,1,82,5,77
44070,1,87,40,47
44071,1,186,146,40
44072,1,65,131,-66
44073,1,319,134,185
44074,1,41,5,36
44075,1,2,10,-8
44076,1,28,32,-4
44077,1,130,74,56
44078,1,139,263,-124
44079,1,296,147,149
44080,1,189,125,64
44081,1,2565,957,1608
44082,1,331,53,278
44083,1,300,173,127
44084,1,99,52,47
44085,1,1,53,-52
44086,1,143,60,83
44088,1,61,30,31
44089,1,19,24,-5
44090,1,3,22,-19
44091,1,47,3,44
44092,1,16,37,-21
44093,1,8,13,-5
44094,1,15,9,6
44095,1,690,482,208
44096,1,71,20,51
44097,1,86,43,43
44098,1,19,61,-42
44101,1,139,88,51
44102,1,5485,1229,4256
44103,1,465,330,135
44104,1,7,15,-8
44105,1,38,79,-41
44106,1,136,85,51
44107,1,29,28,1
44108,1,34,24,10
44109,1,54,54,0
44110,1,245,59,186
44111,1,42,7,35
44112,1,95,28,67
44113,1,209,126,83
44114,1,1110,734,376
44115,1,2683,3022,-339
44116,1,67,63,4
44117,1,111,67,44
44118,1,50,111,-61
44119,1,880,440,440
44120,1,1,2,-1
44121,1,37,23,14
44122,1,22,5,17
44123,1,1523,175,1348
44124,1,238,58,180
44125,1,540,179,361
44126,1,71,128,-57
44127,1,82,40,42
44128,1,15,18,-3
44129,1,7,7,0
44130,1,43,31,12
44131,1,40,42,-2
44132,1,164,66,98
44133,1,1117,352,765
44134,1,203,220,-17
44135,1,1079,1103,-24
44136,1,76,23,53
44137,1,48,65,-17
44138,1,257,8,249
44139,1,46,140,-94
44140,1,105,9,96
44141,1,159,85,74
44142,1,40,35,5
44143,1,471,905,-434
44145,1,204,76,128
44146,1,43,28,15
44147,1,10,33,-23
44148,1,138,14,124
44149,1,40,38,2
44150,1,94,213,-119
44151,1,26,25,1
44152,1,315,296,19
44153,1,47,26,21
44154,1,45,93,-48
44155,1,1078,238,840
44156,1,8,8,0
44158,1,1199,399,800
44159,1,3,3,0
44160,1,19,12,7
44161,1,3,18,-15
44162,1,96,58,38
44163,1,107,21,86
44165,1,197,160,37
44166,1,113,67,46
44167,1,212,717,-505
44168,1,129,26,103
44169,1,164,39,125
44170,1,61,30,31
44171,1,33,31,2
44173,1,32,20,12
44174,1,31,42,-11
44175,1,118,190,-72
44176,1,15,33,-18
44177,1,6,4,2
44178,1,153,147,6
44179,1,150,42,108
44180,1,83,126,-43
44181,1,96,9,87
44182,1,148,57,91
44183,1,37,21,16
44184,1,8443,9049,-606
44185,1,113,53,60
44186,1,43,182,-139
44187,1,23,26,-3
44188,1,1912,800,1112
44189,1,159,127,32
44190,1,40,31,9
44191,1,24,5,19
44193,1,38,16,22
44194,1,21,28,-7
44196,1,25,23,2
44197,1,2,7,-5
44198,1,49,1,48
44199,1,380,105,275
44200,1,748,364,384
44201,1,3,8,-5
44202,1,65,71,-6
44203,1,53,37,16
44204,1,52,38,14
44205,1,78,7,71
44206,1,26,10,16
44207,1,436,968,-532
44208,1,697,61,636
44209,1,106,80,26
44210,1,45,34,11
44212,1,152,48,104
44213,1,16,50,-34
44214,1,4,7,-3
44215,1,73,52,21
44216,1,185,406,-221
44217,1,135,24,111
44219,1,212,128,84
44220,1,125,83,42
44221,1,37,16,21
44222,1,852,1373,-521
44223,1,14,12,2
44224,1,11,33,-22
44225,1,3,1,2
44226,1,663,582,81
44227,1,72,86,-14
44228,1,7,12,-5
44229,1,358,61,297
44230,1,424,74,350
44231,1,111,16,95
44232,1,1382,254,1128
44233,1,33,14,19
44234,1,14,6,8
44235,1,3283,1151,2132
44236,1,136,57,79
44237,1,29,56,-27
44238,1,3,29,-26
44239,1,40,26,14
44240,1,35,6,29
44241,1,756,620,136
44244,1,160,32,128
44245,1,131,615,-484
44246,1,24,16,8
44247,1,21,25,-4
44248,1,30,21,9
44249,1,238,130,108
44250,1,99,211,-112
44252,1,27,34,-7
44253,1,167,63,104
44254,1,101,33,68
44255,1,62,90,-28
44256,1,86,20,66
44257,1,142,113,29
44258,1,16,52,-36
44259,1,56,57,-1
44260,1,24,34,-10
44261,1,162,104,58
44262,1,255,116,139
44263,1,3,6,-3
44264,1,225,149,76
44265,1,3189,3506,-317
44266,1,6,4,2
44267,1,224,175,49
44268,1,82,101,-19
44270,1,116,20,96
44271,1,72,14,58
44272,1,50,15,35
44273,1,87,70,17
44274,1,3711,2335,1376
44276,1,23,34,-11
44277,1,34,36,-2
44278,1,120,71,49
44279,1,4,22,-18
44280,1,170,53,117
44281,1,215,325,-110
44282,1,45,33,12
44283,1,128,123,5
44284,1,193,98,95
44285,1,418,57,361
44286,1,5428,4690,738
44287,1,18,25,-7
44288,1,537,188,349
44289,1,572,244,328
44290,1,21,19,2
44291,1,5,3,2
44292,1,4,7,-3
44293,1,2,40,-38
44294,1,13,3,10
44295,1,17,30,-13
44296,1,12,1,11
44297,1,28,17,11
44299,1,515,374,141
44300,1,5636,3596,2040
44301,1,18,24,-6
44302,1,148,330,-182
44303,1,540,368,172
44304,1,14,7,7
44305,1,64,48,16
44306,1,38,1,37
44307,1,3,2,1
44308,1,15,8,7
44309,1,1316,273,1043
44310,1,4,49,-45
44311,1,283,178,105
44312,1,15,84,-69
44313,1,53,178,-125
44314,1,94,18,76
44316,1,528,380,148
44317,1,7,2,5
44318,1,27,35,-8
44319,1,68,51,17
44321,1,112,7,105
44322,1,106,59,47
44323,1,17,59,-42
44324,1,20,6,14
44325,1,28,98,-70
44326,1,96,51,45
44328,1,56,27,29
44329,1,221,118,103
44330,1,405,25,380
44331,1,4,49,-45
44332,1,41,48,-7
44333,1,17,5,12
44334,1,157,97,60
44335,1,27,8,19
44336,1,24,4,20
44337,1,7,25,-18
44338,1,8,2,6
44339,1,16,14,2
44340,1,30,19,11
44341,1,3847,1425,2422
44342,1,41,4,37
44343,1,46,18,28
44344,1,1223,311,912
44345,1,334,534,-200
44346,1,1873,143,1730
44347,1,181,25,156
44348,1,39,12,27
44349,1,14,9,5
44350,1,74,16,58
44351,1,2,19,-17
44352,1,54,16,38
44354,1,14,10,4
44355,1,70,19,51
44356,1,48,147,-99
44357,1,2712,1799,913
44358,1,3,7,-4
44360,1,495,478,17
44361,1,2,24,-22
44362,1,80,1740,-1660
44363,1,140,24,116
44364,1,112,84,28
44365,1,102,32,70
44366,1,30,21,9
44368,1,47,38,9
44369,1,518,291,227
44370,1,13,1,12
44371,1,155,310,-155
44372,1,132,38,94
44373,1,244,126,118
44374,1,58,10,48
44375,1,39,0,39
44376,1,214,142,72
44377,1,13,70,-57
44378,1,57,383,-326
44379,1,1009,805,204
44380,1,97,94,3
44381,1,468,373,95
44382,1,60,61,-1
44383,1,44,72,-28
44385,1,30,16,14
44386,1,1,42,-41
44387,1,4672,534,4138
44388,1,149,118,31
44389,1,137,127,10
44390,1,3,14,-11
44391,1,23,34,-11
44392,1,16,7,9
44393,1,55,25,30
44394,1,50,94,-44
44395,1,108,78,30
44396,1,107,42,65
44397,1,30,20,10
44398,1,104,55,49
44399,1,107,56,51
44400,1,2202,3364,-1162
44401,1,645,320,325
44403,1,41,65,-24
44404,1,8,47,-39
44405,1,78,8,70
44406,1,542,52,490
44407,1,551,279,272
44408,1,24,10,14
44409,1,51,17,34
44410,1,15071,6988,8083
44411,1,58,51,7
44413,1,1,3,-2
44414,1,129,127,2
44415,1,17,56,-39
44416,1,13,18,-5
44417,1,6305,1410,4895
44419,1,123,92,31
44420,1,496,53,443
44422,1,77,95,-18
44423,1,141,51,90
44424,1,9,30,-21
44425,1,29,18,11
44426,1,41,213,-172
44427,1,261,64,197
44428,1,10,7,3
44429,1,352,207,145
44430,1,548,608,-60
44431,1,78,37,41
44432,1,146,126,20
44433,1,8,8,0
44434,1,8,28,-20
44435,1,302,311,-9
44436,1,11,4,7
44437,1,5628,3692,1936
44438,1,165,19,146
44439,1,8346,6550,1796
44440,1,182,17,165
44441,1,58,25,33
44443,1,133,295,-162
44446,1,25,26,-1
44447,1,1,17,-16
44448,1,267,1499,-1232
44449,1,13,98,-85
44450,1,313,298,15
44451,1,3,83,-80
44452,1,264,198,66
44453,1,11,50,-39
44454,1,44,28,16
44455,1,646,280,366
44456,1,8,20,-12
44457,1,134,71,63
44458,1,24,55,-31
44459,1,1677,49,1628
44461,1,24,35,-11
44463,1,146,292,-146
44464,1,10,24,-14
44465,1,4,2,2
44466,1,88,39,49
44469,1,291,146,145
44470,1,1176,301,875
44471,1,13,24,-11
44472,1,199,213,-14
44473,1,26,13,13
44474,1,213,105,108
44475,1,29,23,6
44476,1,152,94,58
44477,1,120,28,92
44478,1,20,11,9
44479,1,88,4,84
44480,1,76,36,40
44481,1,140,58,82
44482,1,6,1,5
44483,1,20,1,19
44484,1,239,119,120
44485,1,49,31,18
44486,1,389,234,155
44487,1,83,21,62
44488,1,871,848,23
44489,1,501,93,408
44490,1,46,51,-5
44491,1,14,13,1
44492,1,57,85,-28
44493,1,3,2,1
44494,1,134,107,27
44495,1,18,57,-39
44496,1,3,9,-6
44497,1,30,1,29
44498,1,148,106,42
44499,1,3,18,-15
44500,1,35,42,-7
44501,1,95,64,31
44502,1,66,88,-22
44503,1,1301,593,708
44504,1,162,40,122
44506,1,41,23,18
44507,1,8,7,1
44508,1,6,22,-16
44509,1,377,7,370
44510,1,36,68,-32
44511,1,14,63,-49
44512,1,111375,1248,110127
44513,1,1921,1278,643
44514,1,7,22,-15
44515,1,18,44,-26
44518,1,7,72,-65
44519,1,49,28,21
44520,1,146,56,90
44521,1,177,205,-28
44522,1,367,244,123
44524,1,7,12,-5
44525,1,70,88,-18
44526,1,21,81,-60
44527,1,104,42,62
44528,1,66,23,43
44529,1,162,207,-45
44530,1,144,84,60
44532,1,228,38,190
44533,1,844,148,696
44534,1,420,241,179
44535,1,99,73,26
44536,1,116,55,61
44537,1,46,52,-6
44538,1,11,7,4
44539,1,30,98,-68
44540,1,59,6,53
44541,1,5,9,-4
44542,1,62,2945,-2883
44543,1,12,325,-313
44544,1,125,274,-149
44546,1,55,1,54
44547,1,12,8,4
44548,1,977,772,205
44549,1,42,14,28
44550,1,37,21,16
44551,1,179,138,41
44552,1,475,111,364
44554,1,23,21,2
44555,1,84,77,7
44556,1,75,217,-142
44557,1,256,82,174
44558,1,297,228,69
44559,1,13,51,-38
44560,1,13,43,-30
44561,1,78,27,51
44562,1,17,28,-11
44563,1,18,0,18
44564,1,58,11,47
44565,1,36,27,9
44566,1,248,294,-46
44567,1,42,2,40
44568,1,1,38,-37
44569,1,8,5,3
44570,1,56,113,-57
44571,1,140,82,58
44572,1,20,62,-42
44573,1,70,38,32
44574,1,640,506,134
44576,1,662,427,235
44577,1,598,322,276
44578,1,6,14,-8
44579,1,49,21,28
44580,1,50,73,-23
44582,1,29,192,-163
44583,1,64,113,-49
44584,1,184,103,81
44585,1,77,25,52
44586,1,297,83,214
44587,1,50,99,-49
44588,1,19812,13766,6046
44589,1,41,44,-3
44590,1,5,19,-14
44591,1,6,21,-15
44592,1,815,1094,-279
44593,1,29,32,-3
44594,1,36,53,-17
44595,1,92,11,81
44596,1,173,107,66
44597,1,60,55,5
44598,1,145,5,140
44599,1,144,11,133
44600,1,17,10,7
44601,1,1086,218,868
44602,1,27,18,9
44603,1,98,11,87
44604,1,28,25,3
44606,1,249,329,-80
44607,1,141,39,102
44609,1,517,171,346
44610,1,35,62,-27
44611,1,9,34,-25
44612,1,107,53,54
44613,1,62,75,-13
44614,1,68,76,-8
44615,1,8,4,4
44616,1,145,14,131
44617,1,790,413,377
44618,1,30,4,26
44619,1,303,91,212
44620,1,230,159,71
44621,1,215,91,124
44622,1,214,87,127
44623,1,107,6,101
44624,1,87,61,26
44625,1,3,62,-59
44626,1,1737,502,1235
44627,1,86,148,-62
44628,1,28,4,24
44629,1,171,65,106
44630,1,84,109,-25
44631,1,2,13,-11
44632,1,168,73,95
44633,1,36,24,12
44634,1,25,15,10
44635,1,230,156,74
44636,1,1897,3468,-1571
44637,1,118,95,23
44638,1,492,574,-82
44639,1,33,4,29
44640,1,6,6,0
44641,1,33,16,17
44642,1,57,47,10
44643,1,141,63,78
44644,1,346,119,227
44645,1,10,20,-10
44646,1,30,11,19
44647,1,638,427,211
44648,1,341,182,159
44649,1,3,4,-1
44650,1,351,12,339
44651,1,67,602,-535
44652,1,38,35,3
44653,1,12,10,2
44654,1,74,64,10
44655,1,11,6,5
44656,1,115,53,62
44657,1,59,56,3
44658,1,1,13,-12
44659,1,692,297,395
44661,1,4306,3246,1060
44662,1,372,51,321
44663,1,194,125,69
44664,1,9,4,5
44665,1,782,500,282
44666,1,7,850,-843
44667,1,29,9,20
44668,1,52,158,-106
44669,1,63,45,18
44670,1,4,49,-45
44671,1,8,6,2
44672,1,28,236,-208
44673,1,54,72,-18
44674,1,69,87,-18
44675,1,62,7,55
44676,1,568,137,431
44677,1,228,654,-426
44678,1,172,13,159
44680,1,99,47,52
44681,1,277,160,117
44682,1,989,461,528
44683,1,863,765,98
44684,1,53,37,16
44685,1,2379,1973,406
44686,1,110,76,34
44688,1,357,535,-178
44689,1,29,19,10
44690,1,19,37,-18
44691,1,4,46,-42
44692,1,86,144,-58
44693,1,2048,952,1096
44694,1,57,71,-14
44695,1,17,8,9
44696,1,23,15,8
44697,1,1590,1083,507
44698,1,193,180,13
44699,1,10,1,9
44700,1,39,9,30
44701,1,1024,187,837
44702,1,1491,1979,-488
44703,1,57,37,20
44704,1,34,61,-27
44705,1,105,165,-60
44706,1,457,400,57
44707,1,22,13,9
44708,1,13,23,-10
44709,1,6421,5594,827
44710,1,616,66,550
44711,1,21,3,18
44712,1,235,693,-458
44713,1,1744,1459,285
44714,1,173,89,84
44715,1,115,82,33
44716,1,1145,614,531
44717,1,88,21,67
44718,1,4,17,-13
44719,1,81,79,2
44720,1,190,93,97
44722,1,51,13,38
44723,1,23,40,-17
44724,1,118,17,101
44726,1,828,603,225
44727,1,25,9,16
44728,1,30,10,20
44729,1,1917,1286,631
44730,1,2359,2502,-143
44731,1,60,35,25
44733,1,3171,3411,-240
44735,1,35,5,30
44736,1,27,49,-22
44738,1,27,100,-73
44739,1,237,78,159
44740,1,12537,324,12213
44741,1,222,224,-2
44742,1,469,701,-232
44743,1,184,133,51
44744,1,47,53,-6
44745,1,844,1194,-350
44746,1,80,8,72
44747,1,15,15,0
44748,1,2357,3810,-1453
44751,1,19,0,19
44752,1,9,26,-17
44754,1,8,8,0
44755,1,26,37,-11
44756,1,225,400,-175
44757,1,2222,7,2215
44758,1,109,62,47
44759,1,57,77,-20
44760,1,1452,1030,422
44761,1,25,36,-11
44762,1,17,21,-4
44763,1,66,6,60
44764,1,58,71,-13
44765,1,13,23,-10
44766,1,284,85,199
44767,1,75,56,19
44768,1,43,82,-39
44769,1,15,64,-49
44770,1,860,211,649
44771,1,162,151,11
44772,1,158,3,155
44773,1,82,21,61
44774,1,258,204,54
44775,1,999,165,834
44776,1,6,10,-4
44777,1,12,33,-21
44779,1,148,311,-163
44781,1,33,28,5
44782,1,48,22,26
44783,1,139,53,86
44785,1,107,80,27
44786,1,92,93,-1
44787,1,5,8,-3
44788,1,2944,1619,1325
44789,1,79,76,3
44790,1,34,4,30
44791,1,2,8,-6
44792,1,65,244,-179
44793,1,48,65,-17
44794,1,244,22,222
44795,1,25,10,15
44796,1,177,99,78
44797,1,3,6,-3
44798,1,50,62,-12
44799,1,14,2,12
44801,1,4090,6227,-2137
44802,1,4622,2622,2000
44803,1,155,9,146
44804,1,197,191,6
44805,1,371,385,-14
44806,1,297,9,288
44808,1,37,4,33
44809,1,321,170,151
44810,1,452,310,142
44812,1,17,4,13
44813,1,37,63,-26
44814,1,42,18,24
44815,1,54,64,-10
44816,1,400,40,360
44817,1,25,61,-36
44818,1,905,688,217
44819,1,1502,929,573
44820,1,115,138,-23
44821,1,70,269,-199
44822,1,3549,1845,1704
44823,1,53,74,-21
44824,1,49,38,11
44825,1,67,19,48
44826,1,21,66,-45
44827,1,1,1,0
44828,1,222,4,218
44830,1,1304,650,654
44831,1,46,11,35
44832,1,45,50,-5
44833,1,128,89,39
44834,1,62,16,46
44835,1,97,76,21
44836,1,7,575,-568
44837,1,5120,1279,3841
44838,1,1336,830,506
44839,1,126,108,18
44840,1,23,39,-16
44841,1,200,107,93
44842,1,9,12,-3
44843,1,5,11,-6
44844,1,48,30,18
44845,1,95,26,69
44846,1,4,45,-41
44847,1,8,27,-19
44848,1,63,25,38
44849,1,7,2,5
44850,1,216,10,206
44851,1,47,63,-16
44852,1,75,61,14
44853,1,5,6,-1
44854,1,78,87,-9
44855,1,396,172,224
44856,1,38,47,-9
44857,1,159,92,67
44858,1,8,4,4
44859,1,207,76,131
44860,1,5,35,-30
44861,1,510,373,137
44864,1,1125,1126,-1
44866,1,2201,1052,1149
44867,1,66,39,27
44868,1,232,200,32
44869,1,2050,251,1799
44870,1,471,293,178
44871,1,338,1151,-813
44872,1,239,4,235
44873,1,939,39,900
44874,1,1,2,-1
44875,1,2687,235,2452
44876,1,24,30,-6
44877,1,17,13,4
44878,1,20,11,9
44879,1,118,140,-22
44880,1,76,47,29
44881,1,13,26,-13
44882,1,336,192,144
44883,1,11,54,-43
44884,1,176,141,35
44885,1,105,60,45
44886,1,35,29,6
44887,1,8,23,-15
44888,1,8,11,-3
44890,1,29,14,15
44891,1,73,11,62
44892,1,357,80,277
44893,1,16,36,-20
44894,1,30,76,-46
44895,1,28,362,-334
44896,1,175,18,157
44897,1,79,80,-1
44898,1,1231,668,563
44899,1,674,406,268
44900,1,27,55,-28
44901,1,11,16,-5
44902,1,96,421,-325
44903,1,170,55,115
44904,1,18,9,9
44905,1,8,2,6
44906,1,222,29,193
44907,1,185,166,19
44908,1,191,69,122
44910,1,29,4,25
44911,1,61,31,30
44912,1,1939,794,1145
44913,1,7,3,4
44914,1,145,109,36
44915,1,170,115,55
44917,1,1,2,-1
44918,1,29,35,-6
44919,1,2539,222,2317
44920,1,1630,2651,-1021
44921,1,155,100,55
44922,1,8,7,1
44923,1,228,230,-2
44924,1,9,15,-6
44925,1,2,34,-32
44926,1,32,14,18
44927,1,12,5,7
44928,1,513,366,147
44929,1,83,46,37
44930,1,181,147,34
44931,1,103,120,-17
44933,1,2,27,-25
44934,1,5599,828,4771
44935,1,4,4,0
44936,1,76,21,55
44939,1,176,140,36
44940,1,11,46,-35
44941,1,65,136,-71
44942,1,68,60,8
44943,1,17,5,12
44944,1,30,91,-61
44945,1,1272,78,1194
44946,1,456,434,22
44949,1,51,145,-94
44950,1,59,70,-11
44953,1,162,90,72
44954,1,75,144,-69
44955,1,572,237,335
44956,1,2381,2524,-143
44957,1,16,6,10
44959,1,30,111,-81
44960,1,140,96,44
44961,1,66,186,-120
44962,1,580,27,553
44963,1,3,18,-15
44964,1,48,16,32
44965,1,286,236,50
44966,1,328,261,67
44967,1,73,10,63
44968,1,607,376,231
44969,1,7,4,3
44970,1,214,81,133
44971,1,1,15,-14
44972,1,67,18,49
44973,1,299,60,239
44974,1,360,1012,-652
44975,1,120,50,70
44978,1,70,224,-154
44979,1,377,654,-277
44980,1,10,2,8
44981,1,30,17,13
44982,1,51,39,12
44983,1,45,42,3
44984,1,12,13,-1
44985,1,1053,106,947
44986,1,27,30,-3
44987,1,348,220,128
44988,1,185,57,128
44990,1,39,102,-63
44991,1,306,159,147
44992,1,157,337,-180
44994,1,69,51,18
44995,1,1429,26,1403
44996,1,133,21,112
44998,1,1899,449,1450
45000,1,39,29,10
45001,1,349,206,143
45002,1,73,86,-13
45003,1,422,389,33
45004,1,69,104,-35
45005,1,243,62,181
45006,1,16,5,11
45007,1,6,16,-10
45008,1,530,321,209
45009,1,2283,918,1365
45010,1,72,43,29
45011,1,6,1,5
45012,1,98,28,70
45013,1,122,62,60
45014,1,14,8,6
45015,1,219,70,149
45016,1,195,20,175
45017,1,472,204,268
45018,1,26,6,20
45019,1,13,32,-19
45020,1,81,67,14
45021,1,8,4,4
45022,1,8,8,0
45023,1,92,68,24
45024,1,3,10,-7
45025,1,227,103,124
45026,1,386,129,257
45027,1,14,13,1
45028,1,86,52,34
45030,1,1914,359,1555
45031,1,156,37,119
45032,1,97,2,95
45033,1,2984,3691,-707
45034,1,52,22,30
45035,1,115,79,36
45036,1,146,9,137
45038,1,110,109,1
45039,1,55,24,31
45040,1,6155,4772,1383
45041,1,211,87,124
45042,1,5698,1499,4199
45043,1,114,15,99
45045,1,6,16,-10
45046,1,7,70,-63
45047,1,91,24,67
45048,1,20,9,11
45049,1,156,98,58
45050,1,88,115,-27
45052,1,187,106,81
45053,1,3,11,-8
45054,1,14,11,3
45055,1,31,57,-26
45056,1,767,470,297
45057,1,20,19,1
45059,1,8,1,7
45060,1,15,4,11
45061,1,20,15,5
45062,1,88,10,78
45063,1,2,2,0
45064,1,58,61,-3
45065,1,1058,476,582
45066,1,61,24,37
45068,1,22,32,-10
45069,1,7730,4116,3614
45070,1,84,69,15
45071,1,8,16,-8
45072,1,115,36,79
45074,1,8,21,-13
45075,1,41,20,21
45076,1,574,467,107
45077,1,41,6,35
45078,1,290,54,236
45079,1,13,55,-42
45080,1,586,554,32
45081,1,3009,154,2855
45082,1,32,36,-4
45083,1,10,27,-17
45084,1,17,47,-30
45085,1,46,5,41
45086,1,1023,133,890
45087,1,8,35,-27
45088,1,56,72,-16
45089,1,1723,4360,-2637
45090,1,449,253,196
45091,1,13,10,3
45092,1,388,19,369
45093,1,39,1,38
45094,1,25,11,14
45095,1,17,5,12
45096,1,22,9,13
45097,1,26,39,-13
45098,1,846,181,665
45099,1,223,196,27
45100,1,492,41,451
45102,1,15,6,9
45103,1,49,145,-96
45104,1,90,6,84
45105,1,102,28,74
45106,1,5,6,-1
45107,1,11,7,4
45108,1,15,5,10
45109,1,6,4,2
45110,1,5,6,-1
45111,1,27,30,-3
45112,1,40,23,17
45113,1,223,44,179
45115,1,142,87,55
45116,1,142,141,1
45117,1,1284,215,1069
45118,1,99,95,4
45119,1,4,8,-4
45120,1,57,12,45
45121,1,407,134,273
45122,1,16,27,-11
45123,1,10,42,-32
45124,1,94,81,13
45125,1,92,106,-14
45126,1,283,192,91
45127,1,375,901,-526
45128,1,10,45,-35
45129,1,9,5,4
45130,1,43,82,-39
45131,1,63,97,-34
45132,1,14,104,-90
45133,1,816,582,234
45134,1,18,1,17
45135,1,685,453,232
45136,1,96,1,95
45137,1,2310,3037,-727
45138,1,37,11,26
45139,1,11,61,-50
45140,1,50,23,27
45141,1,6,3,3
45142,1,45,33,12
45143,1,1,5,-4
45144,1,40,23,17
45145,1,487,119,368
45146,1,24,63,-39
45147,1,5,11,-6
45148,1,40,43,-3
45149,1,1656,156,1500
45150,1,127,211,-84
45151,1,66,34,32
45152,1,49,50,-1
45153,1,1,26,-25
45154,1,108,47,61
45155,1,273,180,93
45156,1,109106,2572,106534
45157,1,124,176,-52
45158,1,353,121,232
45159,1,679,670,9
45160,1,17,35,-18
45161,1,63,34,29
45162,1,5202,5562,-360
45163,1,20,12,8
45164,1,5,44,-39
45166,1,122,37,85
45167,1,2478,660,1818
45168,1,2,3,-1
45170,1,144,46,98
45171,1,8,20,-12
45172,1,5,4,1
45173,1,4639,1012,3627
45174,1,3,14,-11
45175,1,345,202,143
45176,1,103,70,33
45179,1,71,25,46
45180,1,668,261,407
45181,1,107,37,70
45183,1,78,150,-72
45184,1,45,11,34
45185,1,67,1,66
45186,1,13,4,9
45188,1,125,195,-70
45189,1,32,26,6
45190,1,223,544,-321
45191,1,43,13,30
45192,1,52,88,-36
45193,1,9,14,-5
45194,1,38,29,9
45195,1,171,130,41
45196,1,603,1431,-828
45197,1,952,1903,-951
45199,1,449,440,9
45200,1,6688,89,6599
45201,1,19,35,-16
45202,1,72,78,-6
45204,1,11,24,-13
45206,1,29,6,23
45207,1,460,417,43
45208,1,264,21,243
45209,1,33,39,-6
45210,1,14,21,-7
45211,1,3,4,-1
45212,1,16,46,-30
45213,1,35,14,21
45214,1,734,241,493
45215,1,184,59,125
45216,1,70,103,-33
45217,1,10,3,7
45218,1,14,85,-71
45219,1,1,10,-9
45221,1,418,102,316
45222,1,32,50,-18
45223,1,308,330,-22
45224,1,36,15,21
45225,1,11,8,3
45226,1,84,37,47
45227,1,231,127,104
45228,1,4,11,-7
45229,1,90,42,48
45230,1,2210,920,1290
45231,1,52,1,51
45232,1,487,541,-54
45233,1,52,136,-84
45234,1,8,6,2
45237,1,34,3,31
45238,1,550,149,401
45239,1,1004,306,698
45240,1,63,65,-2
45241,1,344,174,170
45242,1,96,5,91
45243,1,649,195,454
45244,1,58,27,31
45245,1,57,6,51
45246,1,139,120,19
45247,1,110,96,14
45248,1,167,195,-28
45249,1,68,17,51
45250,1,34,14,20
45251,1,321,230,91
45252,1,67,86,-19
45253,1,982,2916,-1934
45254,1,36,36,0
45255,1,89,75,14
45257,1,2058,2130,-72
45258,1,569,451,118
45259,1,5,61,-56
45260,1,111,70,41
45261,1,220,163,57
45262,1,20,48,-28
45263,1,985,792,193
45265,1,12,35,-23
45266,1,274,123,151
45267,1,52,36,16
45269,1,71,50,21
45270,1,260,303,-43
45271,1,70,37,33
45272,1,26,15,11
45273,1,71,44,27
45274,1,3946,4030,-84
45275,1,1039,137,902
45276,1,70,29,41
45277,1,67,82,-15
45278,1,13,17,-4
45279,1,90,33,57
45280,1,5,74,-69
45281,1,212,198,14
45282,1,22,20,2
45283,1,23,34,-11
45284,1,105,226,-121
45285,1,27,5,22
45286,1,5,12,-7
45288,1,1561,1348,213
45289,1,3,2,1
45290,1,269,497,-228
45291,1,49,43,6
45292,1,12,5,7
45293,1,21,272,-251
45294,1,4,2,2
45295,1,74,61,13
45296,1,1129,150,979
45297,1,150,182,-32
45298,1,1073,217,856
45299,1,19,36,-17
45300,1,29,55,-26
45301,1,122,16,106
45302,1,75,75,0
45303,1,152,59,93
45304,1,3096,936,2160
45305,1,243,1402,-1159
45306,1,16,30,-14
45307,1,5,3,2
45308,1,15,10,5
45309,1,1,278,-277
45310,1,139,82,57
45311,1,115,24,91
45312,1,183,95,88
45313,1,102,3,99
45315,1,21,3,18
45316,1,19,9,10
45317,1,143,48,95
45318,1,640,406,234
45319,1,119,50,69
45320,1,69,69,0
45321,1,3,6,-3
45322,1,103,78,25
45323,1,34,21,13
45324,1,2387,436,1951
45325,1,104,51,53
45326,1,44,50,-6
45327,1,3,13,-10
45329,1,3150,922,2228
45331,1,63,16,47
45332,1,35,55,-20
45333,1,54,81,-27
45334,1,76,28,48
45335,1,130,101,29
45336,1,19,11,8
45337,1,4987,3611,1376
45338,1,85,56,29
45339,1,22,211,-189
45340,1,187,31,156
45341,1,559,197,362
45343,1,609,667,-58
45344,1,239,222,17
45345,1,2,7,-5
45346,1,62,117,-55
45347,1,14,45,-31
45348,1,677,303,374
45349,1,92,29,63
45350,1,3,9,-6
45351,1,78,16,62
45352,1,52,68,-16
45353,1,37,14,23
45354,1,85,627,-542
45355,1,74,108,-34
45356,1,216,92,124
45357,1,104,100,4
45358,1,421,317,104
45359,1,426,82,344
45360,1,286,357,-71
45361,1,112,21,91
45362,1,55,40,15
45363,1,44,33,11
45364,1,445,161,284
45365,1,362,108,254
45366,1,248,92,156
45367,1,48,25,23
45368,1,7,28,-21
45369,1,756,481,275
45370,1,20,70,-50
45371,1,415,91,324
45372,1,19,7,12
45374,1,21,31,-10
45375,1,89,31,58
45376,1,89,46,43
45378,1,416,142,274
45379,1,14,8,6
45380,1,50,18,32
45381,1,24,52,-28
45382,1,10,7,3
45383,1,8,19,-11
45386,1,8,32,-24
45387,1,71,48,23
45388,1,2153,656,1497
45389,1,115,135,-20
45390,1,13,13,0
45392,1,42,47,-5
45393,1,65,46,19
45394,1,15,109,-94
45396,1,3,20,-17
45397,1,398,97,301
45398,1,8,10,-2
45400,1,35,8,27
45401,1,232,151,81
45402,1,3,1,2
45404,1,24,33,-9
45406,1,101,170,-69
45408,1,3272,3443,-171
45409,1,222,6,216
45411,1,113,133,-20
45412,1,77,101,-24
45413,1,81,6,75
45414,1,92,345,-253
45415,1,94,87,7
45416,1,57,46,11
45417,1,8,12,-4
45418,1,38,1,37
45419,1,1284,1594,-310
45421,1,85,239,-154
45422,1,853,613,240
45423,1,23,7,16
45424,1,13,17,-4
45425,1,41,150,-109
45426,1,227,242,-15
45428,1,5,2,3
45429,1,675,450,225
45430,1,38,5,33
45431,1,26,36,-10
45432,1,18,18,0
45433,1,25,17,8
45434,1,80,12,68
45435,1,76,95,-19
45436,1,5,10,-5
45437,1,41,55,-14
45438,1,62,20,42
45439,1,1071,865,206
45440,1,4,9,-5
45441,1,662,619,43
45442,1,39,41,-2
45443,1,90,21,69
45444,1,38,52,-14
45445,1,38,83,-45
45446,1,986,481,505
45447,1,9,1,8
45448,1,89,63,26
45449,1,1985,826,1159
45450,1,1013,258,755
45451,1,22,7,15
45452,1,2,7,-5
45453,1,1509,1060,449
45454,1,404,473,-69
45455,1,160,97,63
45456,1,64,30,34
45457,1,17,31,-14
45459,1,40,35,5
45460,1,22,99,-77
45461,1,6,12,-6
45462,1,58,80,-22
45463,1,273,230,43
45466,1,6,3,3
45467,1,248,425,-177
45468,1,102,177,-75
45469,1,8120,3235,4885
45470,1,66,63,3
45471,1,3214,217,2997
45472,1,5,3,2
45473,1,120,120,0
45474,1,205,72,133
45475,1,71,361,-290
45476,1,10,25,-15
45477,1,1983,1141,842
45478,1,458,355,103
45480,1,454,255,199
45481,1,9,17,-8
45482,1,55,24,31
45483,1,135,14,121
45484,1,27,5,22
45485,1,6,16,-10
45486,1,89,92,-3
45487,1,8,26,-18
45488,1,44,68,-24
45489,1,321,254,67
45490,1,3299,536,2763
45491,1,30,34,-4
45492,1,37,45,-8
45493,1,115,25,90
45494,1,65,231,-166
45495,1,7,7,0
45496,1,5,19,-14
45497,1,1,11,-10
45500,1,592,447,145
45501,1,755,422,333
45502,1,1397,669,728
45503,1,206,211,-5
45504,1,56,31,25
45505,1,3,27,-24
45506,1,1111,1626,-515
45507,1,70,71,-1
45508,1,60,56,4
45510,1,11,12,-1
45511,1,66,55,11
45512,1,247,44,203
45513,1,2119,502,1617
45514,1,1263,244,1019
45515,1,71,120,-49
45516,1,8,10,-2
45518,1,200,21,179
45519,1,8,64,-56
45520,1,225,306,-81
45521,1,359,433,-74
45522,1,122,154,-32
45523,1,2,9,-7
45524,1,1,19,-18
45525,1,11,24,-13
45526,1,29,11,18
45529,1,1297,732,565
45530,1,10,44,-34
45531,1,25,74,-49
45532,1,793,344,449
45533,1,26,19,7
45534,1,78,7,71
45535,1,40,91,-51
45536,1,218,136,82
45537,1,51,25,26
45538,1,48,28,20
45539,1,5,31,-26
45540,1,13,29,-16
45541,1,460,159,301
45542,1,3,2,1
45543,1,137,45,92
45544,1,65,65,0
45545,1,5405,3500,1905
45546,1,6,42,-36
45547,1,46,21,25
45548,1,96,29,67
45549,1,649,239,410
45550,1,179,6,173
45551,1,17,83,-66
45552,1,15,3,12
45553,1,9,110,-101
45554,1,130,64,66
45555,1,20,15,5
45556,1,2,11,-9
45557,1,55,154,-99
45558,1,11,10,1
45559,1,259,9,250
45560,1,63,78,-15
45561,1,18,10,8
45562,1,13,37,-24
45563,1,487,407,80
45564,1,65,73,-8
45566,1,48,6,42
45567,1,12,16,-4
45568,1,7,2,5
45569,1,7554,7873,-319
45571,1,21,97,-76
45572,1,48,94,-46
45573,1,290,374,-84
45574,1,186,36,150
45575,1,2,8,-6
45576,1,18,19,-1
45577,1,41,38,3
45578,1,284,219,65
45579,1,606,85,521
45580,1,110,13,97
45581,1,88,417,-329
45582,1,103,33,70
45583,1,228,17,211
45584,1,75,60,15
45585,1,909,480,429
45586,1,563,183,380
45588,1,413,456,-43
45589,1,17404,11719,5685
45590,1,190,54,136
45591,1,1088,936,152
45592,1,73,20,53
45594,1,29,59,-30
45595,1,12,18,-6
45596,1,168,38,130
45599,1,127,102,25
45600,1,115,27,88
45601,1,90,15,75
45602,1,28,11,17
45603,1,62,20,42
45604,1,84,46,38
45605,1,89,300,-211
45606,1,126,41,85
45607,1,136,147,-11
45608,1,33,51,-18
45609,1,6,8,-2
45610,1,10,4,6
45611,1,2390,6752,-4362
45612,1,113,67,46
45613,1,143,272,-129
45614,1,43,84,-41
45615,1,158,270,-112
45616,1,33,41,-8
45617,1,2616,1540,1076
45618,1,31,14,17
45619,1,607,366,241
45620,1,34,13,21
45621,1,17,55,-38
45622,1,32,8,24
45623,1,8,8,0
45624,1,309,244,65
45625,1,178,79,99
45627,1,88,272,-184
45628,1,13,1,12
45629,1,706,735,-29
45630,1,16,21,-5
45631,1,19,13,6
45632,1,7,47,-40
45633,1,35,631,-596
45634,1,198,159,39
45635,1,12,35,-23
45636,1,9,2,7
45638,1,16,40,-24
45639,1,1250,511,739
45640,1,103,30,73
45641,1,9,90,-81
45642,1,2331,1788,543
45643,1,36,21,15
45644,1,240,102,138
45646,1,98,20,78
45647,1,13,3,10
45648,1,99,57,42
45649,1,38,22,16
45650,1,668,1674,-1006
45651,1,34,14,20
45652,1,394,133,261
45653,1,16,3,13
45654,1,122,75,47
45655,1,14,16,-2
45656,1,109,37,72
45657,1,511,405,106
45658,1,6,73,-67
45659,1,44,29,15
45660,1,6530,1506,5024
45661,1,17,21,-4
45663,1,68,53,15
45664,1,64,3,61
45665,1,28,2,26
45666,1,107,43,64
45667,1,50,55,-5
45668,1,30,42,-12
45669,1,30,24,6
45670,1,21,113,-92
45671,1,111,35,76
45672,1,29,3,26
45673,1,5,5,0
45674,1,66,94,-28
45675,1,36,66,-30
45676,1,61,71,-10
45677,1,13,32,-19
45678,1,64,4,60
45680,1,351,72,279
45681,1,394,8,386
45682,1,147,65,82
45683,1,37,6,31
45685,1,17,0,17
45686,1,20,14,6
45687,1,760,688,72
45690,1,688,151,537
45691,1,15,7,8
45692,1,240,32,208
45693,1,190,110,80
45694,1,41,41,0
45695,1,34,70,-36
45696,1,791,596,195
45697,1,8,29,-21
45698,1,1214,885,329
45699,1,16,41,-25
45700,1,42,67,-25
45701,1,9,2,7
45702,1,69,20,49
45703,1,10,24,-14
45704,1,34,5,29
45705,1,86,101,-15
45706,1,147,17,130
45707,1,52,63,-11
45708,1,30,31,-1
45709,1,25,28,-3
45710,1,346,242,104
45711,1,134,7,127
45712,1,36,22,14
45713,1,2807,2228,579
45714,1,131,51,80
45715,1,52,22,30
45716,1,1932,366,1566
45717,1,201,124,77
45718,1,2,2,0
45719,1,72,25,47
45720,1,15,144,-129
45721,1,105,183,-78
45722,1,618,547,71
45723,1,16,108,-92
45725,1,156,6,150
45726,1,2117,972,1145
45727,1,4,4,0
45728,1,66,197,-131
45729,1,125,27,98
45730,1,1,17,-16
45731,1,1,10,-9
45732,1,616,400,216
45733,1,44,13,31
45734,1,2990,7840,-4850
45736,1,36,68,-32
45737,1,66,78,-12
45738,1,65,54,11
45739,1,24,134,-110
45740,1,492,355,137
45741,1,10,16,-6
45742,1,166,163,3
45743,1,71,68,3
45744,1,62,44,18
45745,1,868,109,759
45746,1,71,28,43
45747,1,11429,1501,9928
45748,1,188,36,152
45749,1,4,8,-4
45750,1,78,26,52
45751,1,36,33,3
45752,1,308,566,-258
45753,1,200,39,161
45755,1,53,28,25
45756,1,102,236,-134
45757,1,2513,1780,733
45758,1,5,14,-9
45759,1,25,688,-663
45761,1,9,5,4
45762,1,645,484,161
45763,1,1999,200,1799
45764,1,213,32,181
45765,1,99,16,83
45766,1,239,70,169
45768,1,630,436,194
45769,1,42,115,-73
45770,1,144,9,135
45771,1,111,96,15
45772,1,85,49,36
45773,1,5836,4168,1668
45774,1,27,45,-18
45775,1,2642,2886,-244
45776,1,84,73,11
45777,1,9380,9262,118
45778,1,32,32,0
45779,1,1,5,-4
45780,1,52,0,52
45781,1,276,26,250
45782,1,260,104,156
45783,1,136,69,67
45784,1,181,56,125
45785,1,3,14,-11
45786,1,184,138,46
45787,1,111,109,2
45788,1,5,30,-25
45790,1,12,57,-45
45791,1,67,26,41
45792,1,153,304,-151
45793,1,38,44,-6
45794,1,313,645,-332
45795,1,484,43,441
45796,1,861,366,495
45797,1,225,278,-53
45798,1,110526,9147,101379
45799,1,7,8,-1
45800,1,44,191,-147
45801,1,26,39,-13
45802,1,45,15,30
45803,1,38,83,-45
45804,1,40,43,-3
45805,1,19519,11451,8068
45806,1,18,56,-38
45807,1,2713,1528,1185
45808,1,38,21,17
45809,1,17,8,9
45810,1,61,28,33
45811,1,4332,3161,1171
45812,1,4,24,-20
45813,1,11,28,-17
45814,1,1735,23,1712
45815,1,94,339,-245
45816,1,92,116,-24
45817,1,48,60,-12
45818,1,900,828,72
45819,1,35,20,15
45820,1,83,50,33
45821,1,1511,160,1351
45822,1,69,47,22
45823,1,47,3,44
45824,1,53,10,43
45825,1,99,89,10
45827,1,652,122,530
45828,1,73,81,-8
45829,1,25,24,1
45830,1,38,106,-68
45831,1,52,30,22
45832,1,196,112,84
45833,1,173,96,77
45834,1,36,69,-33
45835,1,32,18,14
45837,1,13,122,-109
45838,1,1,91,-90
45839,1,78,40,38
45840,1,8,37,-29
45841,1,27,7,20
45842,1,122,27,95
45843,1,371,132,239
45844,1,36,11,25
45845,1,310,300,10
45846,1,24,9,15
45847,1,49,15,34
45848,1,155,48,107
45850,1,1451,1518,-67
45851,1,4,10,-6
45852,1,215,488,-273
45853,1,5,2,3
45854,1,30,43,-13
45855,1,32,68,-36
45856,1,617,142,475
45857,1,39,39,0
45858,1,335,229,106
45859,1,89,22,67
45860,1,154,96,58
45861,1,64,48,16
45862,1,23,1,22
45863,1,23,16,7
45864,1,74,92,-18
45866,1,353,1674,-1321
45867,1,114,24,90
45868,1,50,39,11
45869,1,561,334,227
45870,1,5,2,3
45871,1,93,42,51
45872,1,147,155,-8
45873,1,24,15,9
45874,1,115,71,44
45875,1,14,23,-9
45876,1,22,34,-12
45877,1,81,157,-76
45878,1,50,61,-11
45879,1,16,5,11
45880,1,14,6,8
45881,1,229,62,167
45882,1,131,354,-223
45883,1,444,542,-98
45884,1,3,5,-2
45885,1,84,81,3
45886,1,1047,232,815
45887,1,8,3,5
45888,1,16,21,-5
45889,1,8,30,-22
45890,1,73,83,-10
45891,1,77,181,-104
45892,1,173,145,28
45893,1,1,96,-95
45894,1,2448,929,1519
45895,1,203,21,182
45896,1,10,4,6
45897,1,60,29,31
45898,1,5,5,0
45899,1,16,8,8
45900,1,68,171,-103
45901,1,1976,876,1100
45902,1,6,40,-34
45903,1,13,10,3
45904,1,63,18,45
45905,1,32,14,18
45906,1,2921,8346,-5425
45907,1,23,23,0
45908,1,3,1,2
45909,1,1331,426,905
45910,1,1,13,-12
45912,1,123,66,57
45913,1,40,59,-19
45914,1,26,20,6
45916,1,73,83,-10
45917,1,29,6,23
45918,1,1312,812,500
45919,1,4,9,-5
45920,1,96,53,43
45921,1,327,1220,-893
45922,1,695,242,453
45923,1,36,68,-32
45924,1,84,12,72
45925,1,76,74,2
45926,1,208,201,7
45927,1,128,78,50
45929,1,1641,778,863
45930,1,331,120,211
45931,1,7,22,-15
45932,1,222,492,-270
45933,1,15,8,7
45934,1,306,946,-640
45935,1,256,105,151
45936,1,138,19,119
45937,1,668,477,191
45938,1,314,123,191
45939,1,139,100,39
45940,1,706,27,679
45941,1,79,9,70
45942,1,172,140,32
45943,1,14,7,7
45944,1,37,84,-47
45945,1,18831,3062,15769
45946,1,190,2,188
45947,1,6,11,-5
45948,1,7,16,-9
45949,1,99,21,78
45950,1,35,34,1
45951,1,630,595,35
45952,1,5,4,1
45953,1,10,1,9
45954,1,20,28,-8
45955,1,47,47,0
45956,1,45,51,-6
45957,1,1191,568,623
45958,1,124,27,97
45959,1,54,69,-15
45960,1,21,81,-60
45961,1,37,13,24
45962,1,27,344,-317
45963,1,23,13,10
45964,1,46,22,24
45965,1,358,504,-146
45966,1,83,22,61
45967,1,23,9,14
45968,1,12,20,-8
45969,1,6,42,-36
45970,1,2,4,-2
45971,1,57,36,21
45972,1,153,141,12
45973,1,12,5,7
45974,1,18,10,8
45975,1,3,24,-21
45976,1,5,22,-17
45977,1,737,1998,-1261
45978,1,25,6,19
45979,1,11,20,-9
45980,1,187,61,126
45981,1,39,26,13
45982,1,43,4,39
45983,1,1129,800,329
45984,1,14,10,4
45985,1,154,64,90
45986,1,45,145,-100
45987,1,107,218,-111
45988,1,6280,3276,3004
45989,1,159,832,-673
45990,1,579,93,486
45991,1,78,22,56
45992,1,195,28,167
45993,1,52,29,23
45994,1,23,9,14
45995,1,186,199,-13
45996,1,13,30,-17
45997,1,2569,1481,1088
45998,1,46,5,41
45999,1,145,40,105
46000,1,313,156,157
46001,1,70,22,48
46002,1,1,4,-3
46003,1,1434,356,1078
46004,1,1597,548,1049
46005,1,1585,660,925
46006,1,62,7,55
46007,1,1732,952,780
46009,1,628,474,154
46010,1,291,94,197
46011,1,160,573,-413
46012,1,69,41,28
46013,1,96,59,37
46014,1,507,217,290
46016,1,9,3,6
46017,1,120,26,94
46018,1,5,188,-183
46019,1,190,355,-165
46020,1,62,77,-15
46021,1,1432,34,1398
46022,1,81,210,-129
46023,1,26,67,-41
46024,1,140,183,-43
46025,1,407,59,348
46026,1,89,33,56
46027,1,11,6,5
46028,1,41,27,14
46029,1,613,89,524
46030,1,224,55,169
46031,1,544,220,324
46032,1,2,5,-3
46034,1,7621,7827,-206
46035,1,1236,256,980
46036,1,4053,48,4005
46037,1,15,107,-92
46038,1,80,11,69
46039,1,7,32,-25
46040,1,29,58,-29
46041,1,177,145,32
46043,1,2,9,-7
46044,1,273,126,147
46045,1,1040,211,829
46046,1,87,49,38
46047,1,47,176,-129
46048,1,39,12,27
46049,1,70,38,32
46050,1,49,10,39
46051,1,236,387,-151
46052,1,554,394,160
46053,1,82,24,58
46054,1,3297,549,2748
46055,1,664,369,295
46057,1,266,130,136
46058,1,5,0,5
46059,1,359,253,106
46060,1,19,10,9
46061,1,51,21,30
46063,1,42,34,8
46064,1,70,29,41
46066,1,109,110,-1
46067,1,53,28,25
46068,1,6302,4892,1410
46069,1,50,5,45
46070,1,2,4,-2
46071,1,27,6,21
46072,1,177,78,99
46073,1,44,106,-62
46074,1,885,557,328
46075,1,30,38,-8
46076,1,3219,2017,1202
46077,1,5,20,-15
46078,1,8,26,-18
46079,1,345,55,290
46080,1,81,497,-416
46081,1,5,4,1
46082,1,213,102,111
46083,1,11,25,-14
46084,1,7,32,-25
46085,1,253,104,149
46086,1,13,10,3
46087,1,57,72,-15
46088,1,54,16,38
46089,1,1464,1164,300
46090,1,26,25,1
46091,1,104,400,-296
46092,1,71,62,9
46093,1,11,6,5
46094,1,813,767,46
46095,1,41,20,21
46096,1,164,71,93
46097,1,1859,336,1523
46098,1,9,9,0
46099,1,427,306,121
46100,1,85,0,85
46101,1,719,453,266
46102,1,53,89,-36
46103,1,64,353,-289
46104,1,127,67,60
46105,1,3,4,-1
46106,1,10,13,-3
46107,1,62,125,-63
46108,1,77,156,-79
46109,1,7,6,1
46110,1,1024,817,207
46111,1,17,20,-3
46112,1,135,109,26
46113,1,628,502,126
46115,1,27,101,-74
46116,1,281,122,159
46117,1,9,30,-21
46118,1,259,720,-461
46119,1,68,44,24
46120,1,27,71,-44
46121,1,34,51,-17
46122,1,6,4,2
46123,1,42,106,-64
46124,1,486,255,231
46125,1,1,7,-6
46126,1,170,23,147
46127,1,103,83,20
46128,1,41,7,34
46129,1,768,55,713
46130,1,7014,2561,4453
46131,1,44,56,-12
46132,1,6134,1641,4493
46133,1,3,1,2
46135,1,67,21,46
46136,1,39,18,21
46138,1,58,25,33
46139,1,39,88,-49
46140,1,123,30,93
46141,1,304,141,163
46142,1,2234,949,1285
46143,1,25,42,-17
46144,1,2,9,-7
46145,1,70,223,-153
46146,1,177,311,-134
46147,1,162,286,-124
46148,1,77,3,74
46149,1,1640,719,921
46150,1,188,569,-381
46151,1,124,307,-183
46152,1,7747,13218,-5471
46153,1,1213,399,814
46154,1,8,14,-6
46155,1,96,18,78
46156,1,96,7,89
46157,1,8,36,-28
46158,1,105,199,-94
46159,1,2398,520,1878
46160,1,4,19,-15
46161,1,152,163,-11
46162,1,216,135,81
46163,1,25,110,-85
46164,1,46,31,15
46165,1,6,10,-4
46166,1,29,18,11
46167,1,190,60,130
46168,1,126,175,-49
46169,1,91,16,75
46171,1,389,1139,-750
46172,1,292,40,252
46173,1,1323,526,797
46174,1,321,248,73
46175,1,66,16,50
46176,1,7,8,-1
46177,1,202,200,2
46178,1,332,169,163
46179,1,328,45,283
46180,1,76,99,-23
46181,1,16,46,-30
46183,1,46,139,-93
46184,1,19,36,-17
46185,1,173,54,119
46186,1,1,27,-26
46187,1,145,138,7
46188,1,8,4,4
46190,1,112,63,49
46191,1,17,48,-31
46192,1,51,15,36
46193,1,31,32,-1
46194,1,86,89,-3
46195,1,604,126,478
46196,1,1108,1989,-881
46197,1,26,27,-1
46198,1,173,57,116
46199,1,125,153,-28
46200,1,104,1,103
46201,1,3,43,-40
46203,1,1010,1097,-87
46204,1,39,14,25
46205,1,52,2,50
46206,1,18,28,-10
46207,1,1602,418,1184
46208,1,187,147,40
46209,1,47,23,24
46210,1,46,66,-20
46211,1,79,45,34
46212,1,9,13,-4
46213,1,167,131,36
46214,1,26,53,-27
46216,1,18,4,14
46217,1,109,5,104
46218,1,12,2,10
46219,1,326,108,218
46220,1,148,148,0
46221,1,87,19,68
46222,1,111,39,72
46223,1,290,360,-70
46224,1,254,264,-10
46225,1,22,5,17
46226,1,55,29,26
46228,1,6172,5622,550
46229,1,194,169,25
46230,1,9,2,7
46231,1,122,62,60
46232,1,333,108,225
46233,1,8,5,3
46234,1,106,123,-17
46235,1,113,171,-58
46236,1,11,12,-1
46237,1,9,25,-16
46238,1,104,4,100
46239,1,105,257,-152
46240,1,13,13,0
46241,1,110,134,-24
46242,1,422,337,85
46243,1,95,99,-4
46244,1,79,31,48
46246,1,7,1,6
46247,1,55,40,15
46248,1,88,338,-250
46250,1,24,89,-65
46251,1,3,18,-15
46252,1,4767,3297,1470
46253,1,34,7,27
46254,1,166,113,53
46256,1,19,70,-51
46257,1,535,50,485
46258,1,69,58,11
46259,1,92,58,34
46260,1,180,58,122
46261,1,2306,137,2169
46262,1,190,187,3
46263,1,127,107,20
46264,1,62,78,-16
46265,1,97,10,87
46266,1,2,4,-2
46267,1,38,26,12
46268,1,26,2,24
46269,1,56,33,23
46270,1,28,18,10
46271,1,129,125,4
46272,1,65,122,-57
46273,1,56,66,-10
46274,1,70,149,-79
46275,1,5,12,-7
46276,1,10,12,-2
46278,1,82,122,-40
46280,1,103,86,17
46281,1,240,106,134
46282,1,48,30,18
46283,1,257,256,1
46284,1,26,10,16
46286,1,101,169,-68
46287,1,8,0,8
46289,1,549,874,-325
46290,1,10,16,-6
46291,1,162,657,-495
46292,1,217,163,54
46293,1,13,27,-14
46296,1,1058,600,458
46297,1,49,72,-23
46299,1,67,28,39
46300,1,933,369,564
46301,1,14,12,2
46303,1,203,191,12
46304,1,1057,801,256
46305,1,1654,1204,450
46306,1,2531,2447,84
46307,1,83,28,55
46308,1,73,69,4
46309,1,318,10,308
46310,1,35,24,11
46311,1,5,39,-34
46312,1,351,315,36
46313,1,120,72,48
46314,1,51,17,34
46315,1,61,9,52
46316,1,17,7,10
46317,1,180,233,-53
46318,1,58,48,10
46319,1,9,37,-28
46320,1,355,77,278
46321,1,722,74,648
46323,1,122,50,72
46324,1,1752,1270,482
46325,1,86,26,60
46326,1,2,8,-6
46327,1,63,15,48
46328,1,28,43,-15
46329,1,249,111,138
46330,1,11,20,-9
46331,1,3,15,-12
46332,1,25,10,15
46333,1,1,21,-20
46334,1,50,46,4
46335,1,13,3,10
46336,1,110,44,66
46337,1,72,8,64
46338,1,131,57,74
46340,1,31,80,-49
46341,1,416,258,158
46342,1,33,22,11
46343,1,130,156,-26
46344,1,111,26,85
46345,1,8,1008,-1000
46346,1,10,18,-8
46347,1,8,42,-34
46348,1,20,2,18
46349,1,42,65,-23
46350,1,192,551,-359
46351,1,523,229,294
46352,1,300,259,41
46353,1,19,1,18
46354,1,41,71,-30
46356,1,94,97,-3
46357,1,20,4,16
46358,1,14,31,-17
46359,1,173,88,85
46360,1,36,5,31
46361,1,14,26,-12
46362,1,24,10,14
46364,1,146,30,116
46365,1,163,207,-44
46367,1,16,10,6
46368,1,6,4,2
46369,1,461,143,318
46370,1,23,10,13
46371,1,9,4,5
46372,1,34,35,-1
46373,1,249,456,-207
46375,1,137,40,97
46376,1,1,36,-35
46377,1,38,7,31
46378,1,17,16,1
46379,1,10,2,8
46380,1,61,281,-220
46381,1,51,13,38
46382,1,12,17,-5
46383,1,29,98,-69
46385,1,2178,1300,878
46386,1,89,240,-151
46387,1,37,45,-8
46388,1,62,207,-145
46389,1,437,126,311
46390,1,10,12,-2
46391,1,61,558,-497
46392,1,127,76,51
46393,1,6,38,-32
46394,1,93,37,56
46395,1,117,4,113
46396,1,335,57,278
46398,1,65,43,22
46399,1,1,2,-1
46400,1,86,28,58
46401,1,22,64,-42
46402,1,343,196,147
46403,1,3,19,-16
46404,1,54,71,-17
46405,1,152,94,58
46406,1,17,33,-16
46407,1,38,17,21
46408,1,155,27,128
46409,1,63,58,5
46410,1,14,21,-7
46411,1,2,10,-8
46413,1,29,101,-72
46414,1,10,47,-37
46415,1,405,331,74
46416,1,294,122,172
46417,1,24,3,21
46418,1,65,47,18
46419,1,117,49,68
46420,1,81,181,-100
46421,1,518,290,228
46422,1,584,527,57
46423,1,56,27,29
46424,1,381,229,152
46425,1,92,136,-44
46426,1,74,34,40
46427,1,2,16,-14
46428,1,364,216,148
46429,1,7,102,-95
46430,1,3019,1644,1375
46431,1,9,10,-1
46432,1,56,48,8
46433,1,119,96,23
46434,1,54,36,18
46435,1,60,33,27
46436,1,5,14,-9
46437,1,35,23,12
46438,1,4,3,1
46439,1,751,159,592
46440,1,252,253,-1
46441,1,95,116,-21
46443,1,336,7,329
46444,1,1,3,-2
46446,1,908,653,255
46447,1,18,33,-15
46448,1,25,442,-417
46449,1,23,7,16
46450,1,50,35,15
46451,1,3,3,0
46452,1,52,351,-299
46453,1,95,115,-20
46454,1,6,75,-69
46455,1,162,60,102
46456,1,87,100,-13
46457,1,19,64,-45
46458,1,15,4,11
46459,1,199,50,149
46460,1,82,19,63
46461,1,22,1,21
46462,1,185,248,-63
46463,1,231,546,-315
46464,1,1205,437,768
46465,1,122,12,110
46466,1,1091,2623,-1532
46467,1,65,116,-51
46468,1,68,12,56
46469,1,19,67,-48
46470,1,42,40,2
46471,1,63,42,21
46472,1,22,33,-11
46473,1,9,16,-7
46475,1,4,0,4
46476,1,21,17,4
46477,1,17,47,-30
46478,1,55,22,33
46479,1,3,133,-130
46480,1,69,100,-31
46481,1,15,31,-16
46482,1,18,6,12
46483,1,181,79,102
46484,1,362,212,150
46485,1,203,145,58
46486,1,52,163,-111
46487,1,91,33,58
46488,1,6,6,0
46489,1,80,63,17
46490,1,197,4,193
46491,1,1595,89,1506
46492,1,292,73,219
46493,1,92,60,32
46494,1,236,298,-62
46495,1,22,4,18
46496,1,4,29,-25
46497,1,50,43,7
46498,1,43,80,-37
46499,1,9,46,-37
46500,1,136,101,35
46501,1,127,78,49
46502,1,16,8,8
46503,1,307,133,174
46504,1,8,23,-15
46505,1,31,4,27
46506,1,75,60,15
46507,1,22,18,4
46508,1,301,1188,-887
46510,1,86,97,-11
46511,1,3,4,-1
46512,1,12,10,2
46513,1,19,66,-47
46514,1,16,215,-199
46515,1,42,61,-19
46516,1,16,23,-7
46517,1,3,13,-10
46518,1,6856,2747,4109
46520,1,37,59,-22
46521,1,660,165,495
46522,1,111,49,62
46523,1,13,10,3
46524,1,373,124,249
46525,1,143,101,42
46526,1,268,498,-230
46527,1,35,91,-56
46528,1,67,32,35
46529,1,1306,655,651
46530,1,24,7,17
46531,1,64,52,12
46532,1,18,11,7
46533,1,17,23,-6
46534,1,61,81,-20
46535,1,84,77,7
46536,1,218,72,146
46537,1,5,6,-1
46538,1,28,18,10
46539,1,183,223,-40
46540,1,120,77,43
46541,1,3,2,1
46542,1,144,19,125
46543,1,72,179,-107
46545,1,5,2,3
46546,1,4,4,0
46547,1,931,389,542
46548,1,11,46,-35
46549,1,690,91,599
46550,1,3,11,-8
46551,1,21,2,19
46552,1,60,126,-66
46553,1,4,4,0
46554,1,15,17,-2
46555,1,155,162,-7
46556,1,7,7,0
46557,1,16,6,10
46559,1,38,4,34
46560,1,47,7,40
46561,1,117,226,-109
46562,1,45,37,8
46563,1,2224,3879,-1655
46564,1,59,12,47
46565,1,57,52,5
46566,1,55,277,-222
46567,1,339,1137,-798
46568,1,28,40,-12
46569,1,14,41,-27
46570,1,32,22,10
46571,1,248,259,-11
46572,1,49,31,18
46573,1,69,6,63
46574,1,6,2,4
46575,1,83,104,-21
46576,1,215,73,142
46577,1,11,7,4
46578,1,2,3,-1
46579,1,66,64,2
46580,1,103,62,41
46581,1,90,163,-73
46582,1,64,117,-53
46583,1,8,3,5
46584,1,2993,844,2149
46585,1,14,42,-28
46586,1,534,109,425
46587,1,16,30,-14
46588,1,105,69,36
46589,1,296,142,154
46591,1,110,12,98
46592,1,77,14,63
46594,1,1779,851,928
46596,1,12,32,-20
46597,1,83,147,-64
46599,1,41,35,6
46600,1,893,710,183
46601,1,11,15,-4
46602,1,305,327,-22
46603,1,26,3,23
46604,1,9,3,6
46605,1,8,30,-22
46606,1,29,16,13
46607,1,8,27,-19
46608,1,73,43,30
46609,1,48,9,39
46610,1,5,17,-12
46611,1,156,102,54
46612,1,668,100,568
46614,1,279,53,226
46615,1,127,108,19
46616,1,52,61,-9
46617,1,170,527,-357
46618,1,8747,2958,5789
46619,1,99,55,44
46620,1,7,23,-16
46621,1,86,25,61
46622,1,94,110,-16
46623,1,52,24,28
46624,1,6866,28642,-21776
46625,1,49,19,30
46626,1,8,39,-31
46628,1,153,66,87
46629,1,17,19,-2
46630,1,410,277,133
46631,1,173,145,28
46632,1,100,139,-39
46633,1,166,51,115
46634,1,3363,2185,1178
46635,1,9,18,-9
46636,1,10,29,-19
46637,1,92,12,80
46638,1,59,50,9
46639,1,8618,5448,3170
46640,1,279,234,45
46641,1,334,123,211
46642,1,1202,609,593
46643,1,113,55,58
46644,1,315,42,273
46645,1,91,27,64
46646,1,1351,254,1097
46647,1,424,285,139
46648,1,108,108,0
46649,1,61,32,29
46650,1,44,55,-11
46651,1,119,86,33
46652,1,57,27,30
46653,1,31,29,2
46654,1,126,48,78
46655,1,94,102,-8
46656,1,110,35,75
46657,1,14,11,3
46658,1,1693,37,1656
46659,1,518,191,327
46660,1,33,10,23
46662,1,144,154,-10
46663,1,42,61,-19
46664,1,253,242,11
46665,1,53,19,34
46666,1,9010,4964,4046
46667,1,8,57,-49
46668,1,6,24,-18
46669,1,6,15,-9
46670,1,55,204,-149
46671,1,131,13,118
46673,1,34,8,26
46674,1,25,143,-118
46675,1,5,14,-9
46676,1,33,17,16
46677,1,8,24,-16
46678,1,171,55,116
46679,1,12,20,-8
46680,1,3249,2551,698
46681,1,208,14,194
46682,1,46,9,37
46683,1,162,148,14
46684,1,9,12,-3
46685,1,2728,1866,862
46686,1,215,238,-23
46687,1,41,71,-30
46688,1,66,8,58
46689,1,74,26,48
46690,1,110,50,60
46691,1,14,5,9
46692,1,90,40,50
46693,1,1,67,-66
46694,1,2,7,-5
46695,1,5164,2432,2732
46696,1,219,145,74
46697,1,25,23,2
46698,1,15,17,-2
46699,1,87,28,59
46700,1,69,58,11
46701,1,1,6,-5
46702,1,19,44,-25
46703,1,60,57,3
46704,1,135,9,126
46705,1,54,29,25
46706,1,3755,8712,-4957
46707,1,219,795,-576
46708,1,8,22,-14
46709,1,3226,1915,1311
46710,1,1576,420,1156
46711,1,624,361,263
46712,1,212,40,172
46713,1,179,49,130
46714,1,604,314,290
46715,1,16,2,14
46716,1,869,255,614
46717,1,2981,2037,944
46718,1,33,30,3
46719,1,461,108,353
46720,1,194,255,-61
46721,1,3,1,2
46722,1,7,19,-12
46723,1,613,299,314
46724,1,173,65,108
46725,1,224,6,218
46726,1,146,117,29
46727,1,41,70,-29
46728,1,104,215,-111
46729,1,25,8,17
46730,1,124,72,52
46731,1,34,2,32
46732,1,21,14,7
46733,1,37,20,17
46734,1,85,4,81
46735,1,62,46,16
46736,1,82,100,-18
46737,1,67,56,11
46738,1,103,116,-13
46739,1,71,62,9
46740,1,67,15,52
46741,1,17,10,7
46742,1,5,10,-5
46743,1,6,20,-14
46744,1,14,17,-3
46746,1,80,404,-324
46747,1,347,14,333
46748,1,4660,882,3778
46749,1,32,107,-75
46750,1,10,6,4
46751,1,274,476,-202
46752,1,54,21,33
46753,1,791,549,242
46754,1,76,82,-6
46755,1,60,25,35
46756,1,105,89,16
46757,1,122,72,50
46758,1,24,85,-61
46759,1,267,58,209
46760,1,18817,10944,7873
46761,1,5256,3421,1835
46762,1,3,155,-152
46763,1,175,136,39
46764,1,82,21,61
46765,1,521,69,452
46766,1,49,92,-43
46767,1,204,16,188
46768,1,34,69,-35
46770,1,186,362,-176
46771,1,248,194,54
46772,1,18,42,-24
46773,1,186,23,163
46774,1,244,95,149
46775,1,67,293,-226
46776,1,45,5,40
46778,1,71,26,45
46779,1,28,18,10
46780,1,583,401,182
46781,1,63,536,-473
46782,1,41,1,40
46783,1,348,262,86
46785,1,58,46,12
46786,1,1449,465,984
46788,1,5,12,-7
46789,1,28,15,13
46790,1,146,22,124
46791,1,42,68,-26
46792,1,2642,1621,1021
46793,1,310,136,174
46794,1,415,592,-177
46795,1,45,24,21
46796,1,55,8,47
46798,1,5,25,-20
46799,1,159,84,75
46801,1,2452,750,1702
46802,1,170,45,125
46803,1,74,36,38
46804,1,234,49,185
46805,1,18,6,12
46806,1,134,150,-16
46808,1,719,249,470
46809,1,372,94,278
46810,1,48,72,-24
46811,1,184,93,91
46812,1,677,180,497
46813,1,30,13,17
46814,1,7,8,-1
46815,1,31,140,-109
46816,1,37,12,25
46817,1,410,189,221
46818,1,44,10,34
46819,1,391,344,47
46820,1,81,19,62
46821,1,441,17,424
46822,1,7,10,-3
46823,1,49,53,-4
46824,1,42,11,31
46825,1,5,23,-18
46826,1,29,108,-79
46827,1,70,44,26
46828,1,103,46,57
46829,1,30,79,-49
46830,1,15,38,-23
46831,1,555,260,295
46832,1,45,141,-96
46833,1,78,49,29
46835,1,271,51,220
46836,1,42,16,26
46837,1,158,114,44
46838,1,52,7,45
46839,1,52,36,16
46841,1,5,27,-22
46842,1,15,41,-26
46843,1,1407,2400,-993
46844,1,1,11,-10
46845,1,39,13,26
46846,1,911,235,676
46847,1,5999,6274,-275
46848,1,8,7,1
46850,1,15830,12035,3795
46851,1,57,110,-53
46852,1,16,19,-3
46853,1,266,89,177
46854,1,44,3343,-3299
46855,1,54,134,-80
46856,1,372,415,-43
46858,1,14,50,-36
46859,1,40,26,14
46860,1,41,149,-108
46861,1,17,15,2
46863,1,15,19,-4
46864,1,28,9,19
46865,1,166,58,108
46866,1,3,23,-20
46867,1,20,30,-10
46868,1,170,184,-14
46869,1,16,47,-31
46870,1,153,142,11
46871,1,306,6,300
46872,1,31,15,16
46873,1,357,294,63
46874,1,6,48,-42
46875,1,45,13,32
46876,1,18,0,18
46877,1,57,96,-39
46878,1,25,34,-9
46879,1,54,188,-134
46880,1,4946,1902,3044
46881,1,23,33,-10
46883,1,32,93,-61
46884,1,265,4,261
46885,1,332,107,225
46886,1,104,19,85
46887,1,931,98,833
46890,1,3131,2192,939
46891,1,222,281,-59
46892,1,115,11,104
46894,1,92,147,-55
46895,1,39,55,-16
46896,1,176,73,103
46897,1,24,9,15
46898,1,63,7,56
46899,1,70,62,8
46900,1,15,6,9
46901,1,95,349,-254
46902,1,19,7,12
46903,1,569,391,178
46904,1,84,40,44
46905,1,28,4,24
46906,1,56,15,41
46907,1,7,5,2
46908,1,373,294,79
46911,1,223,94,129
46912,1,341,385,-44
46913,1,18,17,1
46914,1,259,226,33
46915,1,6,25,-19
46918,1,1730,124,1606
46919,1,642,33,609
46920,1,277,33,244
46921,1,6,41,-35
46922,1,3,58,-55
46923,1,31,47,-16
46924,1,8,50,-42
46925,1,3,12,-9
46926,1,132,96,36
46927,1,33,12,21
46928,1,1430,896,534
46929,1,34,16,18
46930,1,99,42,57
46931,1,1056,221,835
46933,1,52,109,-57
46934,1,1852,1353,499
46935,1,56,146,-90
46937,1,571,297,274
46938,1,24,23,1
46939,1,109,302,-193
46940,1,13,66,-53
46941,1,6,85,-79
46942,1,5,19,-14
46943,1,20,9,11
46944,1,26,34,-8
46945,1,677,803,-126
46946,1,4,2,2
46947,1,139,15,124
46948,1,17,4,13
46949,1,21,38,-17
46950,1,13,5,8
46951,1,5449,4620,829
46952,1,77,334,-257
46953,1,246,114,132
46954,1,197,90,107
46955,1,53,46,7
46956,1,211,911,-700
46957,1,17,48,-31
46958,1,27,66,-39
46959,1,26,47,-21
46960,1,44,4,40
46961,1,891,111,780
46962,1,14,2,12
46964,1,1260,433,827
46966,1,8,17,-9
46967,1,46,20,26
46968,1,9,13,-4
46969,1,196,10,186
46970,1,4,21,-17
46971,1,14,15,-1
46972,1,1395,706,689
46973,1,7,3,4
46974,1,42,21,21
46975,1,98,114,-16
46977,1,61,76,-15
46978,1,1808,1067,741
46979,1,107,141,-34
46980,1,27,4,23
46981,1,49,83,-34
46982,1,4,6,-2
46983,1,12,14,-2
46984,1,20,76,-56
46985,1,301,278,23
46986,1,288,169,119
46987,1,1041,613,428
46989,1,21,17,4
46990,1,14,13,1
46991,1,96,21,75
46992,1,7,19,-12
46993,1,59,101,-42
46994,1,41,48,-7
46995,1,5,12,-7
46996,1,166,100,66
46998,1,420,197,223
46999,1,54,27,27
47000,1,13,14,-1
47001,1,566,165,401
47002,1,2,9,-7
47003,1,20,81,-61
47004,1,84,57,27
47005,1,1280,285,995
47006,1,25,24,1
47007,1,172,57,115
47008,1,36,7,29
47009,1,130,6,124
47010,1,45,574,-529
47011,1,11,3,8
47012,1,5,7,-2
47013,1,448,1641,-1193
47014,1,3339,1377,1962
47015,1,13422,2611,10811
47016,1,8,14,-6
47017,1,120,48,72
47018,1,1130,1437,-307
47019,1,41,25,16
47020,1,558,918,-360
47021,1,50,12,38
47022,1,5,25,-20
47023,1,551,90,461
47024,1,30,68,-38
47025,1,2898,3031,-133
47026,1,135,87,48
47027,1,324,389,-65
47028,1,29,26,3
47029,1,121,192,-71
47030,1,59,19,40
47031,1,14,18,-4
47032,1,398,190,208
47034,1,523,180,343
47035,1,36,26,10
47036,1,76,81,-5
47037,1,7,67,-60
47038,1,324,2,322
47039,1,54,69,-15
47040,1,802,919,-117
47041,1,324595,726,323869
47042,1,1754,2403,-649
47043,1,22,15,7
47044,1,1015,656,359
47045,1,16,10,6
47046,1,4524,31,4493
47047,1,60,65,-5
47048,1,4336,2355,1981
47049,1,30,4,26
47050,1,2,12,-10
47051,1,169,224,-55
47052,1,24,21,3
47053,1,8,22,-14
47054,1,64,30,34
47055,1,108,41,67
47056,1,22,154,-132
47057,1,398,159,239
47058,1,40,17,23
47059,1,53,22,31
47060,1,39,28,11
47061,1,49,3,46
47062,1,110,120,-10
47063,1,37,33,4
47064,1,6,6,0
47065,1,1549,2826,-1277
47066,1,31,222,-191
47067,1,12,1,11
47068,1,439,33,406
47069,1,25,49,-24
47071,1,78,31,47
47072,1,52,16,36
47073,1,56,191,-135
47074,1,297,42,255
47075,1,524,9,515
47076,1,20,42,-22
47077,1,559,83,476
47079,1,153,75,78
47080,1,116,161,-45
47081,1,149,26,123
47082,1,54,18,36
47083,1,34,319,-285
47085,1,140,155,-15
47086,1,70,57,13
47087,1,594,192,402
47088,1,395,441,-46
47089,1,191,47,144
47090,1,6,1,5
47091,1,305,66,239
47092,1,97,71,26
47093,1,20,46,-26
47094,1,9,4,5
47095,1,649,382,267
47096,1,224,551,-327
47097,1,6,19,-13
47098,1,26,165,-139
47100,1,27,32,-5
47101,1,72,65,7
47102,1,134,90,44
47103,1,3,15,-12
47104,1,128,28,100
47105,1,2500,1008,1492
47106,1,49,60,-11
47107,1,514,817,-303
47108,1,195,16,179
47109,1,93,65,28
47110,1,61,58,3
47111,1,2733,1903,830
47112,1,70,17,53
47114,1,14,9,5
47115,1,51,27,24
47116,1,9,6,3
47117,1,390,285,105
47118,1,3,4,-1
47119,1,39,42,-3
47120,1,26,10,16
47121,1,28,17,11
47122,1,107,48,59
47123,1,31,35,-4
47124,1,42,9,33
47125,1,17,39,-22
47126,1,35,8,27
47127,1,148,82,66
47128,1,6,913,-907
47129,1,14,7,7
47130,1,49,13,36
47131,1,327,400,-73
47132,1,2392,901,1491
47133,1,42,20,22
47134,1,66,79,-13
47135,1,75,204,-129
47137,1,75,109,-34
47138,1,785,316,469
47139,1,2434,1640,794
47140,1,1,7,-6
47141,1,235,394,-159
47142,1,9,64,-55
47143,1,2859,3040,-181
47144,1,96,167,-71
47145,1,118,29,89
47146,1,4,0,4
47147,1,229,539,-310
47148,1,24,11,13
47149,1,10,6,4
47150,1,34,61,-27
47151,1,11,2,9
47152,1,1093,1144,-51
47153,1,21,39,-18
47154,1,276,2806,-2530
47156,1,54,194,-140
47157,1,29,22,7
47158,1,130,119,11
47159,1,39,10,29
47160,1,66,86,-20
47161,1,92,34,58
47162,1,71,23,48
47163,1,76,18,58
47164,1,25,32,-7
47165,1,20,46,-26
47166,1,327,207,120
47167,1,233,149,84
47168,1,65,4,61
47169,1,29,43,-14
47170,1,983,472,511
47171,1,1,1,0
47172,1,357,208,149
47173,1,356,420,-64
47174,1,76,185,-109
47175,1,314,70,244
47176,1,213,94,119
47177,1,205,212,-7
47178,1,9,18,-9
47179,1,278,163,115
47180,1,15,38,-23
47181,1,20,7,13
47182,1,91,26,65
47183,1,61,36,25
47184,1,27,13,14
47185,1,143,143,0
47186,1,37,75,-38
47187,1,81,74,7
47188,1,13,18,-5
47189,1,292,195,97
47190,1,39,21,18
47191,1,2153,3119,-966
47192,1,14,31,-17
47193,1,3,12,-9
47194,1,3,1,2
47195,1,104,196,-92
47196,1,904,341,563
47197,1,947,185,762
47198,1,36,13,23
47199,1,300,23,277
47200,1,16,8,8
47201,1,2,55,-53
47202,1,160,88,72
47203,1,7,440,-433
47204,1,24,25,-1
47206,1,35,18,17
47207,1,915,483,432
47208,1,172,175,-3
47209,1,107,32,75
47210,1,150,51,99
47211,1,30,148,-118
47212,1,84,153,-69
47213,1,8,4,4
47214,1,56,84,-28
47215,1,6,3,3
47216,1,295,278,17
47217,1,206,331,-125
47218,1,91,50,41
47220,1,29,12,17
47222,1,24,8,16
47223,1,26,19,7
47224,1,125,72,53
47225,1,374,612,-238
47226,1,255,94,161
47227,1,1,80,-79
47228,1,113,50,63
47229,1,7,18,-11
47230,1,766,142,624
47231,1,25,141,-116
47232,1,38,15,23
47233,1,33,20,13
47234,1,7,3,4
47235,1,15,42,-27
47236,1,489,341,148
47237,1,17,39,-22
47238,1,110,25,85
47239,1,32,9,23
47240,1,30,30,0
47242,1,11,28,-17
47243,1,2328,380,1948
47244,1,8,3,5
47245,1,166,159,7
47246,1,1660,148,1512
47247,1,19,5,14
47248,1,1864,1984,-120
47249,1,753,11,742
47250,1,392,406,-14
47251,1,6,3,3
47252,1,55,108,-53
47253,1,102,1595,-1493
47254,1,22,22,0
47255,1,55,31,24
47256,1,4,2,2
47257,1,1380,1563,-183
47259,1,29,8,21
47261,1,53,90,-37
47262,1,452,334,118
47263,1,90,56,34
47264,1,204,31,173
47265,1,263,146,117
47266,1,83,85,-2
47267,1,130,90,40
47268,1,27,11,16
47269,1,87,3,84
47270,1,3,87,-84
47271,1,2266,347,1919
47273,1,6,5,1
47274,1,796,1265,-469
47275,1,14,15,-1
47276,1,33,21,12
47277,1,46,80,-34
47278,1,111,7,104
47279,1,2,19,-17
47280,1,833,1194,-361
47281,1,73,43,30
47282,1,8,5,3
47283,1,27,18,9
47284,1,16,9,7
47285,1,361,818,-457
47286,1,29,47,-18
47287,1,156,5,151
47288,1,120,149,-29
47289,1,14,3,11
47291,1,36,10,26
47292,1,92,71,21
47293,1,24,19,5
47294,1,1936,1624,312
47295,1,74,74,0
47296,1,7,7,0
47297,1,8,1,7
47298,1,43,35,8
47299,1,37,10,27
47300,1,64,42,22
47301,1,9,15,-6
47302,1,100,113,-13
47303,1,79,7,72
47304,1,191,4,187
47305,1,73,181,-108
47306,1,36,61,-25
47307,1,5858,4381,1477
47308,1,1361,51,1310
47309,1,30,3,27
47310,1,347,66,281
47311,1,61,123,-62
47312,1,12,6,6
47313,1,213,140,73
47315,1,898,458,440
47316,1,26,10,16
47317,1,7,5,2
47318,1,876,1570,-694
47319,1,9,2,7
47320,1,2689,157,2532
47321,1,66,56,10
47323,1,12,5,7
47324,1,11,2,9
47325,1,19,61,-42
47326,1,28,9,19
47327,1,291,135,156
47328,1,284,104,180
47329,1,17,632,-615
47330,1,12,23,-11
47331,1,21,38,-17
47332,1,21,43,-22
47334,1,19,61,-42
47335,1,73,5,68
47336,1,543,374,169
47337,1,45,13,32
47338,1,23,18,5
47339,1,76,19,57
47340,1,1652,618,1034
47341,1,18,4,14
47342,1,1144,1155,-11
47343,1,585,3234,-2649
47344,1,21,36,-15
47345,1,16,77,-61
47346,1,42,66,-24
47347,1,17,26,-9
47348,1,872,370,502
47349,1,47,30,17
47350,1,8,9,-1
47351,1,18,70,-52
47352,1,72,44,28
47353,1,381,330,51
47354,1,179,8,171
47355,1,202,133,69
47356,1,170,39,131
47357,1,80,74,6
47358,1,54,18,36
47359,1,52,55,-3
47360,1,3,3,0
47361,1,119,74,45
47362,1,9,12,-3
47363,1,91,47,44
47364,1,116,65,51
47365,1,31,114,-83
47366,1,10,12,-2
47367,1,9,25,-16
47368,1,5,6,-1
47370,1,30,13,17
47371,1,55,32,23
47372,1,466,168,298
47373,1,5,25,-20
47375,1,37,36,1
47376,1,158,340,-182
47377,1,132,123,9
47378,1,72,1,71
47379,1,310,200,110
47381,1,57,32,25
47382,1,272,104,168
47383,1,189,140,49
47384,1,1975,1076,899
47385,1,4421,4743,-322
47386,1,116,43,73
47389,1,24,18,6
47390,1,40,53,-13
47391,1,188,13,175
47392,1,5,14,-9
47393,1,4204,471,3733
47394,1,341,693,-352
47395,1,57,3,54
47396,1,26,28,-2
47397,1,1585,858,727
47398,1,18,12,6
47399,1,5,3,2
47400,1,315,141,174
47401,1,5,8,-3
47402,1,48,16,32
47403,1,51,54,-3
47404,1,28,14,14
47405,1,279,366,-87
47406,1,128,69,59
47407,1,6,15,-9
47408,1,422,150,272
47409,1,22,15,7
47410,1,13,7,6
47411,1,234,19,215
47412,1,85,22,63
47413,1,47,81,-34
47414,1,11,6,5
47415,1,109,80,29
47416,1,108,59,49
47417,1,21,57,-36
47419,1,68,180,-112
47420,1,254,77,177
47421,1,11,17,-6
47422,1,9,24,-15
47423,1,79,72,7
47424,1,13,16,-3
47425,1,51,15,36
47426,1,11,0,11
47427,1,7,56,-49
47428,1,20,45,-25
47429,1,9,8,1
47430,1,477,577,-100
47431,1,78,41,37
47432,1,74,80,-6
47433,1,234,120,114
47434,1,34,81,-47
47436,1,122,102,20
47437,1,114,28,86
47438,1,24,5,19
47439,1,119,175,-56
47440,1,3,6,-3
47441,1,24,41,-17
47442,1,1672,856,816
47443,1,7,6,1
47444,1,73,66,7
47445,1,160,52,108
47446,1,176,31,145
47447,1,181,117,64
47448,1,422,98,324
47449,1,341,550,-209
47450,1,14766,9405,5361
47451,1,224,145,79
47452,1,5,18,-13
47453,1,25,23,2
47454,1,55,57,-2
47455,1,1241,581,660
47456,1,35,26,9
47457,1,48,15,33
47458,1,117,61,56
47460,1,795,336,459
47461,1,17,1,16
47462,1,84,108,-24
47463,1,13,38,-25
47464,1,51,6,45
47465,1,206,102,104
47467,1,119,41,78
47469,1,97,27,70
47470,1,10,9,1
47471,1,46,64,-18
47472,1,17,12,5
47473,1,193,159,34
47474,1,18,72,-54
47475,1,55,25,30
47476,1,243,10,233
47477,1,46,94,-48
47478,1,48,25,23
47479,1,491,1217,-726
47480,1,54,4,50
47481,1,162,129,33
47482,1,179,86,93
47483,1,6,71,-65
47485,1,5857,3137,2720
47486,1,60,97,-37
47487,1,28,22,6
47488,1,10,4,6
47489,1,5,30,-25
47490,1,312,2604,-2292
47491,1,165,107,58
47492,1,133,55,78
47493,1,15,59,-44
47494,1,3206,45,3161
47495,1,1027,62,965
47496,1,38,18,20
47498,1,38,41,-3
47499,1,24,5,19
47500,1,4510,1545,2965
47501,1,19,2,17
47502,1,25,255,-230
47503,1,1286,1015,271
47504,1,3,5,-2
47505,1,426,346,80
47506,1,2044,1892,152
47507,1,54,33,21
47508,1,74,61,13
47509,1,324,257,67
47510,1,912,216,696
47511,1,58,41,17
47512,1,1873,905,968
47513,1,66,120,-54
47514,1,308,32,276
47515,1,6,17,-11
47516,1,49,259,-210
47517,1,44,13,31
47519,1,80,29,51
47520,1,1726,232,1494
47521,1,56,27,29
47522,1,892,212,680
47523,1,45,13,32
47525,1,38,21,17
47526,1,2,23,-21
47527,1,314,284,30
47528,1,71,13,58
47529,1,99,8,91
47530,1,52,4,48
47531,1,12,50,-38
47533,1,5,2,3
47534,1,541,137,404
47535,1,118,62,56
47536,1,109,64,45
47537,1,7,1,6
47538,1,23,50,-27
47539,1,40,22,18
47540,1,23,4,19
47543,1,59,55,4
47544,1,146,32,114
47546,1,25,15,10
47547,1,146,23,123
47548,1,1,11,-10
47549,1,109,56,53
47550,1,80,5,75
47552,1,75,12,63
47553,1,4096,3672,424
47554,1,39,39,0
47555,1,52,14,38
47557,1,45,0,45
47558,1,59,108,-49
47559,1,36,40,-4
47560,1,207,95,112
47561,1,27,12,15
47562,1,47,19,28
47563,1,47,31,16
47564,1,282,38,244
47565,1,60,17,43
47566,1,22,38,-16
47568,1,183,313,-130
47569,1,11,20,-9
47570,1,23,3,20
47571,1,17,3,14
47572,1,32,6,26
47573,1,16,11,5
47574,1,27,78,-51
47575,1,84,46,38
47576,1,1502,1576,-74
47578,1,22,162,-140
47579,1,26,16,10
47580,1,31,34,-3
47581,1,25,62,-37
47582,1,27,6,21
47583,1,17,90,-73
47584,1,88,16,72
47585,1,18,34,-16
47586,1,123,80,43
47587,1,69,203,-134
47588,1,203,109,94
47589,1,8,6,2
47590,1,81,47,34
47591,1,4566,2465,2101
47592,1,329,121,208
47595,1,9,37,-28
47597,1,151,141,10
47599,1,6990,1204,5786
47600,1,25,45,-20
47601,1,4597,5237,-640
47602,1,16,13,3
47603,1,9,3,6
47604,1,25,17,8
47605,1,46,27,19
47606,1,2,25,-23
47607,1,122,35,87
47608,1,15,11,4
47609,1,36,28,8
47610,1,8,22,-14
47611,1,119003,12032,106971
47613,1,829,657,172
47614,1,136,33,103
47615,1,285,109,176
47616,1,32,12,20
47617,1,43,5,38
47618,1,10,53,-43
47619,1,546,329,217
47620,1,178,94,84
47621,1,12,52,-40
47622,1,20,3,17
47623,1,323,491,-168
47624,1,24,23,1
47625,1,18,51,-33
47626,1,38,138,-100
47627,1,36,37,-1
47628,1,108,457,-349
47629,1,666,2147,-1481
47630,1,241,302,-61
47631,1,52,80,-28
47632,1,95,111,-16
47633,1,335,58,277
47634,1,58,8,50
47635,1,92,34,58
47636,1,2161,505,1656
47638,1,1519,1445,74
47639,1,73,34,39
47640,1,418,172,246
47641,1,7,16,-9
47642,1,25,36,-11
47643,1,223,50,173
47644,1,11,69,-58
47645,1,194,182,12
47646,1,179,19,160
47647,1,142,98,44
47648,1,113,71,42
47649,1,171,121,50
47650,1,54,22,32
47651,1,5,17,-12
47652,1,156,122,34
47653,1,21,8,13
47654,1,37,45,-8
47655,1,7335,3745,3590
47656,1,661,175,486
47657,1,2,2,0
47658,1,199,419,-220
47659,1,15,17,-2
47660,1,46,1,45
47661,1,10,7,3
47662,1,40,39,1
47663,1,22,12,10
47664,1,32,25,7
47666,1,1178,41,1137
47667,1,10260,14440,-4180
47668,1,181,7,174
47669,1,102,94,8
47670,1,292,139,153
47672,1,19,19,0
47673,1,53,66,-13
47675,1,29,20,9
47676,1,10,40,-30
47677,1,1,3,-2
47678,1,4312,2345,1967
47679,1,37,109,-72
47680,1,945,535,410
47681,1,5,31,-26
47682,1,280,70,210
47683,1,432,356,76
47684,1,363,371,-8
47685,1,49,104,-55
47686,1,67,67,0
47687,1,37,73,-36
47688,1,1895,1147,748
47689,1,134,111,23
47690,1,661,124,537
47691,1,38,6,32
47692,1,24,165,-141
47693,1,1422,2017,-595
47694,1,132,4,128
47695,1,126,133,-7
47696,1,374,48,326
47697,1,818,844,-26
47698,1,31,17,14
47699,1,169,39,130
47700,1,33,31,2
47701,1,16,4,12
47702,1,3,18,-15
47703,1,162,549,-387
47704,1,4,8,-4
47705,1,29,20,9
47707,1,107827,11520,96307
47708,1,116,222,-106
47709,1,26,8,18
47710,1,592,227,365
47711,1,2,13,-11
47712,1,540,533,7
47713,1,462,205,257
47714,1,75,19,56
47715,1,4,6,-2
47716,1,572,344,228
47717,1,6,2,4
47718,1,8,36,-28
47719,1,13,89,-76
47720,1,11,3,8
47721,1,82,95,-13
47722,1,96,75,21
47723,1,4496,2892,1604
47724,1,21,4,17
47725,1,23,16,7
47726,1,418,383,35
47727,1,307,272,35
47728,1,75,50,25
47729,1,146,2866,-2720
47731,1,13,6,7
47732,1,155,44,111
47733,1,73,115,-42
47734,1,115,247,-132
47735,1,568,300,268
47736,1,809,265,544
47737,1,59,371,-312
47738,1,365,325,40
47739,1,41,53,-12
47740,1,167,126,41
47741,1,67,38,29
47742,1,12,37,-25
47743,1,16,1,15
47745,1,60,42,18
47746,1,171,164,7
47747,1,227,696,-469
47748,1,112,93,19
47749,1,159,41,118
47750,1,1115,394,721
47751,1,50,67,-17
47752,1,815,522,293
47753,1,63,98,-35
47754,1,44,18,26
47755,1,111,34,77
47756,1,10,10,0
47757,1,109,47,62
47758,1,21,36,-15
47759,1,18,44,-26
47760,1,453,315,138
47761,1,36,12,24
47762,1,183,333,-150
47763,1,2,6,-4
47764,1,76,169,-93
47765,1,34,20,14
47766,1,19,30,-11
47767,1,3,10,-7
47768,1,383,81,302
47769,1,25,36,-11
47770,1,86,47,39
47771,1,245,409,-164
47773,1,7,437,-430
47774,1,3,10,-7
47775,1,1325,623,702
47776,1,28,130,-102
47777,1,1163,1264,-101
47778,1,71,78,-7
47779,1,21,99,-78
47780,1,49,5,44
47781,1,78,31,47
47782,1,41,22,19
47783,1,87,91,-4
47784,1,2779,898,1881
47785,1,33,10,23
47786,1,53,72,-19
47787,1,99,27,72
47788,1,95,42,53
47789,1,92,114,-22
47790,1,123,35,88
47792,1,194,86,108
47793,1,7,5,2
47795,1,34,78,-44
47796,1,700,579,121
47797,1,48,3,45
47798,1,53,106,-53
47799,1,2,9,-7
47800,1,6961,1239,5722
47801,1,10,15,-5
47802,1,2580,1642,938
47803,1,1866,228,1638
47804,1,98,113,-15
47805,1,19,53,-34
47806,1,27,67,-40
47807,1,122,103,19
47809,1,203,237,-34
47810,1,3,2,1
47811,1,18,22,-4
47812,1,36,111,-75
47813,1,3968,68,3900
47814,1,117,58,59
47815,1,43,4,39
47816,1,163,97,66
47818,1,2298,819,1479
47819,1,85,14,71
47820,1,908,484,424
47821,1,65,26,39
47822,1,73,104,-31
47823,1,98,179,-81
47824,1,84,71,13
47825,1,13,6,7
47826,1,4,12,-8
47827,1,192,142,50
47828,1,64,29,35
47829,1,2245,206,2039
47831,1,37,40,-3
47832,1,3,3,0
47834,1,1341,195,1146
47835,1,588,195,393
47836,1,1,4,-3
47837,1,121,7,114
47838,1,98,7,91
47839,1,26,37,-11
47840,1,3123,123,3000
47841,1,203,177,26
47842,1,351,309,42
47843,1,30,48,-18
47844,1,2,2,0
47845,1,14699,8855,5844
47846,1,2026,2410,-384
47847,1,2678,204,2474
47848,1,63,21,42
47849,1,263,61,202
47850,1,277,172,105
47851,1,22,24,-2
47852,1,43,18,25
47853,1,14,38,-24
47854,1,3,11,-8
47855,1,80,33,47
47856,1,34,35,-1
47857,1,139,345,-206
47858,1,10730,8407,2323
47859,1,48,46,2
47860,1,50,31,19
47861,1,190,105,85
47862,1,33,31,2
47863,1,4792,1728,3064
47864,1,228,116,112
47865,1,3260,1985,1275
47866,1,3,25,-22
47867,1,360,168,192
47868,1,239,179,60
47869,1,54,20,34
47870,1,254,167,87
47871,1,189,118,71
47872,1,7,74,-67
47873,1,302,86,216
47874,1,25,86,-61
47875,1,14,1,13
47876,1,78,106,-28
47877,1,339,293,46
47878,1,262,55,207
47879,1,131,51,80
47880,1,335,313,22
47881,1,110,148,-38
47882,1,34,90,-56
47883,1,258,256,2
47886,1,156,51,105
47887,1,1129,208,921
47888,1,140,65,75
47889,1,20,11,9
47890,1,169,58,111
47891,1,137,62,75
47892,1,413,46,367
47893,1,3,64,-61
47894,1,11,10,1
47896,1,719,190,529
47897,1,21,32,-11
47898,1,72,56,16
47899,1,11944,8097,3847
47900,1,2388,36,2352
47901,1,20,28,-8
47902,1,28,33,-5
47903,1,11,14,-3
47904,1,6,45,-39
47905,1,3,7,-4
47906,1,6,6,0
47908,1,12,1,11
47909,1,51,10,41
47910,1,20,13,7
47911,1,50,8,42
47912,1,37,20,17
47913,1,3,46,-43
47914,1,31,83,-52
47915,1,40,30,10
47916,1,646,197,449
47917,1,142,153,-11
47918,1,68,49,19
47919,1,84,94,-10
47920,1,37,353,-316
47921,1,607,1,606
47922,1,3259,994,2265
47923,1,41,7,34
47924,1,17,22,-5
47925,1,251,285,-34
47926,1,75,25,50
47927,1,2507,328,2179
47928,1,24,10,14
47929,1,3288,3916,-628
47930,1,6,13,-7
47931,1,66,56,10
47932,1,19,10,9
47933,1,467,430,37
47935,1,32,46,-14
47936,1,47,29,18
47937,1,42,5,37
47938,1,7565,1493,6072
47939,1,11,71,-60
47940,1,91,14,77
47941,1,31,378,-347
47943,1,1043,713,330
47944,1,231,60,171
47945,1,43,40,3
47946,1,36,12,24
47947,1,20,15,5
47949,1,45,38,7
47950,1,37,12,25
47951,1,125,136,-11
47952,1,280,189,91
47953,1,740,40,700
47954,1,31,25,6
47955,1,236,131,105
47956,1,103,79,24
47957,1,120078,10034,110044
47959,1,21,94,-73
47960,1,25,79,-54
47961,1,30,21,9
47962,1,502,511,-9
47963,1,3393,505,2888
47964,1,3,81,-78
47965,1,25,12,13
47967,1,144,38,106
47968,1,71,48,23
47970,1,938,164,774
47971,1,234,206,28
47972,1,392,97,295
47973,1,133,121,12
47975,1,158,145,13
47976,1,35,5,30
47977,1,92,50,42
47978,1,15,16,-1
47979,1,31,171,-140
47980,1,595,604,-9
47981,1,1680,172,1508
47982,1,122,56,66
47984,1,20,32,-12
47985,1,169,17,152
47987,1,269,427,-158
47988,1,14,57,-43
47989,1,47,3,44
47990,1,452,554,-102
47991,1,6,7,-1
47992,1,18120,11561,6559
47993,1,193,72,121
47994,1,80,22,58
47995,1,2,14,-12
47996,1,1063,515,548
47997,1,8,38,-30
47998,1,77,247,-170
47999,1,66,2974,-2908
48000,1,9,13,-4
48001,1,61,16,45
48002,1,42,336,-294
48003,1,85,28,57
48004,1,3314,1081,2233
48005,1,65,1,64
48006,1,76,13,63
48007,1,741,199,542
48008,1,331,124,207
48009,1,8,25,-17
48010,1,1617,240,1377
48011,1,237,51,186
48012,1,358,194,164
48013,1,65,5,60
48014,1,339,33,306
48015,1,31,84,-53
48016,1,2602,432,2170
48017,1,285,614,-329
48018,1,70,58,12
48019,1,1043,15,1028
48021,1,21,26,-5
48022,1,3,0,3
48023,1,359,191,168
48025,1,338,265,73
48026,1,301,301,0
48027,1,300,122,178
48028,1,136,33,103
48029,1,8244,7090,1154
48030,1,3,1,2
48031,1,12,25,-13
48032,1,282,57,225
48033,1,1267,7,1260
48034,1,1,1,0
48035,1,19,13,6
48036,1,22,53,-31
48037,1,150,322,-172
48038,1,2,10,-8
48039,1,386,2,384
48040,1,20,19,1
48041,1,443,154,289
48042,1,8,49,-41
48043,1,490,311,179
48044,1,67,54,13
48045,1,42,29,13
48046,1,700,115,585
48047,1,12,96,-84
48048,1,215,165,50
48049,1,348,35,313
48051,1,2629,8486,-5857
48052,1,7,17,-10
48053,1,1682,285,1397
48054,1,100,67,33
48055,1,5,1,4
48056,1,14,9,5
48057,1,110,40,70
48058,1,10,33,-23
48059,1,144,39,105
48060,1,30,31,-1
48061,1,54,55,-1
48063,1,131,100,31
48064,1,10,21,-11
48065,1,2,23,-21
48066,1,1182,493,689
48067,1,55,142,-87
48068,1,12,47,-35
48069,1,25,26,-1
48070,1,19,279,-260
48071,1,64,37,27
48072,1,44,110,-66
48073,1,556,13,543
48074,1,8523,4483,4040
48075,1,116,41,75
48076,1,91,47,44
48077,1,7,5,2
48078,1,483,450,33
48079,1,3,0,3
48080,1,26,29,-3
48081,1,139,40,99
48082,1,85,191,-106
48083,1,3111,206,2905
48084,1,21,2,19
48085,1,23,4,19
48086,1,632,194,438
48087,1,129,61,68
48088,1,634,174,460
48089,1,7,22,-15
48090,1,7,2,5
48091,1,258,55,203
48092,1,596,328,268
48093,1,153,61,92
48094,1,21,6,15
48096,1,49,38,11
48097,1,6,4,2
48098,1,122,265,-143
48099,1,6,44,-38
48100,1,6,2,4
48101,1,6,32,-26
48102,1,136,80,56
48103,1,96,119,-23
48105,1,213,82,131
48106,1,244,88,156
48107,1,129,280,-151
48108,1,213,82,131
48109,1,156,95,61
48110,1,10,10,0
48112,1,224,41,183
48113,1,4,35,-31
48114,1,236,116,120
48115,1,18,14,4
48116,1,106,13,93
48117,1,3021,1083,1938
48118,1,31,41,-10
48119,1,58,89,-31
48120,1,613,332,281
48121,1,78,94,-16
48122,1,17,118,-101
48123,1,19,26,-7
48124,1,487,41,446
48125,1,1482,220,1262
48126,1,93,67,26
48127,1,57,23,34
48128,1,110,294,-184
48129,1,78,27,51
48130,1,33,25,8
48131,1,462,35,427
48132,1,2991,1478,1513
48133,1,27,18,9
48134,1,2,1,1
48135,1,29,18,11
48137,1,1171,1615,-444
48138,1,9,8,1
48140,1,12,35,-23
48141,1,286,115,171
48143,1,135,290,-155
48144,1,10,18,-8
48145,1,130,25,105
48146,1,8,39,-31
48147,1,147,30,117
48148,1,105296,407,104889
48149,1,1467,916,551
48150,1,18,4,14
48151,1,14,129,-115
48152,1,1,3,-2
48153,1,8,10,-2
48154,1,15,16,-1
48155,1,396,761,-365
48156,1,1017,704,313
48157,1,80,36,44
48158,1,97,40,57
48159,1,997,2486,-1489
48160,1,241,137,104
48161,1,3,3,0
48162,1,7570,2563,5007
48164,1,384,489,-105
48165,1,2119,4139,-2020
48166,1,39,21,18
48167,1,30,46,-16
48168,1,5,2,3
48169,1,9,5,4
48170,1,575,317,258
48171,1,11,3,8
48172,1,209,176,33
48173,1,14,32,-18
48174,1,89,30,59
48175,1,98,45,53
48176,1,61,39,22
48177,1,41,46,-5
48178,1,37,6,31
48179,1,10483,5780,4703
48180,1,204,493,-289
48182,1,18,19,-1
48183,1,11,39,-28
48184,1,207,104,103
48186,1,129,12,117
48187,1,1336,3290,-1954
48188,1,62,1,61
48189,1,2537,1167,1370
48190,1,8,64,-56
48191,1,6,17,-11
48192,1,516,2126,-1610
48193,1,236,211,25
48194,1,9,22,-13
48196,1,4,4,0
48197,1,156,586,-430
48198,1,57,40,17
48200,1,311,267,44
48201,1,82,83,-1
48202,1,110,219,-109
48203,1,156,81,75
48204,1,42,35,7
48205,1,15,27,-12
48207,1,155,121,34
48208,1,37,59,-22
48209,1,9360,6060,3300
48210,1,340,185,155
48211,1,4,27,-23
48212,1,44,40,4
48213,1,285,16,269
48216,1,42,45,-3
48217,1,69,65,4
48218,1,60,88,-28
48219,1,36,42,-6
48220,1,188,520,-332
48221,1,33,3,30
48222,1,308,158,150
48223,1,71,52,19
48225,1,40,56,-16
48226,1,49,21,28
48227,1,13,30,-17
48228,1,380,513,-133
48229,1,4,39,-35
48230,1,255,459,-204
48231,1,102,23,79
48232,1,74,8,66
48233,1,2930,1825,1105
48234,1,2,2,0
48235,1,15,2,13
48236,1,187,203,-16
48237,1,45,28,17
48238,1,246,165,81
48239,1,28,38,-10
48240,1,223,136,87
48241,1,110,7,103
48242,1,883,534,349
48243,1,369,74,295
48244,1,940,583,357
48245,1,51,39,12
48246,1,37,0,37
48247,1,398,222,176
48249,1,112,26,86
48250,1,14,35,-21
48251,1,3418,1592,1826
48252,1,106,215,-109
48253,1,45,31,14
48254,1,45,325,-280
48255,1,43,58,-15
48256,1,174,193,-19
48257,1,22,49,-27
48258,1,105,115,-10
48259,1,748,316,432
48260,1,1343,1241,102
48261,1,82,84,-2
48262,1,160,163,-3
48263,1,353,207,146
48264,1,57,1,56
48265,1,4189,2668,1521
48266,1,817,169,648
48267,1,11,29,-18
48268,1,21,10,11
48269,1,387,236,151
48270,1,12,6,6
48271,1,1054,68,986
48272,1,118,287,-169
48273,1,19,0,19
48274,1,262,1,261
48275,1,113,62,51
48276,1,439,189,250
48277,1,3,10,-7
48278,1,71,31,40
48279,1,25,37,-12
48280,1,331,97,234
48281,1,101,128,-27
48282,1,24,218,-194
48283,1,4355,6012,-1657
48284,1,131,291,-160
48285,1,128,162,-34
48286,1,44,21,23
48287,1,10,35,-25
48289,1,198,279,-81
48290,1,3,15,-12
48291,1,51,26,25
48292,1,458,1140,-682
48293,1,18,3,15
48294,1,33,64,-31
48295,1,2285,4998,-2713
48296,1,39,53,-14
48297,1,72,34,38
48298,1,90,15,75
48299,1,54,61,-7
48300,1,1114,406,708
48301,1,888,122,766
48302,1,2652,472,2180
48303,1,3201,3424,-223
48304,1,18,10,8
48305,1,2790,1753,1037
48306,1,5,2,3
48307,1,17,11,6
48308,1,46,205,-159
48309,1,50,2,48
48310,1,5,13,-8
48311,1,120,37,83
48312,1,6,38,-32
48313,1,23,11,12
48314,1,4391,665,3726
48316,1,56,119,-63
48317,1,172,106,66
48318,1,22,46,-24
48319,1,65,297,-232
48320,1,92,16,76
48321,1,50,16,34
48322,1,385,133,252
48323,1,41,26,15
48324,1,5,17,-12
48325,1,114,87,27
48327,1,29,3,26
48328,1,1,22,-21
48329,1,9,18,-9
48330,1,1242,2227,-985
48331,1,193,192,1
48332,1,16,0,16
48333,1,48,55,-7
48334,1,176,149,27
48335,1,28,17,11
48336,1,72,28,44
48337,1,250,77,173
48339,1,131,107,24
48341,1,116,129,-13
48342,1,34,14,20
48343,1,8,1,7
48344,1,115,211,-96
48345,1,11,18,-7
48346,1,76,106,-30
48347,1,100,4,96
48348,1,1923,632,1291
48349,1,36,15,21
48350,1,108,564,-456
48351,1,1033,199,834
48352,1,18,30,-12
48353,1,59,41,18
48354,1,287,124,163
48355,1,37,50,-13
48356,1,144,67,77
48357,1,105,149,-44
48359,1,1,3,-2
48360,1,2139,1860,279
48361,1,1194,158,1036
48362,1,421,169,252
48363,1,20,4,16
48364,1,359,16,343
48365,1,5,44,-39
48366,1,3463,1427,2036
48367,1,25,28,-3
48368,1,44,69,-25
48369,1,33,18,15
48370,1,109,126,-17
48371,1,83,13,70
48372,1,6,15,-9
48373,1,145,55,90
48374,1,133,82,51
48375,1,20,4,16
48376,1,113,46,67
48377,1,676,208,468
48378,1,298,229,69
48380,1,18,4,14
48381,1,16,10,6
48382,1,16,132,-116
48383,1,176,69,107
48384,1,29,51,-22
48385,1,66,9,57
48386,1,46,51,-5
48387,1,518,1047,-529
48388,1,4,8,-4
48389,1,21,10,11
48390,1,1618,348,1270
48391,1,101,59,42
48392,1,18,36,-18
48393,1,28,18,10
48394,1,25,34,-9
48395,1,99,705,-606
48396,1,64,29,35
48397,1,7,30,-23
48398,1,1595,532,1063
48399,1,2616,1653,963
48400,1,87,26,61
48401,1,1,14,-13
48402,1,14,13,1
48403,1,20,46,-26
48404,1,160,80,80
48405,1,29,22,7
48406,1,179,68,111
48407,1,6035,540,5495
48409,1,23,15,8
48410,1,64,31,33
48411,1,69,16,53
48412,1,96,30,66
48413,1,111,94,17
48414,1,593,326,267
48415,1,6,15,-9
48416,1,135,142,-7
48417,1,668,288,380
48418,1,3482,1120,2362
48419,1,214,366,-152
48420,1,6,31,-25
48422,1,20,17,3
48423,1,63,108,-45
48424,1,11,21,-10
48425,1,5,14,-9
48426,1,332,63,269
48427,1,393,59,334
48428,1,62,46,16
48429,1,19,48,-29
48430,1,27,11,16
48432,1,184,95,89
48433,1,13193,4294,8899
48434,1,107,28,79
48435,1,17,24,-7
48436,1,40,12,28
48437,1,132,67,65
48438,1,53,24,29
48439,1,3453,1028,2425
48440,1,41,62,-21
48441,1,253,131,122
48442,1,56,66,-10
48443,1,42,12,30
48444,1,355,346,9
48445,1,3,1,2
48446,1,19,56,-37
48447,1,8,3,5
48448,1,112,1232,-1120
48449,1,91,71,20
48450,1,35,32,3
48451,1,257,325,-68
48452,1,513,421,92
48453,1,5,5,0
48454,1,107,18,89
48455,1,294,100,194
48456,1,5,107,-102
48457,1,34,23,11
48458,1,72,53,19
48459,1,19,14,5
48460,1,252,285,-33
48461,1,178,191,-13
48462,1,132,88,44
48463,1,3141,128,3013
48464,1,19,20,-1
48465,1,15,22,-7
48466,1,1574,17,1557
48467,1,240,195,45
48468,1,22,30,-8
48469,1,14,1,13
48470,1,14780,8553,6227
48471,1,34,52,-18
48472,1,196,79,117
48473,1,2635,1610,1025
48474,1,74,70,4
48475,1,176,314,-138
48476,1,302,134,168
48477,1,41,111,-70
48478,1,117,116,1
48479,1,9,10,-1
48480,1,20,14,6
48481,1,46,121,-75
48483,1,297,253,44
48484,1,108,133,-25
48487,1,909,970,-61
48488,1,3,3,0
48489,1,52,67,-15
48490,1,56,21,35
48491,1,139,275,-136
48492,1,1,10,-9
48493,1,81,58,23
48494,1,523,26,497
48495,1,227,961,-734
48496,1,100,128,-28
48497,1,48,60,-12
48498,1,3,6,-3
48499,1,982,126,856
48500,1,658,392,266
48501,1,39,29,10
48502,1,33,65,-32
48503,1,15,6,9
48504,1,120,44,76
48505,1,61,69,-8
48506,1,33,31,2
48507,1,55,87,-32
48508,1,14,1,13
48509,1,103,151,-48
48510,1,171,219,-48
48511,1,84,65,19
48512,1,8,1,7
48514,1,2541,2438,103
48515,1,70,20,50
48516,1,85,362,-277
48517,1,84,68,16
48518,1,43,14,29
48519,1,914,148,766
48521,1,137,138,-1
48522,1,6,3,3
48523,1,392,414,-22
48524,1,3,4,-1
48525,1,3,18,-15
48526,1,2058,457,1601
48527,1,233,221,12
48528,1,748,302,446
48529,1,128,136,-8
48530,1,4,9,-5
48531,1,19,4,15
48532,1,21,8,13
48533,1,1,9,-8
48534,1,27,2,25
48535,1,36,86,-50
48537,1,788,351,437
48538,1,1935,404,1531
48539,1,13,9,4
48540,1,64,514,-450
48542,1,325,212,113
48543,1,250,394,-144
48544,1,5,0,5
48545,1,57,58,-1
48546,1,565,207,358
48548,1,56,165,-109
48549,1,1380,37,1343
48551,1,14,8,6
48552,1,40,69,-29
48553,1,231,42,189
48554,1,159,256,-97
48555,1,4,10,-6
48556,1,59,70,-11
48557,1,84,863,-779
48558,1,24,20,4
48559,1,29,36,-7
48560,1,63,164,-101
48561,1,66,37,29
48562,1,814,299,515
48563,1,169,285,-116
48564,1,129,219,-90
48565,1,297,86,211
48566,1,79,60,19
48567,1,19,15,4
48569,1,19,8,11
48570,1,16,16,0
48571,1,363,31,332
48572,1,104,48,56
48573,1,1,2,-1
48574,1,3,20,-17
48575,1,806,169,637
48576,1,6,27,-21
48577,1,73,188,-115
48578,1,850,475,375
48579,1,119,222,-103
48580,1,151,176,-25
48581,1,14,2,12
48582,1,250,181,69
48583,1,5,8,-3
48584,1,487,184,303
48585,1,122,26,96
48586,1,5,28,-23
48587,1,127,47,80
48588,1,140,221,-81
48589,1,10,9,1
48590,1,1452,940,512
48591,1,5390,11506,-6116
48592,1,110,42,68
48593,1,106,105,1
48594,1,2,20,-18
48595,1,52,4,48
48596,1,193,176,17
48597,1,60,26,34
48598,1,231,196,35
48599,1,936,80,856
48600,1,43,2,41
48602,1,24,1,23
48603,1,211,95,116
48604,1,71,44,27
48605,1,4018,3886,132
48606,1,59,165,-106
48607,1,2,3,-1
48608,1,36,50,-14
48609,1,48,6,42
48610,1,329,335,-6
48612,1,371,90,281
48613,1,46,88,-42
48614,1,7,11,-4
48615,1,234,48,186
48616,1,1,41,-40
48618,1,6,18,-12
48619,1,32,11,21
48620,1,309,325,-16
48621,1,15,28,-13
48622,1,457,77,380
48623,1,145,15,130
48624,1,2391,2578,-187
48625,1,180,81,99
48626,1,945,206,739
48627,1,23,174,-151
48628,1,74,116,-42
48629,1,51,35,16
48630,1,192,45,147
48631,1,130,249,-119
48632,1,35,25,10
48633,1,210,125,85
48635,1,73,93,-20
48636,1,325,500,-175
48637,1,280,204,76
48638,1,1,6,-5
48640,1,172,140,32
48641,1,59,97,-38
48642,1,8,10,-2
48643,1,48,7,41
48644,1,26,66,-40
48645,1,2,2,0
48646,1,1,18,-17
48647,1,45,47,-2
48648,1,8,16,-8
48649,1,137,114,23
48651,1,9,4,5
48652,1,95,140,-45
48653,1,658,106,552
48654,1,174,7,167
48655,1,18,11,7
48656,1,141,144,-3
48657,1,466,153,313
48658,1,226,121,105
48659,1,2,7,-5
48660,1,8801,12772,-3971
48662,1,350,355,-5
48663,1,98,189,-91
48664,1,62,9,53
48665,1,92,333,-241
48666,1,181,60,121
48667,1,36,26,10
48668,1,313,61,252
48669,1,20,6,14
48670,1,297,88,209
48671,1,16,1,15
48672,1,367,278,89
48673,1,40,31,9
48674,1,19,3,16
48675,1,45,60,-15
48676,1,3,36,-33
48677,1,55,53,2
48678,1,1302,136,1166
48679,1,70,10,60
48681,1,134,153,-19
48683,1,1311,805,506
48684,1,63,38,25
48685,1,281,142,139
48686,1,48,75,-27
48687,1,132,88,44
48688,1,1,4,-3
48689,1,29,4,25
48690,1,609,174,435
48691,1,615,55,560
48694,1,118,342,-224
48695,1,3,8,-5
48696,1,223,327,-104
48697,1,81,97,-16
48699,1,37,19,18
48700,1,15,14,1
48701,1,3,13,-10
48702,1,19,2,17
48703,1,33,15,18
48704,1,2805,1058,1747
48705,1,42,7,35
48706,1,414,131,283
48707,1,3993,3691,302
48708,1,19,26,-7
48709,1,143,92,51
48710,1,416,64,352
48711,1,120,106,14
48712,1,127,131,-4
48713,1,16,23,-7
48714,1,12,8,4
48716,1,75,61,14
48717,1,227,268,-41
48718,1,408,787,-379
48719,1,111,31,80
48720,1,111,32,79
48722,1,42,9,33
48723,1,217,166,51
48724,1,1060,121,939
48725,1,308,137,171
48726,1,78,48,30
48727,1,9,29,-20
48728,1,862,647,215
48729,1,105,64,41
48730,1,41,6,35
48731,1,710,151,559
48732,1,16,14,2
48733,1,1606,398,1208
48734,1,19,40,-21
48735,1,45,1,44
48736,1,35,192,-157
48737,1,37,18,19
48738,1,79,34,45
48739,1,39,20,19
48740,1,217,110,107
48741,1,16,16,0
48742,1,64,47,17
48743,1,68,27,41
48744,1,44,34,10
48745,1,28,29,-1
48746,1,114,42,72
48747,1,439,70,369
48748,1,665,458,207
48749,1,1004,252,752
48750,1,41,24,17
48751,1,58,48,10
48752,1,30,15,15
48754,1,51,34,17
48755,1,30,0,30
48756,1,120,4,116
48757,1,113,125,-12
48758,1,64,7,57
48759,1,176,8,168
48760,1,1167,198,969
48761,1,285,227,58
48762,1,138,49,89
48763,1,225,244,-19
48764,1,19,7,12
48765,1,1024,598,426
48766,1,3,2,1
48767,1,3,11,-8
48768,1,131,54,77
48770,1,16,52,-36
48771,1,50,38,12
48772,1,83,10,73
48773,1,61,8,53
48775,1,257,131,126
48776,1,2,12,-10
48777,1,2304,1307,997
48778,1,487,453,34
48779,1,77,33,44
48780,1,3,1,2
48782,1,230,263,-33
48783,1,140,37,103
48784,1,3,17,-14
48785,1,12,62,-50
48786,1,9,1,8
48787,1,57,157,-100
48788,1,229,257,-28
48789,1,26,28,-2
48790,1,88,55,33
48791,1,6159,1163,4996
48792,1,135,84,51
48793,1,396,102,294
48794,1,3,1,2
48795,1,351,151,200
48796,1,129,25,104
48798,1,28,7,21
48799,1,9,8,1
48801,1,4635,425,4210
48802,1,535,491,44
48803,1,169,154,15
48804,1,571,1,570
48805,1,24,17,7
48806,1,204,99,105
48807,1,95,96,-1
48808,1,129,27,102
48809,1,163,112,51
48810,1,138,22,116
48811,1,6,65,-59
48813,1,21,2,19
48814,1,25,13,12
48815,1,5,4,1
48816,1,34,95,-61
48817,1,128,294,-166
48818,1,269,657,-388
48819,1,312,14,298
48820,1,14,60,-46
48821,1,73,41,32
48822,1,516,84,432
48823,1,139,128,11
48824,1,163,63,100
48825,1,75,32,43
48826,1,100,69,31
48827,1,56,44,12
48828,1,40,17,23
48829,1,17,52,-35
48830,1,69,37,32
48831,1,578,547,31
48832,1,152,271,-119
48833,1,46,31,15
48834,1,3069,1943,1126
48836,1,35,1,34
48837,1,822,245,577
48838,1,41,56,-15
48839,1,13,129,-116
48840,1,310,143,167
48841,1,14,35,-21
48842,1,11,11,0
48843,1,4,3,1
48844,1,30,3,27
48845,1,219,303,-84
48846,1,268,136,132
48848,1,1,1,0
48849,1,19,1,18
48851,1,15,24,-9
48852,1,43,66,-23
48854,1,6,4,2
48855,1,8,13,-5
48856,1,38,29,9
48857,1,29,0,29
48858,1,18,0,18
48861,1,57,21,36
48862,1,145,27,118
48863,1,234041,17853,216188
48864,1,96,80,16
48865,1,2,3,-1
48866,1,41,23,18
48867,1,381,145,236
48868,1,44,29,15
48869,1,500,229,271
48870,1,461,135,326
48871,1,100,102,-2
48872,1,485,285,200
48873,1,42,13,29
48874,1,2,2,0
48875,1,3,18,-15
48876,1,261,770,-509
48877,1,15,26,-11
48878,1,128,50,78
48879,1,59,73,-14
48880,1,21,75,-54
48881,1,60,36,24
48882,1,13,8,5
48883,1,25,50,-25
48884,1,206,127,79
48885,1,9,73,-64
48886,1,127,350,-223
48887,1,265,558,-293
48888,1,46,73,-27
48889,1,42,54,-12
48890,1,157,63,94
48891,1,369,90,279
48892,1,128,1,127
48893,1,9,58,-49
48894,1,40,38,2
48895,1,75,217,-142
48896,1,257,19,238
48897,1,169,234,-65
48898,1,22,14,8
48899,1,39,38,1
48900,1,43,16,27
48901,1,40,36,4
48902,1,51,77,-26
48903,1,539,318,221
48904,1,28,47,-19
48906,1,21659,15213,6446
48907,1,63,22,41
48908,1,167,38,129
48909,1,3,2,1
48910,1,14,7,7
48911,1,2,20,-18
48912,1,1379,4277,-2898
48913,1,5,10,-5
48914,1,23,45,-22
48915,1,41,2,39
48916,1,414,222,192
48917,1,61,45,16
48918,1,14,4,10
48919,1,103,60,43
48920,1,28,20,8
48921,1,479,685,-206
48922,1,9,23,-14
48923,1,5,5,0
48924,1,199,109,90
48925,1,279,98,181
48926,1,1042,925,117
48927,1,330,85,245
48928,1,58,81,-23
48929,1,43,11,32
48930,1,358,339,19
48931,1,48,41,7
48932,1,1,5,-4
48933,1,29,80,-51
48934,1,23,28,-5
48935,1,659,539,120
48936,1,6,1,5
48937,1,259,274,-15
48938,1,108,40,68
48939,1,59,34,25
48940,1,17,105,-88
48941,1,339,218,121
48943,1,1375,775,600
48944,1,533,45,488
48945,1,8,7,1
48946,1,50,16,34
48947,1,26,40,-14
48948,1,8,10,-2
48949,1,49,33,16
48950,1,9,10,-1
48951,1,77,9,68
48952,1,46,10,36
48953,1,55,24,31
48954,1,66,210,-144
48955,1,179,1654,-1475
48956,1,693,55,638
48957,1,110,120,-10
48958,1,2,15,-13
48959,1,58,28,30
48960,1,101,39,62
48962,1,395,136,259
48963,1,72,104,-32
48964,1,508,868,-360
48965,1,85,228,-143
48966,1,98,41,57
48967,1,20,15,5
48968,1,43,4,39
48969,1,290,343,-53
48970,1,16,5,11
48971,1,250,87,163
48972,1,244,335,-91
48973,1,52,16,36
48974,1,62,38,24
48975,1,124,27,97
48976,1,135,114,21
48977,1,32,81,-49
48978,1,4474,1042,3432
48979,1,157,162,-5
48980,1,45,11,34
48982,1,213,50,163
48983,1,399,312,87
48984,1,158,233,-75
48985,1,4,34,-30
48986,1,70,13,57
48987,1,72,65,7
48988,1,210,255,-45
48989,1,109,39,70
48990,1,215,61,154
48991,1,51,15,36
48992,1,6868,1986,4882
48993,1,164,436,-272
48994,1,64,18,46
48995,1,50,33,17
48996,1,177,15,162
48997,1,7,2,5
48998,1,188,108,80
48999,1,119,98,21
49000,1,10,53,-43
49001,1,36,88,-52
49002,1,408,114,294
49003,1,22,10,12
49004,1,72,21,51
49005,1,47,53,-6
49006,1,41,145,-104
49007,1,11,2,9
49008,1,110,30,80
49010,1,21,12,9
49011,1,68,114,-46
49012,1,127,60,67
49013,1,5,2,3
49014,1,14,8,6
49015,1,3,34,-31
49016,1,63,2,61
49017,1,34,32,2
49018,1,30,16,14
49019,1,37,16,21
49020,1,1830,682,1148
49021,1,27,14,13
49022,1,5,7,-2
49023,1,51,36,15
49024,1,2120,1231,889
49026,1,15,414,-399
49027,1,12,294,-282
49028,1,123,16,107
49029,1,165,98,67
49030,1,4,475,-471
49031,1,108,119,-11
49032,1,20,25,-5
49033,1,172,170,2
49034,1,37,3,34
49035,1,617,163,454
49036,1,149,282,-133
49037,1,2,27,-25
49038,1,807,525,282
49039,1,10,30,-20
49040,1,12,4,8
49041,1,576,1071,-495
49042,1,31,5,26
49043,1,354,280,74
49044,1,199,583,-384
49045,1,181,277,-96
49047,1,72,4,68
49048,1,162,118,44
49049,1,26,22,4
49050,1,15,20,-5
49051,1,139,23,116
49052,1,94,222,-128
49053,1,7,71,-64
49054,1,369,90,279
49055,1,27,49,-22
49056,1,428,23,405
49057,1,581,195,386
49058,1,134,121,13
49059,1,103,44,59
49061,1,190,106,84
49062,1,18,80,-62
49063,1,3,14,-11
49064,1,271,73,198
49065,1,16,7,9
49066,1,143,105,38
49068,1,2,7,-5
49069,1,17,6,11
49070,1,60,52,8
49071,1,47,19,28
49072,1,961,274,687
49073,1,33,9,24
49074,1,4,118,-114
49075,1,69,195,-126
49076,1,174,388,-214
49077,1,724,831,-107
49079,1,34,31,3
49080,1,16,6,10
49081,1,16,49,-33
49082,1,25,86,-61
49083,1,24,31,-7
49084,1,11639,5833,5806
49086,1,11,1131,-1120
49087,1,51,54,-3
49088,1,56,162,-106
49089,1,7,21,-14
49090,1,183,135,48
49091,1,5530,1102,4428
49092,1,3,2,1
49093,1,43,36,7
49094,1,7,20,-13
49095,1,75,41,34
49096,1,58,49,9
49097,1,56,2679,-2623
49098,1,246,152,94
49099,1,253,136,117
49100,1,874,2445,-1571
49102,1,164,123,41
49103,1,25,22,3
49104,1,62,60,2
49105,1,16,13,3
49106,1,281,106,175
49107,1,2,4,-2
49109,1,108,42,66
49110,1,9,15,-6
49111,1,65,40,25
49112,1,43,23,20
49113,1,44,99,-55
49114,1,68,25,43
49115,1,34,6,28
49116,1,33,11,22
49117,1,434,110,324
49118,1,7164,5461,1703
49119,1,64,19,45
49120,1,316,7,309
49121,1,5296,271,5025
49123,1,333,188,145
49124,1,15,3,12
49125,1,435,227,208
49126,1,15,16,-1
49127,1,176,535,-359
49128,1,222,87,135
49129,1,121,47,74
49130,1,209,543,-334
49131,1,3,9,-6
49132,1,37,15,22
49133,1,44,27,17
49134,1,31,15,16
49135,1,68,86,-18
49136,1,83,41,42
49137,1,131,293,-162
49138,1,146,56,90
49139,1,357,52,305
49140,1,42,129,-87
49141,1,25,49,-24
49142,1,2,6,-4
49143,1,1079,126,953
49144,1,3042,2286,756
49146,1,314,112,202
49147,1,87,110,-23
49148,1,280,21,259
49149,1,150,199,-49
49150,1,72,268,-196
49152,1,906,468,438
49153,1,648,616,32
49155,1,307,24,283
49156,1,31,10,21
49157,1,27,1,26
49158,1,20,19,1
49159,1,70,16,54
49160,1,2661,3416,-755
49161,1,53,64,-11
49162,1,1395,840,555
49164,1,103,5,98
49165,1,2836,893,1943
49166,1,3612,1336,2276
49167,1,48,55,-7
49168,1,8,17,-9
49169,1,61,45,16
49170,1,975,474,501
49171,1,78,213,-135
49172,1,17,30,-13
49173,1,71,89,-18
49174,1,1968,2295,-327
49175,1,7,11,-4
49176,1,515,306,209
49177,1,19,44,-25
49178,1,780,203,577
49179,1,70,13,57
49180,1,9,4,5
49181,1,1069,562,507
49182,1,4302,1695,2607
49183,1,90,51,39
49184,1,6466,1655,4811
49185,1,7158,2988,4170
49186,1,11,37,-26
49187,1,37,25,12
49188,1,126,77,49
49189,1,966,723,243
49190,1,462,41,421
49191,1,306,108,198
49192,1,15,77,-62
49193,1,62,779,-717
49194,1,35,19,16
49195,1,81,16,65
49196,1,26,42,-16
49197,1,142,118,24
49198,1,1150,251,899
49199,1,651,256,395
49200,1,72,27,45
49201,1,7,58,-51
49202,1,34,11,23
49203,1,597,382,215
49204,1,20,7,13
49205,1,118,219,-101
49206,1,124,14,110
49208,1,80,11,69
49209,1,41,78,-37
49210,1,87,178,-91
49211,1,1,2,-1
49212,1,177,80,97
49214,1,60,61,-1
49215,1,122,344,-222
49216,1,3,13,-10
49218,1,30,26,4
49219,1,94,109,-15
49220,1,4285,182,4103
49221,1,213,233,-20
49222,1,22,63,-41
49223,1,40,79,-39
49224,1,255,120,135
49225,1,20,111,-91
49226,1,221,101,120
49227,1,18,11,7
49228,1,342,19,323
49229,1,255,130,125
49230,1,86,71,15
49231,1,146,85,61
49232,1,72,30,42
49233,1,845,636,209
49235,1,9,28,-19
49236,1,74,28,46
49237,1,12,1,11
49238,1,48,28,20
49240,1,8,17,-9
49241,1,1218,413,805
49242,1,128,16,112
49243,1,133,87,46
49244,1,61,69,-8
49245,1,75,111,-36
49246,1,9,24,-15
49247,1,2656,1765,891
49249,1,678,365,313
49250,1,16,16,0
49251,1,276,112,164
49252,1,177,1,176
49253,1,5074,2340,2734
49255,1,5,0,5
49256,1,63,7,56
49257,1,31,16,15
49258,1,28,61,-33
49259,1,3,52,-49
49260,1,238,312,-74
49261,1,6,14,-8
49262,1,62,1046,-984
49263,1,37,57,-20
49264,1,67,375,-308
49265,1,229,52,177
49266,1,24,19,5
49267,1,60,12,48
49268,1,69,46,23
49269,1,193,225,-32
49270,1,1947,27,1920
49271,1,41,45,-4
49272,1,5,14,-9
49273,1,129,224,-95
49274,1,21,7,14
49275,1,12,81,-69
49276,1,1,16,-15
49277,1,4,4,0
49278,1,100,32,68
49279,1,104,22,82
49280,1,15,1,14
49282,1,1,1,0
49283,1,461,7,454
49285,1,59,15,44
49286,1,89,65,24
49287,1,199,59,140
49288,1,74,19,55
49289,1,12,12,0
49290,1,183,97,86
49291,1,56,45,11
49292,1,166,78,88
49293,1,12,36,-24
49294,1,6,18,-12
49295,1,5,7,-2
49296,1,34,16,18
49297,1,29,248,-219
49298,1,15,57,-42
49299,1,166,76,90
49300,1,12,23,-11
49302,1,25,28,-3
49303,1,13,1,12
49304,1,1191,171,1020
49305,1,12,4,8
49306,1,97,29,68
49307,1,10,65,-55
49308,1,79,121,-42
49309,1,13,14,-1
49311,1,11,28,-17
49312,1,920,1434,-514
49313,1,68,15,53
49314,1,395,41,354
49315,1,14,19,-5
49317,1,45,14,31
49318,1,251,128,123
49319,1,47,43,4
49320,1,96,190,-94
49321,1,112,125,-13
49322,1,343,168,175
49323,1,43,30,13
49324,1,59,20,39
49325,1,4982,3488,1494
49328,1,60,9,51
49329,1,171,15,156
49330,1,325,410,-85
49331,1,61,69,-8
49332,1,1904,388,1516
49334,1,27,2,25
49335,1,1328,622,706
49336,1,3,19,-16
49337,1,18,50,-32
49338,1,14,30,-16
49339,1,68,20,48
49340,1,256,45,211
49341,1,6,40,-34
49342,1,24,15,9
49344,1,58,29,29
49345,1,24,72,-48
49346,1,4,14,-10
49347,1,81,178,-97
49348,1,89,11,78
49349,1,4,14,-10
49350,1,88,299,-211
49351,1,219,83,136
49352,1,21,9,12
49353,1,6,36,-30
49354,1,3,21,-18
49355,1,483,159,324
49357,1,17,38,-21
49358,1,246,89,157
49359,1,80,161,-81
49360,1,1664,2504,-840
49361,1,107,191,-84
49362,1,78,31,47
49363,1,133,127,6
49364,1,3,3,0
49365,1,615,754,-139
49366,1,2,5,-3
49367,1,679,878,-199
49368,1,63,21,42
49369,1,13,106,-93
49370,1,39,15,24
49371,1,11,7,4
49372,1,6,41,-35
49373,1,7,0,7
49374,1,795,197,598
49375,1,428,642,-214
49376,1,24,26,-2
49377,1,22,37,-15
49378,1,17,30,-13
49379,1,492,61,431
49380,1,64,59,5
49381,1,2661,1077,1584
49382,1,2448,1912,536
49384,1,109,103,6
49385,1,294,109,185
49386,1,7,4,3
49387,1,19,18,1
49388,1,6054,2024,4030
49389,1,26,40,-14
49390,1,6,16,-10
49391,1,13,29,-16
49392,1,52,33,19
49393,1,12,16,-4
49394,1,212,94,118
49395,1,45,42,3
49396,1,12,8,4
49397,1,5,4,1
49398,1,45,26,19
49399,1,904,120,784
49400,1,186,178,8
49401,1,86,94,-8
49402,1,167,33,134
49403,1,152,51,101
49404,1,55,8,47
49405,1,4372,6267,-1895
49406,1,329,102,227
49407,1,850,336,514
49408,1,351,160,191
49409,1,174,211,-37
49410,1,74,147,-73
49411,1,104,25,79
49412,1,8425,3084,5341
49413,1,218,195,23
49414,1,1,8,-7
49415,1,7,3,4
49416,1,291,23,268
49417,1,23,30,-7
49418,1,219,40,179
49419,1,21,18,3
49420,1,12,17,-5
49421,1,61,357,-296
49422,1,63,723,-660
49423,1,133,575,-442
49424,1,6765,845,5920
49426,1,39,9,30
49427,1,60,32,28
49428,1,60,69,-9
49429,1,619,692,-73
49430,1,213,193,20
49431,1,2,33,-31
49432,1,210,367,-157
49433,1,43,63,-20
49434,1,10,24,-14
49435,1,20,9,11
49437,1,2949,26,2923
49439,1,36,45,-9
49440,1,15,22,-7
49441,1,34,2282,-2248
49442,1,28,10,18
49443,1,7,9,-2
49444,1,14,14,0
49445,1,320,211,109
49446,1,14,40,-26
49448,1,57,67,-10
49449,1,115,7,108
49450,1,643,50,593
49451,1,122,33,89
49452,1,140,133,7
49453,1,606,76,530
49454,1,419,59,360
49455,1,94,32,62
49456,1,20,32,-12
49457,1,246,216,30
49459,1,102,24,78
49460,1,26,44,-18
49461,1,37,41,-4
49463,1,45,53,-8
49464,1,610,236,374
49465,1,92,31,61
49466,1,12,3,9
49467,1,60,18,42
49468,1,18,4,14
49469,1,13,23,-10
49470,1,25,30,-5
49471,1,552,395,157
49472,1,11,8,3
49473,1,11,4,7
49474,1,15,24,-9
49475,1,121,78,43
49476,1,50,25,25
49477,1,12,31,-19
49478,1,2,10,-8
49479,1,8,2,6
49480,1,4425,2602,1823
49481,1,31,70,-39
49483,1,3,12,-9
49484,1,232,4,228
49485,1,9,31,-22
49486,1,29,49,-20
49487,1,279,87,192
49488,1,130,74,56
49489,1,285,137,148
49490,1,39,10,29
49491,1,35,38,-3
49492,1,43,46,-3
49494,1,32,15,17
49495,1,159,95,64
49496,1,84,18,66
49497,1,133,34,99
49498,1,350,104,246
49499,1,3,30,-27
49500,1,212,78,134
49501,1,58,45,13
49502,1,144,102,42
49503,1,646736,439073,207663
49504,1,11,5,6
49505,1,61,91,-30
49506,1,81,118,-37
49507,1,47,27,20
49508,1,44,35,9
49509,1,24,43,-19
49510,1,186,175,11
49511,1,36,10,26
49512,1,4,3,1
49513,1,18,33,-15
49514,1,11,4,7
49515,1,61,9,52
49516,1,23,29,-6
49517,1,104,69,35
49518,1,10,97,-87
49519,1,46,3,43
49520,1,437,200,237
49521,1,258,86,172
49523,1,16,10,6
49524,1,344,446,-102
49525,1,200,66,134
49526,1,24,23,1
49527,1,165,24,141
49528,1,267,110,157
49529,1,13,14,-1
49530,1,130,100,30
49531,1,102,129,-27
49532,1,42,164,-122
49533,1,165,84,81
49534,1,1064,940,124
49535,1,35,36,-1
49536,1,20,6,14
49537,1,61,83,-22
49539,1,127,39,88
49541,1,59,39,20
49542,1,356,391,-35
49543,1,189,45,144
49544,1,291,278,13
49545,1,176,368,-192
49547,1,6,20,-14
49548,1,13,59,-46
49549,1,388,5,383
49550,1,23,13,10
49552,1,170,92,78
49553,1,88,54,34
49554,1,15,19,-4
49555,1,210,108,102
49556,1,73,48,25
49557,1,10,2,8
49558,1,192,85,107
49559,1,399,203,196
49560,1,68,34,34
49561,1,3943,3159,784
49562,1,53,25,28
49563,1,245,211,34
49564,1,775,291,484
49565,1,39,49,-10
49567,1,384,198,186
49568,1,73,120,-47
49569,1,32,7,25
49570,1,88,167,-79
49571,1,195,16,179
49572,1,75,149,-74
49573,1,47,22,25
49574,1,32,13,19
49575,1,3,4,-1
49576,1,80,260,-180
49577,1,201,76,125
49578,1,90,22,68
49579,1,50,115,-65
49580,1,141,120,21
49581,1,15,22,-7
49582,1,8,19,-11
49583,1,4,9,-5
49584,1,12,3,9
49585,1,330,221,109
49586,1,143,97,46
49587,1,342,147,195
49588,1,26,43,-17
49589,1,205,169,36
49590,1,72,8,64
49591,1,175,55,120
49593,1,5,44,-39
49594,1,164,99,65
49595,1,1523,408,1115
49596,1,109,116,-7
49597,1,119,329,-210
49598,1,61,13,48
49600,1,58,13,45
49601,1,14,54,-40
49602,1,40,59,-19
49603,1,26,9,17
49604,1,240,78,162
49605,1,42,47,-5
49606,1,67,16,51
49607,1,2064,1195,869
49608,1,3,198,-195
49609,1,19,7,12
49610,1,148,102,46
49611,1,191,54,137
49612,1,2147,233,1914
49614,1,86,72,14
49615,1,127,8,119
49616,1,204,67,137
49617,1,239,134,105
49618,1,95,92,3
49619,1,27,31,-4
49620,1,29,11,18
49621,1,1543,307,1236
49623,1,19,30,-11
49624,1,16236,14181,2055
49625,1,131,93,38
49626,1,18,39,-21
49627,1,13,10,3
49628,1,86,105,-19
49630,1,38,27,11
49631,1,1016,228,788
49632,1,9,21,-12
49633,1,70,8,62
49634,1,5,37,-32
49635,1,219,45,174
49636,1,9,49,-40
49637,1,10,26,-16
49638,1,271,189,82
49639,1,650,316,334
49640,1,48,23,25
49641,1,11,6,5
49642,1,203,37,166
49643,1,29,43,-14
49644,1,131,89,42
49645,1,25,27,-2
49646,1,12,19,-7
49647,1,11,13,-2
49648,1,84,392,-308
49649,1,358,162,196
49650,1,29,22,7
49651,1,33,59,-26
49652,1,2389,266,2123
49653,1,378,86,292
49654,1,66,28,38
49655,1,1,1,0
49657,1,368,160,208
49658,1,86,50,36
49659,1,112,23,89
49660,1,2616,479,2137
49661,1,120,169,-49
49662,1,6503,5640,863
49663,1,12,7,5
49664,1,7,7,0
49665,1,7,16,-9
49666,1,103,150,-47
49667,1,12,7,5
49668,1,21,13,8
49669,1,4050,747,3303
49670,1,38,87,-49
49671,1,144,23,121
49672,1,75,87,-12
49674,1,29,8,21
49675,1,101,207,-106
49676,1,336,142,194
49678,1,224,110,114
49679,1,434,203,231
49681,1,18,8,10
49682,1,13,4,9
49683,1,71,32,39
49684,1,18,12,6
49685,1,504,601,-97
49686,1,22,11,11
49688,1,649,186,463
49689,1,1009,142,867
49690,1,95,20,75
49691,1,116,175,-59
49692,1,115,36,79
49693,1,7257,4294,2963
49694,1,644,323,321
49695,1,120,92,28
49696,1,846,694,152
49697,1,1914,746,1168
49698,1,49,32,17
49699,1,274,150,124
49700,1,217,156,61
49701,1,166,101,65
49702,1,21,8,13
49703,1,7,0,7
49704,1,3,8,-5
49705,1,224,178,46
49706,1,128,46,82
49707,1,49,47,2
49708,1,58,69,-11
49710,1,744,116,628
49711,1,17,5,12
49713,1,5251,4103,1148
49714,1,131,166,-35
49715,1,1029,956,73
49716,1,445,186,259
49717,1,656,1133,-477
49718,1,40,9,31
49719,1,241,169,72
49720,1,578,415,163
49721,1,14,38,-24
49722,1,65,49,16
49723,1,1781,96,1685
49724,1,15,32,-17
49725,1,148,66,82
49726,1,3,12,-9
49727,1,10,7,3
49728,1,3,1,2
49729,1,30,17,13
49732,1,474,494,-20
49733,1,9,13,-4
49734,1,237,161,76
49735,1,2156,572,1584
49736,1,73,105,-32
49738,1,108,38,70
49739,1,551,248,303
49740,1,768,87,681
49741,1,112,10,102
49742,1,5473,11181,-5708
49743,1,224,101,123
49744,1,1154,952,202
49745,1,827,347,480
49746,1,105,41,64
49747,1,4,6,-2
49748,1,225,507,-282
49750,1,249,367,-118
49751,1,126,9,117
49752,1,1728,3111,-1383
49753,1,125,53,72
49754,1,41,24,17
49756,1,11,37,-26
49757,1,125,236,-111
49758,1,132,17,115
49759,1,373,186,187
49760,1,9,15,-6
49761,1,13,17,-4
49762,1,369,155,214
49763,1,33,38,-5
49764,1,151,325,-174
49765,1,79,29,50
49766,1,79,36,43
49767,1,165,50,115
49768,1,128,27,101
49769,1,71,2,69
49771,1,657,171,486
49773,1,116,219,-103
49774,1,122,691,-569
49775,1,49,60,-11
49776,1,40,48,-8
49777,1,117,40,77
49778,1,261,571,-310
49779,1,120,349,-229
49780,1,2,11,-9
49781,1,245,342,-97
49782,1,539,141,398
49783,1,12,64,-52
49784,1,735,598,137
49785,1,972,362,610
49786,1,23,8,15
49787,1,13,5,8
49788,1,148,117,31
49789,1,199,84,115
49791,1,42,14,28
49792,1,45,60,-15
49793,1,539,733,-194
49794,1,3,7,-4
49795,1,14,18,-4
49797,1,56,13,43
49798,1,31,108,-77
49799,1,346,508,-162
49800,1,7422,2475,4947
49801,1,1056,126,930
49802,1,32,28,4
49803,1,1268,152,1116
49804,1,38,24,14
49805,1,11,103,-92
49806,1,580,452,128
49807,1,51,5,46
49808,1,41,114,-73
49809,1,1348,678,670
49810,1,6,0,6
49811,1,352,114,238
49812,1,189,192,-3
49813,1,80,81,-1
49814,1,4,22,-18
49815,1,424,7,417
49816,1,7,34,-27
49817,1,140,147,-7
49818,1,7,17,-10
49819,1,11,21,-10
49820,1,18,5,13
49821,1,10,3,7
49822,1,84,15,69
49823,1,26,25,1
49824,1,58,149,-91
49825,1,358,164,194
49826,1,4,312,-308
49827,1,213,134,79
49828,1,1369,28,1341
49829,1,116019,9185,106834
49831,1,5,17,-12
49832,1,31,25,6
49833,1,845,1425,-580
49834,1,35,35,0
49835,1,179,70,109
49836,1,23,30,-7
49837,1,22,10,12
49838,1,137,5,132
49839,1,60,63,-3
49840,1,6,2,4
49841,1,30,73,-43
49842,1,154,114,40
49843,1,75,158,-83
49844,1,62,32,30
49846,1,164,107,57
49847,1,125,67,58
49848,1,192,136,56
49850,1,20,2,18
49851,1,59,18,41
49853,1,10,4,6
49854,1,414,569,-155
49855,1,28,24,4
49856,1,582,156,426
49857,1,31,60,-29
49858,1,21,23,-2
49861,1,178,21,157
49862,1,126,68,58
49863,1,36,57,-21
49864,1,122,186,-64
49865,1,9,15,-6
49868,1,2082,2446,-364
49869,1,24,26,-2
49870,1,35,51,-16
49871,1,180,30,150
49872,1,10539,2048,8491
49873,1,24,67,-43
49874,1,7,6,1
49875,1,378,56,322
49876,1,50,126,-76
49877,1,3977,3982,-5
49878,1,32,46,-14
49879,1,195,439,-244
49880,1,28,21,7
49881,1,108,92,16
49882,1,1602,1381,221
49883,1,6,1,5
49884,1,175,16,159
49885,1,824,470,354
49886,1,16,5,11
49887,1,14440,3516,10924
49888,1,590,162,428
49889,1,286,326,-40
49890,1,2,7,-5
49891,1,170,54,116
49892,1,22,21,1
49893,1,331,347,-16
49894,1,19,34,-15
49895,1,2007,692,1315
49896,1,134,166,-32
49897,1,97,193,-96
49898,1,12082,3983,8099
49899,1,199,209,-10
49900,1,1,9,-8
49901,1,415,101,314
49902,1,220,197,23
49903,1,59,30,29
49904,1,158,117,41
49906,1,8,21,-13
49907,1,11,2,9
49908,1,123,71,52
49909,1,359,90,269
49910,1,39,19,20
49911,1,78,27,51
49912,1,81,28,53
49914,1,56,34,22
49915,1,337,180,157
49916,1,283,116,167
49917,1,215,11,204
49918,1,40,5,35
49919,1,182,51,131
49920,1,292,47,245
49921,1,231,233,-2
49922,1,16,25,-9
49923,1,80,225,-145
49924,1,6,10,-4
49925,1,109,33,76
49926,1,484,515,-31
49927,1,51,34,17
49928,1,3,27,-24
49929,1,68,14,54
49930,1,129,200,-71
49931,1,795,192,603
49932,1,23,52,-29
49933,1,72,27,45
49934,1,11,9,2
49935,1,5,14,-9
49937,1,10,85,-75
49938,1,72,26,46
49939,1,8,39,-31
49940,1,38,29,9
49941,1,296,143,153
49942,1,12,52,-40
49943,1,373,204,169
49944,1,45,30,15
49945,1,463,787,-324
49946,1,39,56,-17
49947,1,95,214,-119
49948,1,67,271,-204
49949,1,156,49,107
49950,1,3,13,-10
49951,1,18,4,14
49952,1,150,11,139
49953,1,362,155,207
49955,1,387,120,267
49956,1,1,78,-77
49957,1,6,10,-4
49958,1,61,131,-70
49959,1,2,3,-1
49960,1,330,178,152
49961,1,47,14,33
49962,1,2031,91,1940
49963,1,20,10,10
49964,1,5,1,4
49965,1,4,9,-5
49968,1,6,14,-8
49969,1,128,70,58
49971,1,11,22,-11
49972,1,22,20,2
49973,1,257,199,58
49974,1,80,17,63
49975,1,139,140,-1
49976,1,7,7,0
49977,1,95,142,-47
49978,1,81,57,24
49979,1,618,4972,-4354
49980,1,44,18,26
49981,1,205,151,54
49982,1,3370,2774,596
49983,1,235,182,53
49984,1,841,968,-127
49985,1,531,219,312
49986,1,130,141,-11
49987,1,28,61,-33
49988,1,45,4,41
49989,1,27,42,-15
49990,1,220,94,126
49991,1,21,2,19
49992,1,96,328,-232
49993,1,129,197,-68
49994,1,79,15,64
49995,1,95,34,61
49996,1,156,243,-87
49997,1,379,83,296
49998,1,597,124,473
49999,1,39,77,-38